0000000000000000000000000000000000000000000000000000000000000000
0000000000000000000000000000000000000000000000000000000000000000
0000000000000000000000000000000000000000010000000000000000000000
0000000000000000000000000000000000000001111111110000000000000000
0000000000000000000000000000000000000011111111111110000000000000
0000000000000000000100000000000000001111111111111111000000000000
0000000000000000000001110000000000001111111111111111000000000000
0000000000000000000000011111000000000011111111111110000000000000
0000000000000000000000011111111000000011111111111110000000000000
0000000000000000000000011111111111000011111111111110000000000000
0000000000000000000000111000111111111111111111111110000000000000
0000000000000000000000000000000011111111111111111110000000000000
0000000000000000000000000000000000011111111111111110000000000000
0000000000000000000000000000000000011111111111111110000000000000
0000000000000000000000000000000000111111111111111110000000000000
0000000000000000000000000000000001111111111111111110000000000000
0000000000000000000000000000000001111111111111111111000000000000
0000000000000000000000000000000001111111111111111111000000000000
0000000000000000000000000000000001111111111111111111000000000000
0000000000000000000000000000000011111111111111111111100000000000
0000000000000000000000000000000001111111111111111111100000000000
0000000000000000000000000000000001111111111111111111000000000000
0000000000000000000000000000000001111111111111111111000000000000
0000000000000000000000000000000001111111111111111111000000000000
