0000000000000000000000000000000000000000000000000000000000000000
0000000000000000000000000000000000000000000000000000000000000000
0000000000000000000000000000000000000000000000110000000000000000
0000000000000000000000000110000000000000000111111110000000000000
0000000000000000000000000011100000000011011111111111100000000000
0000000000000000000000000011100000000011111111111111111000000000
0000000000000000000000000001110000000001111111111111111000000000
0000000000000000000000000001111110000000111111111111111000000000
0000000000000000000000000001111111000001111111111111110000000000
0000000000000000000000000011011111111001111111111111110000000000
0000000000000000000000000000000011111111111111111111100000000000
0000000000000000000000000000000000011111111111111111100000000000
0000000000000000000000000000000000001111111111111111100000000000
0000000000000000000000000000000000011111111111111111100000000000
0000000000000000000000000000000000111111111111111111100000000000
0000000000000000000000000000000011111111111111111111100000000000
0000000000000000000000000000000001111111111111111111110000000000
0000000000000000000000000000000001111111111111111111110000000000
0000000000000000000000000000000001111111111111111111111000000000
0000000000000000000000000000000001111111111111111111111100000000
0000000000000000000000000000000001111111111110111111111100000000
0000000000000000000000000000000001111111111110011111111110000000
0000000000000000000000000000000001111111111111011111111110000000
0000000000000000000000000000000001111111111111111111111110000000
