0000000000000000000000000000000000000000000000000000000000000000
0000000000000000000000000000000000000000000000000000000000000000
0000000000000000000000000000000000000000000000001000000000000000
0000000000000000000000000000000000000000000001111111000000000000
0000000000000000000000000000000000000000001111111111110000000000
0000000000000000000000000011000000000011111111111111111000000000
0000000000000000000000000111100000000000111111111111111100000000
0000000000000000000000000011100000000000011111111111111100000000
0000000000000000000000000011100000000000111111111111111100000000
0000000000000000000000000001111000000000111111111111111000000000
0000000000000000000000000001111110000000111111111111111000000000
0000000000000000000000000011111111100011111111111111111000000000
0000000000000000000000000000011111111111111111111111110000000000
0000000000000000000000000000000011111111111111111111110000000000
0000000000000000000000000000000000111111111111111111110000000000
0000000000000000000000000000000001111111111111111111110000000000
0000000000000000000000000000000011111111111111111111111000000000
0000000000000000000000000000000001111111111111111111111000000000
0000000000000000000000000000000001111111111111111111111100000000
0000000000000000000000000000000011111111111111111111111100000000
0000000000000000000000000000000011111111111111111111111110000000
0000000000000000000000000000000000111111111111011111111110000000
0000000000000000000000000000000001111111111111011111111111000000
0000000000000000000000000000000000111111111111111111111111000000
