0000000000000000000000000000000000000000000000000000000000000000
0000000000000000000000000000000000000000000000000000000000000000
0000000000000000000000000000000000000000000000001000000000000000
0000000000000000000000000000000000000000000011111111000000000000
0000000000000000000000000000000000000000001111111111111000000000
0000000000000000000000000000000000000111111111111111111100000000
0000000000000000000000000000100000000011111111111111111100000000
0000000000000000000000000011110000000000111111111111111100000000
0000000000000000000000000011110000000000111111111111111100000000
0000000000000000000000000011100000000000111111111111111100000000
0000000000000000000000000001110000000000011111111111111100000000
0000000000000000000000000000111110000000111111111111111100000000
0000000000000000000000000001111111000111111111111111111100000000
0000000000000000000000000010111111111111111111111111111100000000
0000000000000000000000000000001111111111111111111111111100000000
0000000000000000000000000000000001111111111111111111111100000000
0000000000000000000000000000000001111111111111111111111100000000
0000000000000000000000000000000001111111111111111111111110000000
0000000000000000000000000000000001111111111111111111111110000000
0000000000000000000000000000000001111111111111111111111111000000
0000000000000000000000000000001011111111111111111111111111000000
0000000000000000000000000000000011111111111111111111111111100000
0000000000000000000000000000000001111111111111111111111111100000
0000000000000000000000000000000001111111111111111111111111100000
