0000000000000000000000000000000000000000000000000000000000000000
0000000000000000000000000000000000000000000000001000000000000000
0000000000000000000000000000000000000000000000011100000000000000
0000000000000000000000000000000000000000001111111111100000000000
0000000000000000000000000000000000000000011111111111111000000000
0000000000000000000000000000000000001111111111111111111100000000
0000000000000000000000000000000000001111111111111111111110000000
0000000000000000000000000000000000000001111111111111111100000000
0000000000000000000000000001111000000001111111111111111110000000
0000000000000000000000000001111000000000111111111111111110000000
0000000000000000000000000001110000000000011111111111111110000000
0000000000000000000000000001110000000000011111111111111110000000
0000000000000000000000000000111110000011111111111111111110000000
0000000000000000000000000000111111001111111111111111111110000000
0000000000000000000000000001111111111111111111111111111111000000
0000000000000000000000000000011111111111111111111111111111000000
0000000000000000000000000000000001111111111111111111111111000000
0000000000000000000000000000000001111111111111111111111111000000
0000000000000000000000000000000001111111111111111111111111100000
0000000000000000000000000000000001111111111111111111111111100000
0000000000000000000000000000000011111111111111111111111111110000
0000000000000000000000000000000011111111111111111111111111110000
0000000000000000000000000000000011111111111111111111111111111000
0000000000000000000000000000000000111111111111111111111111111000
