0000000000000000000000000000000000000000000000000011110000000000
0000000000000000000000000000000000000000000111111111111110000000
0000000000000000000000000000000000000000011111111111111111110000
0000000000000000000000000000000000000000111111111111111111111000
0000000000000000000000000000000000000000111111111111111111111100
0000000000000000000000000000000000111111111111111111111111111100
0000000000000000000000000000000000011111111111111111111111111100
0000000000000000000000000000000000000111111111111111111111111100
0000000000000000000000000000000000000001111111111111111111111110
0000000000000000000000000000000000000000111111111111111111111110
0000000000000000000000000000000000000000111111111111111111111111
0000000000000000000000000000000000000000111111111111111111111111
0000000000000000000000000000000000000000111001111111111111111111
0000000000000000000000000000011110000000011111111111111111111111
0000000000000000000000000000011111000000011111111111111111111111
0000000000000000000000000000011110000000111111111111111111111111
0000000000000000000000000000111110000000111111111111111111111111
0000000000000000000000000000011111111011111111111111111111111111
0000000000000000000000000000001111111111111111111111111111111111
0000000000000000000000000000001111111111111111111111111111111111
0000000000000000000000000000001111111111111111111111111111111111
0000000000000000000000000000011111111111111111111111111111111111
0000000000000000000000000000010001111111111111111111111111111111
0000000000000000000000000000000000111111111111111111111111111111
