0000000000000000000000000000000000000000000000011111111111000000
0000000000000000000000000000000000000000000111111111111111111000
0000000000000000000000000000000000000000011111111111111111111110
0000000000000000000000000000000000000000011111111111111111111111
0000000000000000000000000000000000001111111111111111111111111111
0000000000000000000000000000000000011111111111111111111111111111
0000000000000000000000000000000000001111111111111111111111111111
0000000000000000000000000000000000000011111111111111111111111111
0000000000000000000000000000000000000001111111111111111111111111
0000000000000000000000000000000000000000111111111111111111111111
0000000000000000000000000000000000000000111111111111111111111111
0000000000000000000000000000000000000000111111111111111111111111
0000000000000000000000000000000000000000111001111111111111111111
0000000000000000000000000000000000100000111000111111111111111111
0000000000000000000000000000111111000000111111111111111111111111
0000000000000000000000000000111110000000011111111111111111111111
0000000000000000000000000000111100000000011111111111111111111111
0000000000000000000000000000111111000000111111111111111111111111
0000000000000000000000000000011111111001111111111111111111111111
0000000000000000000000000000001111111111111111111111111111111111
0000000000000000000000000000001111111111111111111111111111111111
0000000000000000000000000000001111111111111111111111111111111111
0000000000000000000000000000011111111111111111111111111111111111
0000000000000000000000000000011001111111111111111111111111111111
