0000000000000000000000000000000000000000000000111111111111111000
0000000000000000000000000000000000000000000111111111111111111111
0000000000000000000000000000000000000000001111111111111111111111
0000000000000000000000000000000000000000011111111111111111111111
0000000000000000000000000000000000001111111111111111111111111111
0000000000000000000000000000000000011111111111111111111111111111
0000000000000000000000000000000000001111111111111111111111111111
0000000000000000000000000000000000000111111111111111111111111111
0000000000000000000000000000000000000000111111111111111111111111
0000000000000000000000000000000000000000111111111111111111111111
0000000000000000000000000000000000000000111111111111111111111111
0000000000000000000000000000000000000000111111111111111111111111
0000000000000000000000000000000000100000111001111111111111111111
0000000000000000000000000000000001000000111000001111111111111111
0000000000000000000000000011111110000000111100001111111111111111
0000000000000000000000000011111100000000111111111111111111111111
0000000000000000000000000011111000000000111111111111111111111111
0000000000000000000000000011111000000000111111111111111111111111
0000000000000000000000000001111111000000111111111111111111111111
0000000000000000000000000000111111111101111111111111111111111111
0000000000000000000000000000001111111111111111111111111111111111
0000000000000000000000000000001111111111111111111111111111111111
0000000000000000000000000000011111111111111111111111111111111111
0000000000000000000000000000011111111111111111111111111111111111
