0000000000000000000000000000000000000000000000001111111111111110
0000000000000000000000000000000000000000000011111111111111111111
0000000000000000000000000000000000000000001111111111111111111111
0000000000000000000000000000000000000000011111111111111111111111
0000000000000000000000000000000000000000011111111111111111111111
0000000000000000000000000000000000000011111111111111111111111111
0000000000000000000000000000000000011111111111111111111111111111
0000000000000000000000000000000001111111111111111111111111111111
0000000000000000000000000000000000001111111111111111111111111111
0000000000000000000000000000000000000111111111111111111111111111
0000000000000000000000000000000000000000111111111111111111111111
0000000000000000000000010000000000000000111111111111111111111111
0000000000000000000000001000000000000000111111111111111111111111
0000000000000000000000001100000000000000111111111111111111111111
0000000000000000000011111110000000000000111100111111111111111111
0000000000000000000111111110000000000000111100000111111111111111
0000000000000000000001111110000000000000111101000111111111111111
0000000000000000000000111111000000000001111101111111111111111111
0000000000000000000000011111100000000001111111111111111111111111
0000000000000000000000001111111000000011111111111111111111111111
0000000000000000000000000011111111110111111111111111111111111111
0000000000000000000000000001111111111111111111111111111111111111
0000000000000000000000000001111111111111111111111111111111111111
0000000000000000000000000001111111111111111111111111111111111111
