0000000000000000000000000000000000000000000000000111111111110000
0000000000000000000000000000000000000000000011111111111111111110
0000000000000000000000000000000000000000011111111111111111111111
0000000000000000000000000000000000000000111111111111111111111111
0000000000000000000000000000000000000000111111111111111111111111
0000000000000000000000000000000000000001111111111111111111111111
0000000000000000000000000000000000000111111111111111111111111111
0000000000000000000000000000000001111111111111111111111111111111
0000000000000000000000000000000000111111111111111111111111111111
0000000000000000000000000000000000001111111111111111111111111111
0000000000000000000000100000000000000001111111111111111111111111
0000000000000000000000010000000000000000111111111111111111111111
0000000000000000000000001000000000000000111111111111111111111111
0000000000000000000001111100000000000000111111111111111111111111
0000000000000000000111111110000000000000111101111111111111111111
0000000000000000000011111110000000000000111100011111111111111111
0000000000000000000001111110000000000000111111111111111111111111
0000000000000000000000111111000000000001111111111111111111111111
0000000000000000000000011111110000000001111111111111111111111111
0000000000000000000000000111111110000011111111111111111111111111
0000000000000000000000000011111111111111111111111111111111111111
0000000000000000000000000001111111111111111111111111111111111111
0000000000000000000000000001111111111111111111111111111111111111
0000000000000000000000000011111111111111111111111111111111111111
