0000000000000000000000000000000000000000000001111111111111110000
0000000000000000000000000000000000000000011111111111111111111100
0000000000000000000000000000000000000000111111111111111111111111
0000000000000000000000000000000000000001111111111111111111111111
0000000000000000000000000000000000000001111111111111111111111111
0000000000000000000000000000000000000111111111111111111111111111
0000000000000000000000000000000000011111111111111111111111111111
0000000000000000000000000000000111111111111111111111111111111111
0000000000000000000000000000000000111111111111111111111111111111
0000000000000000000000000000000000001111111111111111111111111111
0000000000000000000000000000001000000011111111111111111111111111
0000000000000000000000000000001000000001111111111111111111111111
0000000000000000000000000000010000000001111111111111111111111111
0000000000000000000000111111110000000001111111111111111111111111
0000000000000000000000011111110000000001111001111111111111111111
0000000000000000000000011111100000000001111001111111111111111111
0000000000000000000000011111100000000001111111111111111111111111
0000000000000000000000011111100000000001111111111111111111111111
0000000000000000000000000111110000000011111111111111111111111111
0000000000000000000000000011111111000111111111111111111111111111
0000000000000000000000000001111111111111111111111111111111111111
0000000000000000000000000001111111111111111111111111111111111111
0000000000000000000000000011111111111111111111111111111111111111
0000000000000000000000000011111111111111111111111111111111111111
