0000000000000000000000000000000000000000000011111111111111100000
0000000000000000000000000000000000000000011111111111111111111100
0000000000000000000000000000000000000001111111111111111111111111
0000000000000000000000000000000000000001111111111111111111111111
0000000000000000000000000000000000000011111111111111111111111111
0000000000000000000000000000000000011111111111111111111111111111
0000000000000000000000000000000000111111111111111111111111111111
0000000000000000000000000000000111111111111111111111111111111111
0000000000000000000000000000000000111111111111111111111111111111
0000000000000000000000000000000000000111111111111111111111111111
0000000000000000000000000000000010000011111111111111111111111111
0000000000000000000000000000000100000001111111111111111111111111
0000000000000000000000000011001000000001111111111111111111111111
0000000000000000000000011111110000000001111111111111111111111111
0000000000000000000000011111110000000001111011111111111111111111
0000000000000000000000011111100000000001111001111111111111111111
0000000000000000000000011111100000000001111111111111111111111111
0000000000000000000000001111110000000001111111111111111111111111
0000000000000000000000000111111000000011111111111111111111111111
0000000000000000000000000011111111000111111111111111111111111111
0000000000000000000000000001111111111111111111111111111111111111
0000000000000000000000000001111111111111111111111111111111111111
0000000000000000000000000011111111111111111111111111111111111111
0000000000000000000000000111111111111111111111111111111111111111
