0000000000000000000000000000000000000000000000000001110000000000
0000000000000000000000000000000000000000000111111111111111000000
0000000000000000000000000000000000000000111111111111111111111000
0000000000000000000000000000000000000001111111111111111111111110
0000000000000000000000000000000000000011111111111111111111111111
0000000000000000000000000000000000011111111111111111111111111111
0000000000000000000000000000000000011111111111111111111111111111
0000000000000000000000000000000111111111111111111111111111111111
0000000000000000000000000000000000011111111111111111111111111110
0000000000000000000000000000000000000111111111111111111111111111
0000000000000000001000000000000000000111111111111111111111111111
0000000000000000000010000000000000000111111111111111111111111111
0000000000000000000001000000000000000111111111111111111111111111
0000000000000000000001110000000000000111111111111111111111111111
0000000000000000001111111000000000000111000111111111111111111111
0000000000000000011111111000000000000111000011111111111111111110
0000000000000000000111111000000000001111000011111111111111111110
0000000000000000000011111110000000001111111111111111111111111110
0000000000000000000000111111000000001111111111111111111111111110
0000000000000000000000001111110000011111111111111111111111111100
0000000000000000000000000111111111111111111111111111111111111100
0000000000000000000000000001111111111111111111111111111111111110
0000000000000000000000000001111111111111111111111111111111111110
0000000000000000000000000001111111111111111111111111111111111110
