0000000000000000000000000000000000000000000000000001110000000000
0000000000000000000000000000000000000000000011111111111111000000
0000000000000000000000000000000000000000011111111111111111111000
0000000000000000000000000000000000000001111111111111111111111110
0000000000000000000000000000000000000001111111111111111111111111
0000000000000000000000000000000000000111111111111111111111111111
0000000000000000000000000000000000001111111111111111111111111111
0000000000000000000000000000000111111111111111111111111111111111
0000000000000000000000000000000000011111111111111111111111111111
0000000000000000000000000000000000000111111111111111111111111111
0000000000000000001000000000000000000011111111111111111111111111
0000000000000000000010000000000000000011111111111111111111111111
0000000000000000000001000000000000000011111111111111111111111111
0000000000000000000011110000000000000011111111111111111111111111
0000000000000000001111111000000000000111100111111111111111111111
0000000000000000011111111100000000000111100001111111111111111111
0000000000000000000111111100000000000111100001111111111111111111
0000000000000000000001111110000000001111111111111111111111111110
0000000000000000000000111111100000011111111111111111111111111110
0000000000000000000000001111110000011111111111111111111111111110
0000000000000000000000000111111111111111111111111111111111111110
0000000000000000000000000001111111111111111111111111111111111111
0000000000000000000000000001111111111111111111111111111111111111
0000000000000000000000000001111111111111111111111111111111111111
