0000000000000000000000000000000000000000000111111111111111111100
0000000000000000000000000000000000000000011111111111111111111111
0000000000000000000000000000000000000000111111111111111111111111
0000000000000000000000000000000000000001111111111111111111111111
0000000000000000000000000000000000000001111111111111111111111111
0000000000000000000000000000000000000011111111111111111111111111
0000000000000000000000000000000000001111111111111111111111111111
0000000000000000000000000000000011111111111111111111111111111111
0000000000000000000000000000000000000111111111111111111111111111
0000000000000000000000000000000000000001111111111111111111111111
0000000000000000000000000000001000000001111111111111111111111111
0000000000000000000000000000010000000000111111111111111111111111
0000000000000000000000000100100000000000111111111111111111111111
0000000000000000000001111111100000000000111001111111111111111111
0000000000000000000000111111100000000001111000111111111111111111
0000000000000000000000111111000000000001111000111111111111111111
0000000000000000000000111111000000000001111000111111111111111111
0000000000000000000000011111100000000011111111111111111111111111
0000000000000000000000001111111000000111111111111111111111111111
0000000000000000000000000011111100000111111111111111111111111111
0000000000000000000000000001111111111111111111111111111111111111
0000000000000000000000000000111111111111111111111111111111111111
0000000000000000000000000000111111111111111111111111111111111111
0000000000000000000000000000111111111111111111111111111111111111
