0000000000000000000000000000000000000000000011111111111111111111
0000000000000000000000000000000000000000001111111111111111111111
0000000000000000000000000000000000000000011111111111111111111111
0000000000000000000000000000000000000000011111111111111111111111
0000000000000000000000000000000000000000111111111111111111111111
0000000000000000000000000000000000000111111111111111111111111111
0000000000000000000000000000000001111111111111111111111111111111
0000000000000000000000000000000000111111111111111111111111111111
0000000000000000000000000000000000000011111111111111111111111111
0000000000000000000000001000000000000001111111111111111111111111
0000000000000000000000001000000000000000001111111111111111111111
0000000000000000000000001000000000000000001111111111111111111111
0000000000000000000000011000000000000000001111111111111111111111
0000000000000000000111111100000000000000001111011111111111111111
0000000000000000001111111100000000000000001111000111111111111111
0000000000000000000111111100000000000000001111000111111111111111
0000000000000000000011111100000000000000001111100111111111111111
0000000000000000000001111111000000000000001111111111111111111111
0000000000000000000000111111110000000000011111111111111111111111
0000000000000000000000001111111000000001111111111111111111111111
0000000000000000000000000011111111111111111111111111111111111111
0000000000000000000000000000111111111111111111111111111111111111
0000000000000000000000000000011111111111111111111111111111111111
0000000000000000000000000000001111111111111111111111111111111111
