0000000000000000000000000000000000000000000000000111111111111111
0000000000000000000000000000000000000000000000001111111111111111
0000000000000000000000000000000000000000000000011111111111111111
0000000000000000000000000000000000000000000000011111111111111111
0000000000000000000000000000000000000000000000111111111111111111
0000000000000000000000000000000000000000000011111111111111111111
0000000000000000000000000000000000000001111111111111111111111111
0000000000000000000000000000000000000001111111111111111111111111
0000000000000000000000000000000000000000001111111111111111111111
0000000000000000000000000000000000000000000011111111111111111111
0000000000000000000000000000000000000000000000111111111111111111
0000000000000000000000000000000000000000000000001111111111111111
0000000000000000000001100000000000000000000000000111111111111111
0000000000000000000101111000000000000000000000000111111111111111
0000000000000000001111111100000000000000000000000111111111111111
0000000000000000011111111110000000000000000000000111110011111111
0000000000000000000111111110000000000000000000000111110001111111
0000000000000000000011111111000000000000000000000111110001111111
0000000000000000000000111111110000000000000000000111110001111111
0000000000000000000000011111111100000000000000001111111111111111
0000000000000000000000000111111111000000000000111111111111111111
0000000000000000000000000001111111110111101111111111111111111111
0000000000000000000000000000011111111111111111111111111111111111
0000000000000000000000000000001111111111111111111111111111111111
