0000000000000000000000000000000000000000000000000011111111111111
0000000000000000000000000000000000000000000000000011111111111111
0000000000000000000000000000000000000000000000000111111111111111
0000000000000000000000000000000000000000000000000111111111111111
0000000000000000000000000000000000000000000000001111111111111111
0000000000000000000000000000000000000000000001111111111111111111
0000000000000000000000000000000000000000011111111111111111111111
0000000000000000000000000000000000000000111111111111111111111111
0000000000000000000000000000000000000000000011111111111111111111
0000000000000000001100000000000000000000000000111111111111111111
0000000000000000000011000000000000000000000000001111111111111111
0000000000000000000000110000000000000000000000000001111111111111
0000000000000000000000011000000000000000000000000001111111111111
0000000000000000000011111110000000000000000000000001111111111111
0000000000000000001111111111000000000000000000000001111111111111
0000000000000000011111111111100000000000000000000001111110011111
0000000000000000000011111111100000000000000000000001111110001111
0000000000000000000001111111100000000000000000000001111110001111
0000000000000000000000111111111000000000000000000001111110001111
0000000000000000000000001111111110000000000000000001111111011111
0000000000000000000000000011111111100000000000001111111111111111
0000000000000000000000000001111111110000000001111111111111111111
0000000000000000000000000000011111111111111111111111111111111111
0000000000000000000000000000000111111111111111111111111111111111
