0000000000000000000000000000000000000000000000000000111111111111
0000000000000000000000000000000000000000000000000001111111111111
0000000000000000000000000000000000000000000000000001111111111111
0000000000000000000000000000000000000000000000000001111111111111
0000000000000000000000000000000000000000000000000111111111111111
0000000000000000000000000000000000000000000000111111111111111111
0000000000000000000000000000000000000000001111111111111111111111
0000000000000000000000000000000000000000001111111111111111111111
0000000000000000000000001100000000000000000000111111111111111111
0000000000000000000000000110000000000000000000001111111111111111
0000000000000000000000000110000000000000000000000010111111111111
0000000000000000000000000011000000000000000000000000011111111111
0000000000000000000000000011100000000000000000000000011111111111
0000000000000000000001111111110000000000000000000000001111111111
0000000000000000000111111111111000000000000000000000001111111111
0000000000000000000011111111111000000000000000000000001111110011
0000000000000000000001111111111000000000000000000000001111110001
0000000000000000000000111111110000000000000000000000001111110001
0000000000000000000000011111111100000000000000000000001111110001
0000000000000000000000001111111111000000000000000000011111111001
0000000000000000000000000011111111110000000000000001111111111111
0000000000000000000000000000111111111000000000001111111111111111
0000000000000000000000000000001111111111111111111111111111111111
0000000000000000000000000000000111111111111111111111111111111111
