0000000000000000001111111111111111111111000000000000000000000000
0000000000000000001111111111111111111111000000000000000000000000
0000000000000000000001111111111111111110000000000000000000000000
0000000000000000000001111111111111110000000000000000000000000000
0000000000000000000011111111111111110000000000000000000000000000
0000000000000000000011111111111111100000000000000000000000000000
0000000000000000000011111111111111100000000000000000000000000000
0000000000000000000011111111111110000000000000000000000000000000
0000000000000000000011111111111110000000000000000000000000000000
0000000000000000000001111111111111100000000000000000000000000000
0000000000000000000011111111111111111000000000000000000000000000
0000000000000000000111111111111111111000000000000000000000000000
0000000000000000000111111111111111111100000000000000000000000000
0000000000000000000111111111111111111111000000000000000000000000
0000000000000000001111111111111111111110000000000000000000000000
0000000000000000001111001111111111111111000000000000000000000000
0000000000000000001111000111111111111111000000000000000000000000
0000000000000000011111000111111111111111100000000000000000000000
0000000000000000111111000111111111111111110000000000000000000000
0000000000000001111111001111111111111111111000000000000000000000
0000000000000011111111101111111111111111111100000000000000000000
0000000000000111111110011111111111111111111000000000000000000000
0000000000000011111110111111111111111111111100000000000000000000
0000000000000011111100111111111111111111111000000000000000000000
