0000000000000000000000000000000000000000000000000000000000000000
0000000000000000000000000000000000000000000000000000000000000000
0000000000000000000000000000000000000000000000000000000000000000
0000000000000000000000000000000000000000000000000000000000000000
0000000000000000000000000000000000000000000000000000000000000000
0000000000000000000000000000000000000000000000000000000000000000
0000000000000000000000000000000000000000000000000000000000000000
0000000000000000000000000000000000000000000000000000000000000000
0000000000000000000000000000000000000000000000000000000000000000
0000000000000000000000110000000000000000000000000000000000000000
0000000000000000000000011100000000000000000000000000000000000000
0000000000000000000000000111100000000010000000000000000000000000
0000000000000000000000000011111000000001100000000000000000000000
0000000000000000000000000001111111100001110000000000000000000000
0000000000000000000000000001111111111001111000000000000000000000
0000000000000000000000000111111111111111111000000000000000000000
0000000000000000000000000011111111111111111100000000000000000000
0000000000000000000000001111111111111111111100000000000000000000
0000000000000000000000001111111111111111111110000000000000000000
0000000000000000000000000011111111111111111110000000000000000000
0000000000000000000000000000111111111111111111111000000000000000
0000000000000000000000000000001111111111111111111111110000111111
0000000000000000000000000000000001111111111111111111111111111111
0000000000000000000000000000000000001111111111111111111111111111
