0000000000000000000000000000000000000000000000000000000000000111
0000000000000000000000000000000000000000000000000000000000001111
0000000000000000000000000000000000000000000000000000000000000001
0000000000000000000000000000000000000000000000000000000000000000
0000000000000000000000000000000000000000000000000000000000000000
0000000000000000000000000000000000000000000000000000000000000000
0000000000000000000000000000000000000000000000000000000000000000
0000000000000000000000000000000000000000000000000000000000000000
0000000000000000000000000000000000000000000000000000000000000000
0000000000000000000000000000000000000000000000000000000000000000
0000000000000000000000000000000000000000000000000000000000000000
0000000000000000000011100000000000000000000000000000000000000000
0000000000000000000000111000000000110000000000000000000000000000
0000000000000000000000011110000000111000000000000000000000000000
0000000000000000000000011111110000011100000000000000000000110000
0000000000000000000000111111111110111100000000000000000001111110
0000000000000000000000111111111111111110000000000000000011111111
0000000000000000000000111111111111111111000000000000001111111111
0000000000000000000001111111111111111111000000000000011111111111
0000000000000000000000111111111111111111100000000001111111111111
0000000000000000000000001111111111111111111111000111111111111111
0000000000000000000000000001111111111111111111111111111111111111
0000000000000000000000000000001111111111111111111111111111111111
0000000000000000000000000000000000111111111111111111111111111111
