0000000000000000000000000000000000000000000000000000000001111111
0000000000000000000000000000000000000000000000000000000111111111
0000000000000000000000000000000000000000000000000000001111111111
0000000000000000000000000000000000000000000000000000000001111111
0000000000000000000000000000000000000000000000000000000000000111
0000000000000000000000000000000000000000000000000000000000000001
0000000000000000000000000000000000000000000000000000000000000000
0000000000000000000000000000000000000000000000000000000000000000
0000000000000000000000000000000000000000000000000000000000000000
0000000000000000000000000000000000000000000000000000000000000000
0000000000000000000000000000000000000000000000000000000000000000
0000000000000000000010000000000000000000000000000000000000000000
0000000000000000000001100000000010000000000000000000000000000000
0000000000000000000001111110000011000000000000000110000000000000
0000000000000000000000111110000011100000000000001111110000000001
0000000000000000000001111111110011110000000000011111111110011111
0000000000000000000001111111111111111000000001111111111111111111
0000000000000000000001111111111111111000000111111111111111111111
0000000000000000000011111111111111111100011111111111111111111111
0000000000000000000001111111111111111111111111111111111111111111
0000000000000000000000011111111111111111111111111111111111111111
0000000000000000000000000011111111111111111111111111111111111111
0000000000000000000000000000001111111111111111111111111111111111
0000000000000000000000000000000000011111111111111111111111111111
