0000000000000000000000000000000000000000000011111111111111111111
0000000000000000000000000000000000000000000011111111111111111111
0000000000000000000000000000000000000000000011111111111111111111
0000000000000000000000000000000000000000000011111111111111111111
0000000000000000000000000000000000000000001111111111111111111111
0000000000000000000000000000000000000000111111111111111111111111
0000000000000000000000000000000000000000001111111111111111111111
0000000000000000000000000000000000000000000000111111111111111111
0000000000000000000000000000000000000000000000111111111111111111
0000000000000000000000000000000000000000000000111111111111111111
0000000000000000000000000000000000000000000000000000011111111000
0000000000000000000000000000000000000000000000000000011111111000
0000000000000000000000000000001100000000000000000011111111111110
0000000000000000000000001001111111100000000000111111111111111111
0000000000000000000000011111111111111000001111111111111111111111
0000000000000000000000011111111111111110011111111111111111111111
0000000000000000000000011111111111111111111111111111111111111111
0000000000000000000001111111111111111111111111111111111111111111
0000000000000000000000001111111111111111111111111111111111111111
0000000000000000000000000011111111111111111111111111111111111111
0000000000000000000000000000000011111111111111111111111111111111
0000000000000000000000000000000000001111111111111111111111111111
0000000000000000000000000000000000000001111111111111111111111111
0000000000000000000000000000000000000001111111111111111111111111
