0000000000000000000111111111111111111111100000000000000000000000
0000000000000000000011111111111111111111000000000000000000000000
0000000000000000000001111111111111111100000000000000000000000000
0000000000000000000000011111111111111100000000000000000000000000
0000000000000000000000011111111111111100000000000000000000000000
0000000000000000000000111111111111111000000000000000000000000000
0000000000000000000000111111111111110000000000000000000000000000
0000000000000000000001111111111111100000000000000000000000000000
0000000000000000000001111111111111100000000000000000000000000000
0000000000000000000000111111111111111000000000000000000000000000
0000000000000000000001111111111111111110000000000000000000000000
0000000000000000000011111111111111111110000000000000000000000000
0000000000000000000011110011111111111111000000000000000000000000
0000000000000000000111111111111111111111100000000000000000000000
0000000000000000000111110011111111111111100000000000000000000000
0000000000000000000111110001111111111111100000000000000000000000
0000000000000000000111110001111111111111110000000000000000000000
0000000000000000000111110001111111111111111000000000000000000000
0000000000000000001111110001111111111111111100000000000000000000
0000000000000000011111110001111111111111111100000000000000000000
0000000000000000011111100011111111111111111110000000000000000000
0000000000000000011111100111111111111111111100000000000000000000
0000000000000000011111001111111111111111111110000000000000000000
0000000000000000111110001111111111111111111000000000000000000000
