0000000000000000000000000000000000000000011111111111111011111110
0000000000000000000000000000000000000011111111111111111111111111
0000000000000000000000000000000000000111111111111111111111111100
0000000000000000000000000000000000000111111111111111111111111100
0000000000000000000000000000000000000111111111111111111110001100
0000000000000000000000000000000000000111111111111111111110000000
0000000000000000000000000000000000111111111111111111111111000000
0000000000000000000000000000000000000011111111111111111110000000
0000000000000000000000000000000000000001111111111111111110000000
0000000000000000000000000000000000000001111111111111111110000000
0000000000000000000000000000000000000000100011111111110000000000
0000000000000000000000000000000000000000000001111110000000000000
0000000000000000000000001100000000000000000111111111000000000000
0000000000000000000000011111100000000011111111111111111111000000
0000000000000000000001111111111000001111111111111111111111100000
0000000000000000000111111111111110111111111111111111111111110000
0000000000000000011111001011111111111111111111111111111111111000
0000000000000000000110000001111111111111111111111111111111100111
0000000000000000000000000000101111111111111111111111111111100000
0000000000000000000000000000000111111111111111111111111111000000
0000000000000000000000000000000011111111111111111111111111000000
0000000000000000000000000000000000000001111111111111111110000000
0000000000000000000000000000000000000001111111111111111111000000
0000000000000000000000000000000000000001111111111111111100000000
