0000000000000000000000000000000000000000000000000000001000000000
0000000000000000000000000000000000000111111111110001111100000000
0000000000000000000000000000000000111111111111111111111110000000
0000000000000000000000000000000001111111111111111111111100000000
0000000000000000000000000000000001111111111111111111111100000000
0000000000000000000000000000000001111111111111111110000000000000
0000000000000000000000000000000011111111111111111111000000000000
0000000000000000000000000000000111111111111111111110000000000000
0000000000000000000000000000000000011111111111111110000000000000
0000000000000000000000000000000000111111111111111110000000000000
0000000000000000000000000000000000011111111111111000000000000000
0000000000000000000000000000000000000000111110000000000000000000
0000000000000000000011000000000000000001111111000000000000000000
0000000000000000001111111000000000111111111111111111000000000000
0000000000000000011111111111110011111111111111111111100000000000
0000000000000001111111111111111111111111111111111111110000000000
0000000000001111110000011111111111111111111111111111111001100000
0000000000000000000000000000011111111111111111111111000011111111
0000000000000000000000000000011111111111111111111110000000011111
0000000000000000000000000000011110111111111111111110000000000011
0000000000000000000000000000011100011111111111111110000000000000
0000000000000000000000000000000000011111111111111110000000000000
0000000000000000000000000000000000111111111111100000000000000000
0000000000000000000000000000000001111111111111110000000000000000
