0000000000000000000000000000000000000000000000000000000000000000
0000000000000000000000000000000000000000000000000001000000000000
0000000000000000000000000000000001111111111111001111100000000000
0000000000000000000000000000000011111111111111111111110000000000
0000000000000000000000000000000111111111111111111111000000000000
0000000000000000000000000000000111111111111111110111000000000000
0000000000000000000000000000000111111111111111110000000000000000
0000000000000000000000000000111111111111111111111000000000000000
0000000000000000000000000000000011111111111111110000000000000000
0000000000000000000000000000000011111111111111110000000000000000
0000000000000000000000000000000001111111111111000000000000000000
0000000000000000000000000000000000000111110000000000000000000000
0000000000000000011000000000000000000111111000000000000000000000
0000000000000000111111000000000111111111111111110000000000000000
0000000000000011111111111000011111111111111111111100000000000000
0000000000001111111111111111111111111111111111111100000000000000
0000000001111110000001111111111111111111111111111111111111011111
0000000000000000000000000001111111111111111111111000001111111111
0000000000000000000000000000111111111111111111110000000001111110
0000000000000000000000000001111001111111111111100000000000000000
0000000000000000000000000000010011111111111111100000000000000000
0000000000000000000000000000000011111111111110000000000000000000
0000000000000000000000000000000011111111111100000000000000000000
0000000000000000000000000000000111111111111110000000000000000000
