0000000000000000000000000000000000000000000000000000000000000000
0000000000000000000000000000000000000000000000000000000000000000
0000000000000000000000000000000000011111110000011100000000000000
0000000000000000000000000000001111111111111111111100000000000000
0000000000000000000000000000001111111111111111111110000000000000
0000000000000000000000000000011111111111111111111100000000000000
0000000000000000000000000000011111111111111110000000000000000000
0000000000000000000000000001111111111111111111000000000000000000
0000000000000000000000000000001111111111111110000000000000000000
0000000000000000000000000000000111111111111110000000000000000000
0000000000000000000000000000000111111111111100000000000000000000
0000000000000000000000000000000000001111000000000000000000000000
0000000000000001000000000000000000011111000000000000000000000000
0000000000000111111100000000011111111111111111000000000000000000
0000000000001111111111000000111111111111111111100000000000000000
0000000001111111111111111111111111111111111111110000000000000111
0000000111111000001111111111111111111111111111001111111111111111
0000000000000000000000000101111111111111111111000000111111111111
0000000000000000000000000001111111111111111110000000000110000011
0000000000000000000000000011110111111111111110000000000000000000
0000000000000000000000000000000111111111111100000000000000000000
0000000000000000000000000000001111111111110000000000000000000000
0000000000000000000000000000001111111111110000000000000000000000
0000000000000000000000000000111111111111111000000000000000000000
