0000000000000000000000000000000000000000000000000000000000000000
0000000000000000000000000000000000000000000000000000000000000000
0000000000000000000000000000000000000000000000000000000000000000
0000000000000000000000000000111111111111001111000000000000000000
0000000000000000000000000001111111111111111111100000000000000000
0000000000000000000000000001111111111111111111000000000000000000
0000000000000000000000000001111111111111110001000000000000000000
0000000000000000000000000111111111111111111000000000000000000000
0000000000000000000000000000111111111111110000000000000000000000
0000000000000000000000000000111111111111110000000000000000000000
0000000000000000000000000000001111111111000000000000000000000000
0000000000000000000000000000000011111000000000000000000000000000
0000000000001100000000000000111111111100000000000000000000000000
0000000000111111100000000011111111111111111000000000000000000111
0000000001111111111100000111111111111111111100000000000001111111
0000001111101111111111111111111111111111111110110000011111111111
0000111111000000100001110011111111111111111000011111111111111111
0000000000000000000000000011111111111111110000000011000011100001
0000000000000000000000000011111111111111110000000000000000000000
0000000000000000000000000001111111111111110000000000000000000000
0000000000000000000000000000111111111110000000000000000000000000
0000000000000000000000000001111111111110000000000000000000000000
0000000000000000000000000011111111111111000000000000000000000000
0000000000000000000000000001111111111111000000000000000000000000
