0000000000000000000000000000000000000000000000000000000000000000
0000000000000000000000000000000000000000000000000000000000000000
0000000000000000000000000000000000000000000000000000000000000000
0000000000000000000000000000111111111110011110000000000000000000
0000000000000000000000000011111111111111111111000000000000000000
0000000000000000000000000011111111111111111110000000000000000000
0000000000000000000000000011111111111111100010000000000000000000
0000000000000000000000001111111111111111100000000000000000000000
0000000000000000000000000001111111111111100000000000000000000000
0000000000000000000000000001111111111111100000000000000000000000
0000000000000000000000000000001111110000000000000000000000000000
0000000000000000000000000000000111110000000000000000000000000000
0000000000111000000000000001111111111111000000000000000000000000
0000000001111111000000000111111111111111110000000000000000111110
0000000111111111111000001111111111111111111000000000001111111111
0000011111010111111111111111111111111111110111111111111111111111
0001111110000001000011100011111111111111110000111111111111111111
0000000000000000000000000011111111111111100000000100000110000000
0000000000000000000000000111111111111111100000000000000000000000
0000000000000000000000000001111111111101100000000000000000000000
0000000000000000000000000001111111111100000000000000000000000000
0000000000000000000000000011111111111110000000000000000000000000
0000000000000000000000000011111111111110000000000000000000000000
0000000000000000000000000011111111111110000000000000000000000000
