0000000000000000000000000000000000000000000000000000000000000000
0000000000000000000000000000000000000000000000000000000000000000
0000000000000000000000000000000000000000000000000000000000000000
0000000000000000000000000001111111111110011100000000000000000000
0000000000000000000000000011111111111111111110000000000000000000
0000000000000000000000000011111111111111111100000000000000000000
0000000000000000000000000011111111111111000000000000000000000000
0000000000000000000000001111111111111111100000000000000000000000
0000000000000000000000000001111111111111000000000000000000000000
0000000000000000000000000001111111111111000000000000000000000000
0000000000000000000000000000001111100000000000000000000000000000
0000000000000000000000000000000111100000000000000000000000000000
0000000001110000000000000011111111111111000000000000000000010000
0000000011111111000000001111111111111111110000000000000011111000
0000001111111111111000011111111111111111110000000000011111111110
0000111110100111111111111111111111111111110111111111111111111111
0011111100000000000010000111111111111111100000111111111111111111
0000000000000000000000000111111111111111100000000000000000000001
0000000000000000000000000111111111111111100000000000000000000000
0000000000000000000000000011111111111000000000000000000000000000
0000000000000000000000000011111111111000000000000000000000000000
0000000000000000000000000111111111111100000000000000000000000000
0000000000000000000000000111111111111100000000000000000000000000
0000000000000000000000000111111111111110000000000000000000000000
