0000000000000000000000000000000000000000000000000000000000000000
0000000000000000000000000000000000000000000000000000000000000000
0000000000000000000000000000000000000000000000000000000000000000
0000000000000000000000000001111111111000011000000000000000000000
0000000000000000000000000011111111111111111100000000000000000000
0000000000000000000000000111111111111111110000000000000000000000
0000000000000000000000000111111111111110010000000000000000000000
0000000000000000000000011111111111111111000000000000000000000000
0000000000000000000000000011111111111110000000000000000000000000
0000000000000000000000000011111111111110000000000000000000000000
0000000000000000000000000000001111000000000000000000000000000000
0000000000000000000000000000001111000000000000000000000000000000
0000000011000000000000000111111111111110000000000000000000000000
0000001111111100000000001111111111111111100000000000001111100000
0000111111111111100000011111111111111111100000000001111111110000
0011111010011111111111001111111111111111111111111111111111111100
1111110000000000001000000111111111111111000011111111111011111111
0000000000000000000000000111111111111111000000000000000000000111
0000000000000000000000000111111111110011000000000000000000000000
0000000000000000000000000011111111110000000000000000000000000000
0000000000000000000000000011111111110000000000000000000000000000
0000000000000000000000001111111111111000000000000000000000000000
0000000000000000000000001111111111111000000000000000000000000000
0000000000000000000000001111111111111100000000000000000000000000
