0000000000000000000000000000000000000000000000000000000000000000
0000000000000000000000000000000000000000000000000000000000000000
0000000000000000000000000000000000000000000000000000000000000000
0000000000000000000000000000000000000000000000000000000000000000
0000000000000000000000000011111111111100110000000000000000000000
0000000000000000000000000111111111111111111000000000000000000000
0000000000000000000000000111111111111111110000000000000000000000
0000000000000000000000001111111111111110000000000000000000000000
0000000000000000000000000111111111111110000000000000000000000000
0000000000000000000000000111111111111100000000000000000000000000
0000000000000000000000000001111111111100000000000000000000000000
0000000000000000000000000000001110000000000000000000000000000000
0000001000000000000000000000011111000000000000000000000000000000
0000111111000000000000001111111111111110000000000000000000000000
0001111111111000000000011111111111111111000000000011111100000000
1111111111111111111111111111111111111111100000011111111110000000
1110000001111011111000001111111111111111111111111111111111100000
0100000000000000000000000111111111110111000110001100000001111100
0000000000000000000000000111111111110011000000000000000000110000
0000000000000000000000000111111111110010000000000000000000000000
0000000000000000000000000111111111110000000000000000000000000000
0000000000000000000000001111111111110000000000000000000000000000
0000000000000000000000001111111111110000000000000000000000000000
0000000000000000000000011111111111110000000000000000000000000000
