0000000000000000000000000000000000000000000000000000000000000000
0000000000000000000000000000000000000000000000000000000000000000
0000000000000000000000000000000000000000000000000000000000000000
0000000000000000000000000000000000000000000000000000000000000000
0000000000000000000000000011111111111000010000000000000000000000
0000000000000000000000000111111111111111111000000000000000000000
0000000000000000000000000111111111111111110000000000000000000000
0000000000000000000000001111111111111110000000000000000000000000
0000000000000000000000000111111111111110000000000000000000000000
0000000000000000000000000111111111111100000000000000000000000000
0000000000000000000000000011111111111100000000000000000000000000
0000000000000000000000000000001110000000000000000000000000000000
0000000000000000000000000000011110000000000000000000000000000000
0000111110000000000000001111111111111110000000000000000000000000
0011111111110000000000011111111111111111000000000001111000000000
1111111111111111111110111111111111111111100000011111111100000000
1110010001111111111000001111111111111111111111111111111111000000
1100000000000000000000000111111111110111001110011100010011111000
0000000000000000000000000111111111110111000000000000000001110110
0000000000000000000000000111111111110011000000000000000000000000
0000000000000000000000000111111111110000000000000000000000000000
0000000000000000000000001111111111110000000000000000000000000000
0000000000000000000000001111111111110000000000000000000000000000
0000000000000000000000011111111111110000000000000000000000000000
