0000000000000000000000000000000000000000000000000000000000000000
0000000000000000000000000000000000000000000000000000000000000000
0000000000000000000000000000000000000000000000000000000000000000
0000000000000000000000000000000000000000000000000000000000000000
0000000000000000000000000011111111111000000000000000000000000000
0000000000000000000000000111111111111111110000000000000000000000
0000000000000000000000000111111111111111111000000000000000000000
0000000000000000000000001111111111111110100000000000000000000000
0000000000000000000000000111111111111110000000000000000000000000
0000000000000000000000000111111111111100000000000000000000000000
0000000000000000000000000011111111111100000000000000000000000000
0000000000000000000000000000011110000000000000000000000000000000
0000100000000000000000000000011110000000000000000000000000000000
0001111110000000000000011111111111111100000000000000000000000000
0111111111110000000000011111111111111111000000000011110000000000
1111111111111111111100111111111111111111100000111111111000000000
1100000011100111110000001111111111111111111111111111111110000000
1000000000000000000000001111111111111111011000011000000111100000
0000000000000000000000001111111111110111000000000000000111111000
0000000000000000000000000111111111100011000000000000000000000000
0000000000000000000000000111111111100000000000000000000000000000
0000000000000000000000001111111111110000000000000000000000000000
0000000000000000000000001111111111110000000000000000000000000000
0000000000000000000000011111111111110000000000000000000000000000
