0000000000000000000000000000000000000000000000000000000000000000
0000000000000000000000000000000000000000000000000000000000000000
0000000000000000000000000000000000000000000000000000000000000000
0000000000000000000000000000000000000000000000000000000000000000
0000000000000000000000000011111111111000000000000000000000000000
0000000000000000000000000111111111111111110000000000000000000000
0000000000000000000000000111111111111111110000000000000000000000
0000000000000000000000011111111111111110100000000000000000000000
0000000000000000000000000111111111111110000000000000000000000000
0000000000000000000000000111111111111100000000000000000000000000
0000000000000000000000000011111111111100000000000000000000000000
0000000000000000000000000000011110000000000000000000000000000000
0000100000000000000000000000011110000000000000000000000000000000
0011111110000000000000011111111111111100000000000000000000000000
0111111111110000000000111111111111111111000000000111110000000000
1111111111111111111100011111111111111111000000111111111000000000
1100000011100111110000011111111111111111111111111111111110000000
0000000000000000000000001111111111111110011000011000000111100000
0000000000000000000000001111111111100111000000000000000011111000
0000000000000000000000000111111111100010000000000000000000000000
0000000000000000000000000111111111100000000000000000000000000000
0000000000000000000000001111111111110000000000000000000000000000
0000000000000000000000001111111111110000000000000000000000000000
0000000000000000000000011111111111110000000000000000000000000000
