0000000000000000000000000000000000000000000000000000000000000000
0000000000000000000000000000000000000000000000000000000000000000
0000000000000000000000000000000000000000000000000000000000000000
0000000000000000000000000000000000000000000000000000000000000000
0000000000000000000000000011111111111000010000000000000000000000
0000000000000000000000000111111111111111110000000000000000000000
0000000000000000000000000111111111111111110000000000000000000000
0000000000000000000000011111111111111110100000000000000000000000
0000000000000000000000000111111111111110000000000000000000000000
0000000000000000000000000111111111111100000000000000000000000000
0000000000000000000000000011111111111000000000000000000000000000
0000000000000000000000000000011110000000000000000000000000000000
0000100000000000000000000000011110000000000000000000000000000000
0011111110000000000000011111111111111100000000000000000000000000
1111111111110000000000111111111111111111000000000111110000000000
1111111111111111111100011111111111111111000001111111111100000000
1000000011000111100000011111111111111111111111111111111110000000
0000000000000000000000001111111111111110011000011000000111100000
0000000000000000000000001111111111100111000000000000000011011000
0000000000000000000000000111111111100110000000000000000000000000
0000000000000000000000000111111111100000000000000000000000000000
0000000000000000000000001111111111110000000000000000000000000000
0000000000000000000000001111111111110000000000000000000000000000
0000000000000000000000011111111111110000000000000000000000000000
