0000000000000000000000000000000000000000000000000000000000000000
0000000000000000000000000000000000000000000000000000000000000000
0000000000000000000000000000000000000000000000000000000000000000
0000000000000000000000000000000000000000000000000000000000000000
0000000000000000000000000011111111110000000000000000000000000000
0000000000000000000000000111111111111101110000000000000000000000
0000000000000000000000000111111111111111111000000000000000000000
0000000000000000000000001111111111111111100000000000000000000000
0000000000000000000000011111111111111110000000000000000000000000
0000000000000000000000001111111111111100000000000000000000000000
0000000000000000000000001111111111111000000000000000000000000000
0000000000000000000000000000111111100000000000000000000000000000
0000010000000000000000000000011100000000000000000000000000000000
0001111100000000000000001111111111100000000000000000000000000000
0111111111100000000000111111111111111100000000000111110000000000
1111111111111100000001111111111111111111000000111111111100000000
1000000011111111111000011111111111111111111111111111111111000000
0000000000000010000000011111111111111110011000011000000011110000
0000000000000000000000001111111111101110000000000000000001111110
0000000000000000000000001111111111100110000000000000000000000000
0000000000000000000000000111111111100000000000000000000000000000
0000000000000000000000000111111111100000000000000000000000000000
0000000000000000000000001111111111110000000000000000000000000000
0000000000000000000000001111111111110000000000000000000000000000
