0000000000000000000000000000000000000000000000000000000000000000
0000000000000000000000000000000000000000000000000000000000000000
0000000000000000000000000000000000000000000000000000000000000000
0000000000000000000000000000011111000000000000000000000000000000
0000000000000000000000000011111111111100110000000000000000000000
0000000000000000000000000111111111111111111000000000000000000000
0000000000000000000000000111111111111111110000000000000000000000
0000000000000000000000001111111111111111000000000000000000000000
0000000000000000000000000111111111111110000000000000000000000000
0000000000000000000000000111111111111100000000000000000000000000
0000000000000000000000000001111111111100000000000000000000000000
0000000000000000000000000000001111000000000000000000000000000000
0000001110000000000000000000011111000000000000000000000000000000
0000111111110000000000001111111111111111000000000000011100000000
0011111111111100000000011111111111111111100000000111111111000000
1111001001111111111111111111111111111111111111111111111111100000
0110000000100001111000001111111111111111000111101111001001111000
0000000000000000000000001111111111111110000000000000000000111110
0000000000000000000000001111111111111111000000000000000000000000
0000000000000000000000000111111111111110000000000000000000000000
0000000000000000000000000011111111111000000000000000000000000000
0000000000000000000000000011111111111100000000000000000000000000
0000000000000000000000000011111111111100000000000000000000000000
0000000000000000000000000111111111111100000000000000000000000000
