0000000000000000000000000000000000000000000000000000000000000000
0000000000000000000000000000000000000000000000000000000000000000
0000000000000000000000000000000000000000000000000000000000000000
0000000000000000000000000000111111100000000000000000000000000000
0000000000000000000000000011111111111101110000000000000000000000
0000000000000000000000000111111111111111111000000000000000000000
0000000000000000000000000111111111111111110000000000000000000000
0000000000000000000000001111111111111111000000000000000000000000
0000000000000000000000000011111111111110000000000000000000000000
0000000000000000000000000011111111111100000000000000000000000000
0000000000000000000000000001111111111000000000000000000000000000
0000000000000000000000000000001111000000000000000000000000000000
0000000111000000000000000000011111100000000000000000000000000000
0000011111111000000000001111111111111111000000000000011110000000
0011111111111110000000011111111111111111100000000111111111000000
1111100101111111111111111111111111111111111111111111111111110000
0010000000000000111000001111111111111111000111100111000001111100
0000000000000000000000001111111111111111000000000000000000011111
0000000000000000000000001111111111111111000000000000000000000000
0000000000000000000000000011111111111110000000000000000000000000
0000000000000000000000000001111111111000000000000000000000000000
0000000000000000000000000011111111111100000000000000000000000000
0000000000000000000000000011111111111100000000000000000000000000
0000000000000000000000000011111111111110000000000000000000000000
