0000000000000000000000000000000000000000000000000000000000000000
0000000000000000000000000000000000000000000000000000000000000000
0000000000000000000000000000000000000000000000000000000000000000
0000000000000000000000000000000000000000010000000000000000000000
0000000000000000000000000011111111111111110000000000000000000000
0000000000000000000000000111111111111111110000000000000000000000
0000000000000000000000000111111111111110110000000000000000000000
0000000000000000000000000111111111111110000000000000000000000000
0000000000000000000000001111111111111110000000000000000000000000
0000000000000000000000000011111111111100000000000000000000000000
0000000000000000000000000011111111111000000000000000000000000000
0000000000000000000000000000001111000000000000000000000000000000
0000000001100000000000000000001111100000000000000000000000000000
0000000111111100000000001111111111111111000000000000011111000000
0000111111111111000000011111111111111111100000000011111111100000
1111110010011111111111111111111111111111111111111111111111111000
0001100000001000011110001111111111111111000011110011100000011111
0000000000000000000000000111111111111111000000000000000000001100
0000000000000000000000001111111111111111000000000000000000000000
0000000000000000000000000001111111111111000000000000000000000000
0000000000000000000000000001111111111100000000000000000000000000
0000000000000000000000000001111111111100000000000000000000000000
0000000000000000000000000001111111111110000000000000000000000000
0000000000000000000000000011111111111110000000000000000000000000
