0000000000000000000000000000000000000000000000000000000000000000
0000000000000000000000000000000000000000000000000000000000000000
0000000000000000000000000000000000000000000000000000000000000000
0000000000000000000000000000000000000000100000000000000000000000
0000000000000000000000000011111111111011110000000000000000000000
0000000000000000000000000111111111111111110000000000000000000000
0000000000000000000000000111111111111111110000000000000000000000
0000000000000000000000000111111111111110000000000000000000000000
0000000000000000000000011111111111111110000000000000000000000000
0000000000000000000000000011111111111100000000000000000000000000
0000000000000000000000000011111111111110000000000000000000000000
0000000000000000000000000000001111000000000000000000000000000000
0000000000100000000000000000001111000000000000000000000000000000
0000000011111100000000000111111111111111000000000000000111000000
0000001111111111000000001111111111111111100000000001111111110000
0011111111111111111000011111111111111111111111111111111111111100
0001110000000111011111101111111111111111100011111111111010011111
0000000000000000000100000111111111111111000000000000000000001110
0000000000000000000000000111111111111111000000000000000000000000
0000000000000000000000000111111111111111000000000000000000000000
0000000000000000000000000001111111111100000000000000000000000000
0000000000000000000000000001111111111100000000000000000000000000
0000000000000000000000000001111111111110000000000000000000000000
0000000000000000000000000001111111111110000000000000000000000000
