0000000000000000000000000000000000000000000000000000000000000000
0000000000000000000000000000000000000000000000000000000000000000
0000000000000000000000000000000000000000000000000000000000000000
0000000000000000000000000000000000000000000000000000000000000000
0000000000000000000000000000001111100001100000000000000000000000
0000000000000000000000000011111111111111110000000000000000000000
0000000000000000000000000111111111111111100000000000000000000000
0000000000000000000000000111111111111110000000000000000000000000
0000000000000000000000000111111111111110000000000000000000000000
0000000000000000000000001111111111111110000000000000000000000000
0000000000000000000000000011111111111110000000000000000000000000
0000000000000000000000000001111111100000000000000000000000000000
0000000000000000000000000000000111000000000000000000000000000000
0000000000111100000000000000011111111110000000000000000001100000
0000000011111111100000000111111111111111100000000000011111110000
0000011111111111111000001111111111111111110000000011111111111100
0011111100000111111111111111111111111111100011111111111111111110
0000000000000000000011000111111111111111000000010000000000001111
0000000000000000000000000111111111111111000000000000000000000000
0000000000000000000000000111111111111111100000000000000000000000
0000000000000000000000000000111111111100000000000000000000000000
0000000000000000000000000000111111111100000000000000000000000000
0000000000000000000000000001111111111111000000000000000000000000
0000000000000000000000000001111111111111000000000000000000000000
