0000000000000000000000000000000000000000000000000000000000000000
0000000000000000000000000000000000000000000000000000000000000000
0000000000000000000000000000000000000000000000000000000000000000
0000000000000000000000000000000000000000000000000000000000000000
0000000000000000000000000000111111110001100000000000000000000000
0000000000000000000000000111111111111111110000000000000000000000
0000000000000000000000000111111111111111100000000000000000000000
0000000000000000000000000111111111111110000000000000000000000000
0000000000000000000000000111111111111110000000000000000000000000
0000000000000000000000001011111111111110000000000000000000000000
0000000000000000000000000011111111111110000000000000000000000000
0000000000000000000000000000111111100000000000000000000000000000
0000000000000000000000000000000111000000000000000000000000000000
0000000000111100000000000000111111111111000000000000000001100000
0000000011111111100000000111111111111111100000000000011111110000
0000001111111111111000001111111111111111110011000111111111111100
0001111100000011111111111111111111111111100001111111111101001111
0000000000000000000011000111111111111111000000000000000000000111
0000000000000000000000000111111111111111000000000000000000000000
0000000000000000000000000111111111111111100000000000000000000000
0000000000000000000000000000111111111100000000000000000000000000
0000000000000000000000000000111111111100000000000000000000000000
0000000000000000000000000001111111111111000000000000000000000000
0000000000000000000000000001111111111111000000000000000000000000
