0000000000000000000000001110000001111111100000000000000000000000
0000000000000000000001111111111111111111100000000000000000000000
0000000000000000000000111111111111111111100000000000000000000000
0000000000000000000000011111111111111100000000000000000000000000
0000000000000000000000001111111111111111000000000000000000000000
0000000000000000000000000111111111111100000000000000000000000000
0000000000000000000000000111111111111100000000000000000000000000
0000000000000000000000000111111111111100000000000000000000000000
0000000000000000000000000111011111111000000000000000000000000000
0000000000000000000000000111111111111100000000000000000000000000
0000000000000000000000001111111111111111000000000000000000000000
0000000000000000000000111111111111111111000000000000000000000000
0000000000000000000001101111111111111111100000000000000000000000
0000000000000000000011011111111111111111111000000000000000000000
0000000000000000000010001111111111111111111000000000000000000000
0000000000000000000110001111111111111111111000000000000000000000
0000000000000000000110001111111111111111111100000000000000000000
0000000000000000000110011111111111111111111110000000000000000000
0000000000000000000110111111111111111111111111000000000000000000
0000000000000000000111111110111111111111111111100000000000000000
0000000000000000000001111111111111111111111111100000000000000000
0000000000000000000001111111111111111111111111100000000000000000
0000000000000000000001111111111111111111111111100000000000000000
0000000000000000000001111011111111111111111111000000000000000000
