0000000000000000000000000000000000000000000000000000000000000000
0000000000000000000000000000000000000000000000000000000000000000
0000000000000000000000000000000000000000000000000000000000000000
0000000000000000000000000000000000000000000000000000000000000000
0000000000000000000000000001111111111001100000000000000000000000
0000000000000000000000000111111111111111110000000000000000000000
0000000000000000000000000111111111111111100000000000000000000000
0000000000000000000000000111111111111110000000000000000000000000
0000000000000000000000001111111111111110000000000000000000000000
0000000000000000000000000011111111111110000000000000000000000000
0000000000000000000000000011111111111110000000000000000000000000
0000000000000000000000000000000111100000000000000000000000000000
0000000000001000000000000000000111100000000000000000000000000000
0000000000111110000000000001111111111111000000000000000111110000
0000000011111111100000000111111111111111100000000000111111111000
0000001111111111111100001111111111111111111111111111111111111110
0001111100000011111111111111111111111111100000111100111000001111
0000000000000000000011000111111111111111000000000000000000000100
0000000000000000000000000111111111111111100000000000000000000000
0000000000000000000000000111111111111111100000000000000000000000
0000000000000000000000000000111111111100000000000000000000000000
0000000000000000000000000000111111111110000000000000000000000000
0000000000000000000000000001111111111111000000000000000000000000
0000000000000000000000000001111111111111000000000000000000000000
