0000000000000000000000000000000000000000000000000000000000000000
0000000000000000000000000000000000000000000000000000000000000000
0000000000000000000000000000000000000000000000000000000000000000
0000000000000000000000000000000000000000000000000000000000000000
0000000000000000000000000011111111111101110000000000000000000000
0000000000000000000000000111111111111111111000000000000000000000
0000000000000000000000000111111111111111110000000000000000000000
0000000000000000000000000111111111111110000000000000000000000000
0000000000000000000000011111111111111110000000000000000000000000
0000000000000000000000000001111111111110000000000000000000000000
0000000000000000000000000011111111111110000000000000000000000000
0000000000000000000000000000000111100000000000000000000000000000
0000000000001000000000000000000111100000000000000000000000110000
0000000000111111000000000011111111111111100000000000001111111000
0000000011111111110000000111111111111111110000000001111111111100
0000011111111111111110001111111111111111110111111111111111111111
0001111100000001100111111111111111111111100000001100001000000111
0000000000000000000000000011111111111111100000000000000000000000
0000000000000000000000000111111111111111100000000000000000000000
0000000000000000000000000011111111111111100000000000000000000000
0000000000000000000000000000111111111110000000000000000000000000
0000000000000000000000000000111111111110000000000000000000000000
0000000000000000000000000001111111111111000000000000000000000000
0000000000000000000000000001111111111111000000000000000000000000
