0000000000000000000000000000000000000000000000000000000000000000
0000000000000000000000000000000000000000000000000000000000000000
0000000000000000000000000000000000000000000000000000000000000000
0000000000000000000000000000000000000000000000000000000000000000
0000000000000000000000000000011111111100011100000000000000000000
0000000000000000000000000001111111111111111110000000000000000000
0000000000000000000000000011111111111111111100000000000000000000
0000000000000000000000000011111111111111000000000000000000000000
0000000000000000000000001111111111111111100000000000000000000000
0000000000000000000000000001111111111111000000000000000000000000
0000000000000000000000000001111111111111000000000000000000000000
0000000000000000000000000000111111111100000000000000000000000000
0000000000000000000000000000000011100000000000000000000000000000
0000000000011111000000000000001111111110000000000000000001111000
0000000001111111110000000011111111111111110000000000001111111110
0000001111111111111110000111111111111111111011111111111111111111
0001111100000001111111111111111111111111110000011111011100000011
0000000000000000000001000011111111111111100000000000000000000000
0000000000000000000000000011111111111111100000000000000000000000
0000000000000000000000000011111111111111100000000000000000000000
0000000000000000000000000000011111111110000000000000000000000000
0000000000000000000000000000011111111110000000000000000000000000
0000000000000000000000000001111111111111000000000000000000000000
0000000000000000000000000001111111111111000000000000000000000000
