0000000000000000000000000000000000000000000000000000000000000000
0000000000000000000000000000000000000000000000000000000000000000
0000000000000000000000000000000000000000000000000000000000000000
0000000000000000000000000000000000000000000000000000000000000000
0000000000000000000000000000011111111100011100000000000000000000
0000000000000000000000000001111111111111111110000000000000000000
0000000000000000000000000011111111111111111100000000000000000000
0000000000000000000000000011111111111111000000000000000000000000
0000000000000000000000000111111111111111100000000000000000000000
0000000000000000000000000001111111111111000000000000000000000000
0000000000000000000000000001111111111111000000000000000000000000
0000000000000000000000000000111111111100000000000000000000000000
0000000000000100000000000000000011110000000000000000000000000000
0000000000011111000000000000001111111100000000000000000000111100
0000000001111111110000000011111111111111110000000000001111111110
0000001111111111111110000111111111111111111001111111111111111111
0000111110000001111111111111111111111111110000011111111110010011
0000000000000000000000000011111111111111100000000000000000000000
0000000000000000000000000011111111111111100000000000000000000000
0000000000000000000000000011111111111111100000000000000000000000
0000000000000000000000000000011111111110000000000000000000000000
0000000000000000000000000000111111111110000000000000000000000000
0000000000000000000000000001111111111111000000000000000000000000
0000000000000000000000000001111111111111000000000000000000000000
