0000000000000000000000000000000000000000000000000000000000000000
0000000000000000000000000000000000000000000000000000000000000000
0000000000000000000000000000000000000000000000000000000000000000
0000000000000000000000000000000000000000000000000000000000000000
0000000000000000000000000001111111111110001110000000000000000000
0000000000000000000000000011111111111111111111000000000000000000
0000000000000000000000000011111111111111111110000000000000000000
0000000000000000000000000011111111111111100010000000000000000000
0000000000000000000000001111111111111111100000000000000000000000
0000000000000000000000000001111111111111100000000000000000000000
0000000000000000000000000001111111111111100000000000000000000000
0000000000000000000000000000010111111110000000000000000000000000
0000000000001100000000000000000011110000000000000000000000000000
0000000000111111000000000001111111111000000000000000000000000010
0000000011111111110000000111111111111111110000000000000001111111
0000011111010111111110001111111111111111111000000000001111111111
0000000100000001001111111111111111111111111011111111111111111111
0000000000000000000000001111111111111111110000001111001111000100
0000000000000000000000001111111111111111100000000000000000000000
0000000000000000000000001111111111111111100000000000000000000000
0000000000000000000000000001111111111111000000000000000000000000
0000000000000000000000000001111111111100000000000000000000000000
0000000000000000000000000011111111111100000000000000000000000000
0000000000000000000000000111111111111110000000000000000000000000
