0000000000000000000000000000000000000000000000000000000000000000
0000000000000000000000000000000000000000000000000000000000000000
0000000000000000000000000000000000000000000000000000000000000000
0000000000000000000000000000011111111100000001000000000000000000
0000000000000000000000000001111111111111011111100000000000000000
0000000000000000000000000011111111111111111111110000000000000000
0000000000000000000000000011111111111111111111000000000000000000
0000000000000000000000000111111111111111100000000000000000000000
0000000000000000000000001111111111111111110000000000000000000000
0000000000000000000000000001111111111111100000000000000000000000
0000000000000000000000000001111111111111100000000000000000000000
0000000000000000000000000000000111111110000000000000000000000000
0000000000011100000000000000000111100000000000000000000000000000
0000000001111111000000000011111111111000000000000000000000000000
0000000111111111110000001111111111111111110000000000000000001111
0000001110000111111110011111111111111111111000000000000111111111
0000000000000000001111111111111111111111111111111111111111111111
0000000000000000000010011111111111111111110000111111111111111111
0000000000000000000000011111111111111111100000000010000011000010
0000000000000000000000111111111111111111000000000000000000000000
0000000000000000000000011011111111111111000000000000000000000000
0000000000000000000000000011111111111100000000000000000000000000
0000000000000000000000000111111111111000000000000000000000000000
0000000000000000000000001111111111111100000000000000000000000000
