0000000000000000000000000000000000000000000000000000000000000000
0000000000000000000000000000000000000000000000000000000000000000
0000000000000000000000000000000000000000000000000000000000000000
0000000000000000000000000000111111111110000011110000000000000000
0000000000000000000000000011111111111111111111110000000000000000
0000000000000000000000000011111111111111111111111000000000000000
0000000000000000000000000011111111111111111111100000000000000000
0000000000000000000000011111111111111111100000000000000000000000
0000000000000000000000000111111111111111110000000000000000000000
0000000000000000000000000001111111111111100000000000000000000000
0000000000000000000000000001111111111111100000000000000000000000
0000000000000100000000000000001111111110000000000000000000000000
0000000000011110000000000000000111110000000000000000000000000000
0000000001111111100000000011111111110000000000000000000000000000
0000001111111111111000001111111111111111110000000000000000000001
0000000010000011111111111111111111111111110000000000000001111111
0000000000000000001111111111111111111111111001100000011111111111
0000000000000000000001111111111111111111100001111111111111111111
0000000000000000000001111111111111111111100000001111111111111111
0000000000000000000001111111111111111110000000000000000001000000
0000000000000000000001110111111111111110000000000000000000000000
0000000000000000000000000111111111111100000000000000000000000000
0000000000000000000000001111111111110000000000000000000000000000
0000000000000000000000011111111111111000000000000000000000000000
