0000000000000000000000000000000000000000000000000000000000000000
0000000000000000000000000000000000000000000000000000000000000000
0000000000000000000000000000000000000000000000000000000000000000
0000000000000000000000000000111111111111000011110000000000000000
0000000000000000000000000011111111111111111111111000000000000000
0000000000000000000000000011111111111111111111111100000000000000
0000000000000000000000000111111111111111111111110000000000000000
0000000000000000000000011111111111111111100000000000000000000000
0000000000000000000000000111111111111111110000000000000000000000
0000000000000000000000000001111111111111100000000000000000000000
0000000000000000000000000001111111111111100000000000000000000000
0000000000000110000000000000000111111110000000000000000000000000
0000000000001111000000000000000111110000000000000000000000000000
0000000000111111110000000011111111110000000000000000000000000000
0000000111111111111000001111111111111111100000000000000000000001
0000000001000011111111111111111111111111110000000000000000111111
0000000000000000001111111111111111111111111000000000001111111111
0000000000000000000011111111111111111111100011111111111111111111
0000000000000000000011111111111111111111000000001111111111111111
0000000000000000000011111111111111111110000000000000000011000000
0000000000000000000001101111111111111100000000000000000000000000
0000000000000000000000001111111111111100000000000000000000000000
0000000000000000000000001111111111110000000000000000000000000000
0000000000000000000000011111111111110000000000000000000000000000
