0000000000000000000000000000000000000000000000000000000000000000
0000000000000000000000000000000000000000000000000000000000000000
0000000000000000000000000000000000000000000000000000000000000000
0000000000000000000000000001111111111111000011111000000000000000
0000000000000000000000000011111111111111111111111000000000000000
0000000000000000000000000011111111111111111111111100000000000000
0000000000000000000000000111111111111111111111110000000000000000
0000000000000000000000011111111111111111100000000000000000000000
0000000000000000000000000111111111111111110000000000000000000000
0000000000000000000000000001111111111111100000000000000000000000
0000000000000000000000000001111111111111100000000000000000000000
0000000000000011000000000000000111111111000000000000000000000000
0000000000001111100000000000000111110000000000000000000000000000
0000000000111111111000000011111111111000000000000000000000000000
0000000011111111111100001111111111111111100000000000000000000000
0000000000000001111111111111111111111111110000000000000000011111
0000000000000000111111111111111111111111111000000000000111111111
0000000000000000000111111111111111111111110011111111111111111111
0000000000000000000011111111111111111111000000011111111111111111
0000000000000000000011111111111111111110000000000010000011100000
0000000000000000000001101111111111111100000000000000000000000000
0000000000000000000000001111111111111100000000000000000000000000
0000000000000000000000001111111111110000000000000000000000000000
0000000000000000000000011111111111110000000000000000000000000000
