0000000000000000000000000000000000000000000000000000000000000000
0000000000000000000000000000000000000000000000000000000000000000
0000000000000000000000000000001111111110000000001100000000000000
0000000000000000000000000001111111111111110111111100000000000000
0000000000000000000000000001111111111111111111111110000000000000
0000000000000000000000000011111111111111111111111000000000000000
0000000000000000000000011111111111111111111111111000000000000000
0000000000000000000000001111111111111111110000000000000000000000
0000000000000000000000000011111111111111110000000000000000000000
0000000000000000000000000001111111111111110000000000000000000000
0000000000000000000000000001111111111111110000000000000000000000
0000000000000000110000000000000011111101000000000000000000000000
0000000000000001111100000000000011110000000000000000000000000000
0000000000000111111110000011111111111000000000000000000000000000
0000000000001111111111001111111111111111100000000000000000000000
0000000000000000111111111111111111111111110000000000000000011111
0000000000000001111111111111111111111111111000000000000011111111
0000000000000000011111111111111111111111110111111111111111111111
0000000000000000000011111111111111111111000000011111111111111111
0000000000000000000011111111111111111100000000000011100011111100
0000000000000000000001101111111111111100000000000000000000000000
0000000000000000000000001111111111111000000000000000000000000000
0000000000000000000000001111111111110000000000000000000000000000
0000000000000000000000011111111111110000000000000000000000000000
