0000000000000000000000000000000000000000000000000000000000000000
0000000000000000000000000000000000000000000000000000000000000000
0000000000000000000000000000111111111111110011111110000000000000
0000000000000000000000000001111111111111111111111110000000000000
0000000000000000000000000001111111111111111111111111100000000000
0000000000000000000000000011111111111111111111111100000000000000
0000000000000000000000011111111111111111111000111100000000000000
0000000000000000000000000111111111111111111000000000000000000000
0000000000000000000000000001111111111111111000000000000000000000
0000000000000000000000000000111111111111111000000000000000000000
0000000000000000000011000000011111111111111000000000000000000000
0000000000000000000111100000000001111000000000000000000000000000
0000000000000000001111100000000011111000000000000000000000000000
0000000000000000111111110001111111111110000000000000000000000000
0000000000000000011111111111111111111111110000000000000000000000
0000000000000011111111111111111111111111111000000000000000000011
0000000000000011111111111111111111111111111000000000000000111111
0000000000000001111111111111111111111111110011111111111111111111
0000000000000000000011111111111111111111000000001111111111111111
0000000000000000000011111111111111111100000000000011111111111111
0000000000000000000000101111111111111100000000000000000000001100
0000000000000000000000001111111111111000000000000000000000000000
0000000000000000000000001111111111110000000000000000000000000000
0000000000000000000000011111111111110000000000000000000000000000
