0000000000000000000000000000000000000000000000000000000000000000
0000000000000000000000000000001111111111100000111111000000000000
0000000000000000000000000000111111111111111111111111000000000000
0000000000000000000000000001111111111111111111111111100000000000
0000000000000000000000000001111111111111111111111110100000000000
0000000000000000000000000111111111111111111111111110000000000000
0000000000000000000000001111111111111111111100001100000000000000
0000000000000000000000000011111111111111111100000000000000000000
0000000000000000000000000000111111111111111100000000000000000000
0000000000000000000000000000111111111111111000000000000000000000
0000000000000000000000110000000111111111111000000000000000000000
0000000000000000000001111000000001111100000000000000000000000000
0000000000000000000011111100000011111100000000000000000000000000
0000000000000000000111111101111111111111100000000000000000000000
0000000000000000000111111111111111111111111000000000000000000000
0000000000000011111111111111111111111111111000000000000000000001
0000000000000011111111111111111111111111111100000000000000011111
0000000000000001110111111111111111111111111001111111111111111111
0000000000000000000011111111111111111111000000000111111111111111
0000000000000000000011111111111111111100000000000001111111111111
0000000000000000000000111111111111111100000000000000001000000111
0000000000000000000000000111111111111000000000000000000000000000
0000000000000000000000001111111111111000000000000000000000000000
0000000000000000000000001111111111111000000000000000000000000000
