0000000000000000000000000000000000000000000000111111100000000000
0000000000000000000000000000000000000000000011111111110000000000
0000000000000000000000000000000000000011111111111111000000000000
0000000000000000000000000000000000001111111111111111000000000000
0000000000000000000000000000000000011111111111111111110000000000
0000000000000000000000000000000000011111111111111111100000000000
0000000000000000000000000000000001111111111111111111100000000000
0000000000000000000000000000000111111111111111111111100000000000
0000000000000000000000000000000000011111111111111111110000000000
0000000000000000000000000000000000000111111111111111110000000000
0000000000000000000000000000000000000001111111111110000000000000
0000000000000000000000000000000000000000000111110000000010000000
0000000000000000000000000000000000000000000111110000000111100000
0000000000000000000000000000000000000000011111110000000111111000
0000000000000000001111111000000000000001111111111000001111011110
0000000000000000001111111111100000000111111111111000011100000000
0000000000000000000011111111110000001111111111111111111000000000
0000000000000000000000000001111100011111111111111111110000000000
0000000000000000000000000000011111111111111111000000011111111111
0000000000000000000000000000001111111111111110000000000111111111
0000000000000000000000000000000111111111111110000000000001111111
0000000000000000000000000000000000111111111110000000000000011111
0000000000000000000000000000000000011111111110000000000000001100
0000000000000000000000000000000000011111111111000000000000000000
