0000000000000000000000000000000000000000000000001111111000000000
0000000000000000000000000000000000000000000001111111111100000000
0000000000000000000000000000000000000000111111111111110000000000
0000000000000000000000000000000000000111111111111111110000000000
0000000000000000000000000000000000001111111111111111111100000000
0000000000000000000000000000000000001111111111111111111000000000
0000000000000000000000000000000000011111111111111111111000000000
0000000000000000000000000000000011111111111111111111111000000000
0000000000000000000000000000000000001111111111111111111100000000
0000000000000000000000000000000000000001111111111111111100000000
0000000000000000000000000000000000000000111111111111111000000000
0000000000000000000000000000000000000000000011111111000000100000
0000000000000000000000000000000000000000000011111000000000111000
0000000000000000000000000000000000000000000111111000000001111111
0000000000000000001111111100000000000000011111111100000011111011
0000000000000000000111111111110000000011111111111100000111000000
0000000000000000000000111011111000000111111111111111011110000000
0000000000000000000000000001111110001111111111111111111100000000
0000000000000000000000000000011111111111111111110000011100000000
0000000000000000000000000000001111111111111111100000000011111111
0000000000000000000000000000000111111111111111000000000001111111
0000000000000000000000000000000001111111111111000000000000011111
0000000000000000000000000000000000000111111111000000000000001111
0000000000000000000000000000000000001111111111100000000000000010
