0000000000000000000000000000000000000000000000000000001111111111
0000000000000000000000000000000000000000000000011111111111111111
0000000000000000000000000000000000000000000011111111111111111100
0000000000000000000000000000000000000000001111111111111111111111
0000000000000000000000000000000000000000001111111111111111111111
0000000000000000000000000000000000000000011111111111111111111111
0000000000000000000000000000000000001111111111111111111111111111
0000000000000000000000000000000000000111111111111111111111111110
0000000000000000000000000000000000000000111111111111111111111110
0000000000000000000000000000000000000000000111111111111111111111
0000000000000000000000000000000000000000000111111111111111111110
0000000000000000000000000000000000000000000001111111111111111110
0000000000000000000000000000000000000000000000000011111111110000
0000000000000000000000000000000000000000000000000011111000000000
0000000000000000011111111111100000000000000000000111111000000001
0000000000000000001111111111111000000000000000111111111100000001
0000000000000000000000000111111100000000001111111111111110000011
0000000000000000000000000001111111000000111111111111111110000111
0000000000000000000000000000111111100111111111111111111111001111
0000000000000000000000000000011111111111111111111111111111111110
0000000000000000000000000000001111111111111111111111111111111110
0000000000000000000000000000000011111111111111111111110000000111
0000000000000000000000000000000000000000011111111111100000000000
0000000000000000000000000000000000000000011111111111000000000000
