0000000000000000000000000000000000000000000000000000000000000001
0000000000000000000000000000000000000000000000000000111111111111
0000000000000000000000000000000000000000000000001111111111111111
0000000000000000000000000000000000000000000000111111111111111111
0000000000000000000000000000000000000000000001111111111111111111
0000000000000000000000000000000000000011011111111111111111111111
0000000000000000000000000000000000000001111111111111111111111111
0000000000000000000000000000000000000000001111111111111111111111
0000000000000000000000000000000000000000000011111111111111111111
0000000000000000000000000000000000000000000001111111111111111111
0000000000000000000000000000000000000000000011111111111111111111
0000000000000000000000000000000000000000000001111111111111111111
0000000000001111111111110000000000000000000000001101111111111111
0000000000000011111111111111000000000000000000000001111111111111
0000000000000001111111111111110000000000000000000001111111000000
0000000000000000000000011111111000000000000000000111111110000001
0000000000000000000000000111111110000000000011111111111111000001
0000000000000000000000000011111111000001111111111111111111000001
0000000000000000000000000000111111111111111111111111111111000011
0000000000000000000000000000001111111111111111111111111111100111
0000000000000000000000000000000011111110001111111111111111111110
0000000000000000000000000000000000000000001111111111111111111110
0000000000000000000000000000000000000000001111111111111000000011
0000000000000000000000000000000000000000001111111111110000000000
