0000000000000000000000000000000000000000000000000000000000000001
0000000000000000000000000000000000000000000000000001111111111111
0000000000000000000000000000000000000000000000001111111111111111
0000000000000000000000000000000000000000000000011111111111111111
0000000000000000000000000000000000000000111111111111111111111111
0000000000000000000000000000000000000000111111111111111111111111
0000000000000000000000000000000000000000000111111111111111111111
0000000000000000000000000000000000000000000001111111111111111111
0000000000000000000000000000000000000000000001111111111111111111
0000000000000000000000000000000000000000000001111111111111111111
0000000000000000000000000000000000000000000001111111111111111111
0000000000011111111110000000000000000000000000101111111111111111
0000000000000111111111111100000000000000000000000001111111111111
0000000000000011111111111111100000000000000000000001111111111000
0000000000000000011111111111111000000000000000000011111111000000
0000000000000000000000001111111100000000000011111111111111000000
0000000000000000000000000011111111000000111111111111111111100001
0000000000000000000000000000111111111111111111111111111111100001
0000000000000000000000000000001111111111111111111111111111100011
0000000000000000000000000000000001111100001111111111111111111111
0000000000000000000000000000000000000000001111111111111111111111
0000000000000000000000000000000000000000001111111111111100000111
0000000000000000000000000000000000000000001111111111111000000000
0000000000000000000000000000000000000000001111111111111000000000
