0000000000000000000000000000000000000000000000000000001111111111
0000000000000000000000000000000000000000000000000011111111111111
0000000000000000000000000000000000000000000000001111111111111111
0000000000000000000000000000000000000000000000111111111111111111
0000000000000000000000000000000000000000111111111111111111111111
0000000000000000000000000000000000000000011111111111111111111111
0000000000000000000000000000000000000000000111111111111111111111
0000000000000000000000000000000000000000000001111111111111111111
0000000000000000000000000000000000000000000000111111111111111111
0000000000000000000000000000000000000000000001111111111111111111
0000000000000000000000000000000000000000000000111111111111111111
0000000000001111111111100000000000000000000000000101111111111111
0000000000000111111111111110000000000000000000000000111111111111
0000000000000011111111111111100000000000000000000000111111101000
0000000000000000011110011111111000000000000000111111111111000000
0000000000000000000000000111111110000000001111111111111111100000
0000000000000000000000000001111111100011111111111111111111100000
0000000000000000000000000000011111111111111111111111111111100001
0000000000000000000000000000000111111111111111111111111111110001
0000000000000000000000000000000000000000000111111111111111111111
0000000000000000000000000000000000000000000111111111111111111111
0000000000000000000000000000000000000000000111111111111100000011
0000000000000000000000000000000000000000000111111111111000000000
0000000000000000000000000000000000000000000111111111111000000000
