0000000000000000000000000000000000000000000000000000111111111111
0000000000000000000000000000000000000000000000000011111111111111
0000000000000000000000000000000000000000000110111111111111111111
0000000000000000000000000000000000000000001111111111111111111111
0000000000000000000000000000000000000000000111111111111111111111
0000000000000000000000000000000000000000000000111111111111111111
0000000000000000000000000000000000000000000000001111111111111111
0000000000000000000000000000000000000000000000001111111111111111
0000000000000000000000000000000000000000000000001111111111111111
0000000000000000000000000000000000000000000000001111111111111111
0000000000000011111110000000000000000000000000000011111111111111
0000000000001111111111111100000000000000000000000000001111111111
0000000000000111111111111111100000000000000000000000001111111111
0000000000000001111111111111111100000000000000000000011111111100
0000000000000000000000000111111111000000000000111111111111111100
0000000000000000000000000001111111110000000111111111111111111110
0000000000000000000000000000011111111111111111111111111111111110
0000000000000000000000000000000111111111111111111111111111111110
0000000000000000000000000000000000011111111001111111111111111111
0000000000000000000000000000000000000000000001111111111111111111
0000000000000000000000000000000000000000000001111111111111100000
0000000000000000000000000000000000000000000001111111111111100000
0000000000000000000000000000000000000000000001111111111111000000
0000000000000000000000000000000000000000000001111111111111000000
