0000000000000000000000000000000000000000000000000111111111111111
0000000000000000000000000000000000000000000000000111111111111111
0000000000000000000000000000000000000000000000000000111111111111
0000000000000000000000000000000000000000000000000000001111111111
0000000000000000000000000000000000000000000000000000000111111111
0000000000000000000000000000000000000000000000000000000111111111
0000000000000000000000000000000000000000000000000000000111111111
0000000000000000000000000000000000000000000000000000000011111111
0000000000000000000111100000000000000000000000000000000000110111
0000000000000111111111111111100000000000000000000000000000000011
0000000000001111111111111111111100000000000000000000000000000011
0000000000000001111111111111111111100000000000000000000000111111
0000000000000001111111111111111111111100000000000000011111111111
0000000000000001111111111000001111111111000000000011111111111111
0000000000000000011111100000000011111111111000111111111111111111
0000000000000000011111000000000000011111111111111111111111111111
0000000000000000000000000000000000000111111111111111111111111111
0000000000000000000000000000000000000000011111111101111111111111
0000000000000000000000000000000000000000000000000000111111111111
0000000000000000000000000000000000000000000000000000111111111111
0000000000000000000000000000000000000000000000000000111111111111
0000000000000000000000000000000000000000000000000000111111111111
0000000000000000000000000000000000000000000000000001111111111111
0000000000000000000000000000000000000000000000000001111111111111
