0000000000000000000000000000000000000000000000000000111111111111
0000000000000000000000000000000000000000000000000000000011111111
0000000000000000000000000000000000000000000000000000000001111111
0000000000000000000000000000000000000000000000000000000000111111
0000000000000000000000000000000000000000000000000000000000111111
0000000000000000000000000000000000000000000000000000000000011111
0000000000000000000000000000000000000000000000000000000000011111
0000000000000000000011110000000000000000000000000000000000000111
0000000000000001111111111111111000000000000000000000000000000000
0000000000011111111111111111111111000000000000000000000000000000
0000000000000111111111111111111111111000000000000000000000000011
0000000000000000001111111111111111111111000000000000000011111111
0000000000000000000011111111000111111111111000000000010111111111
0000000000000000000111111110000000111111111110000001111111111111
0000000000000000111111111000000000001111111111111111111111111111
0000000000000000001111110000000000000001111111111111111111111111
0000000000000000000111100000000000000000011111111111111111111111
0000000000000000000000000000000000000000000000000000000111111111
0000000000000000000000000000000000000000000000000000000111111111
0000000000000000000000000000000000000000000000000000000111111111
0000000000000000000000000000000000000000000000000000000111111111
0000000000000000000000000000000000000000000000000000000111111111
0000000000000000000000000000000000000000000000000000001111111111
0000000000000000000000000000000000000000000000000000001111111111
