1111111111111111111111111111111111111111111111111111111111111111
1111111111111111111111111111111111111111111111111111111111111111
1111111111111111111111111111111111111111111111111111111111111111
1111111111111111111111111111111111111111111111111111111111111111
1111111111111111111111111111111111111111111111111111111111111111
1111111111111111111111111111111111111111111111111111111111111111
1111111111111111111111111111111111111111111111111111111111111111
1111111111111111111111111111111111111111111111111111111111111111
1111111111111111111111111111111111111111111111111111111111111111
1111111111111111111111111111111111111111111111111111111111111111
1111111111111111111111111111111111111111111111111111111111111111
1111111111111111111111111111111111111111111111111111111111111111
1111111111111111111111111110001111111111111111111111111111111111
1111111111111111111110110000001111111111111111111111111111111111
1111111111111100000000000000111110000011111111111111111111111111
1111111111111110000000001110011110000000001111111111111111111111
1111111111111111100001111110000110000000001111111111111111111111
1111111111111111100000001110000000000000001000011111111111111111
1111111111111111110000000001000000000000110000000111111111111111
1111111111111111111100000000000000000000000000000000111111111111
1111111111111111111111000000000000000000000000000000011111111111
1111111111111111111110000000000000000000000000000000001111111111
1111111111111111111111000000000000000000000000000000011111111111
1111111111111111111111000000000000100011111111110011111111111111
