1111111111111111111111111111111111111111111111111111111111111111
1111111111111111111111111111111111111111111111111111111111111111
1111111111111111111111111111111111111111111111111111111111111111
1111111111111111111111111111111111111111111111111111111111111111
1111111111111111111111111111111111111111111111111111111111111111
1111111111111111111111111111111111111111111111111111111111111111
1111111111111111111111111111111111111111111111111111111111111111
1111111111111110011111111111111111111111111111111111111111111111
1111111111111000000001111111111111111111111111111111111111111111
1111111111110000000000111111111111111111111111111111111111111111
1111111111111111111100111111111111111111111111111111111111111111
1111111111111111111111111111111111111111111111111111111111111111
1111111111111111111111111111111111111111111111111111111111111111
1111111111111011111111111111111111100001111111111111111111111111
1111111111110001111111111111111101100000000011111111111111111111
1111111111110000101111111111111100110000000011111111111111111111
1111111111111000000011111111111100011111000111111111111111111111
1111111111111100000000001111111100001111111111000000001111111111
1111111111111111000000000000111100000000010000000000111111111111
1111111111111111111000000000011100000001110000000000111111111111
1111111111111111111100000000011100000000000000000000000111111111
1111111111111111111110000000000000000000000000000000000111111111
1111111111111111111111000000000000000000000001000000000111111111
1111111111111111111111000000000000111100000011110000001111111111
