1111111111111111111111111111111111111111111111111111111111111111
1111111111111111111111111111111111111111111111111111111111111111
1111111111111111111111111111111111111111111111111111111111111111
1111111111111111111111111111111111111111111111111111111111111111
1111111111111111111111111111111111111111111111111111111111111111
1111111111111111111111111111111111111111111111111111111111111111
1111111111111100001111111111111111111111111111111111111111111111
1111111111111000000001111111111111111111111111111111111111111111
1111111111110000000000111111111111111111111111111111111111111111
1111111111110000000000111111111111111111111111111111111111111111
1111111111110111111111111111111111111111111111111111111111111111
1111111111111111111111111111111111111111111111111111111111111111
1111111111111111111111111111111111111111111111111111111111111111
1111111111111011111111111111111111100001111111111111111111111111
1111111111110011111111111111111110100000000011111111111111111111
1111111111110001001111111111111100111000000011111111111111111111
1111111111111000000011111111111100011111111111111111101111111111
1111111111111100000000001111111100000111111111000000001111111111
1111111111111111000000000000111100000000010000000000111111111111
1111111111111111111000000000011100000001110000000000111111111111
1111111111111111111100000000001100000000000000000000000111111111
1111111111111111111110000000000000000000000000000000000011111111
1111111111111111111111000000000000000000000001100000000111111111
1111111111111111111111000000000000111100000011111000001111111111
