1111111111111111111111111111111111111111111111111111111111111111
1111111111111111111111111111111111111111111111111111111111111111
1111111111111111111111111111111111111111111111111111111111111111
1111111111111011111111111111111111111111111111111111111111111111
1111111111000000001111111111111111111111111111111111111111111111
1111111111000000000111111111111111111111111111111111111111111111
1111111111100000000011111111111111111111111111111111111111111111
1111111111100000001111111111111111111111111111111111111111111111
1111111111110000111111111111111111111111111111111111111111111111
1111111111110001111111111111111111111111111111111111111111111111
1111111111111111111111111111111111111111111111111111111111111111
1111111111111111111111111111111111111111111111111111111111111111
1111111111111111111111111111111111110011111111111111111111111111
1111111111100111111111111111111111110000111111111111111111111111
1111111111100111111111111111111111010000000001111111111111111111
1111111111100011001111111111111111001110000001111111111111111111
1111111111110000000011111111111111001111111111110011100111111111
1111111111111000000000001111111110000000011000000000000111111111
1111111111111110000000000000111110000000011100000000111111111111
1111111111111111110000000000011100000001111000000000111111111111
1111111111111111111100000000001100000000000000000000000111111111
1111111111111111111110000000000000000000000000000000000011111111
1111111111111111111111000000000000100000000001100000000011111111
1111111111111111111111000000000000111100000001111000000111111111
