1111111111111111111111111111111111111111111111111111111111111111
1111111111111111111111111111111111111111111111111111111111111111
1111111111111111111111111111111111111111111111111111111111111111
1111111110000001111111111111111111111111111111111111111111111111
1111111100000000001111111111111111111111111111111111111111111111
1111111110000000001111111111111111111111111111111111111111111111
1111111111000000011111111111111111111111111111111111111111111111
1111111111100000111111111111111111111111111111111111111111111111
1111111111110000111111111111111111111111111111111111111111111111
1111111111111001111111111111111111111111111111111111111111111111
1111111111111111111111111111111111111111111111111111111111111111
1111111111111111111111111111111111111111111111111111111111111111
1111111111111111111111111111111111110011111111111111111111111111
1111111111101111111111111111111111110000111111111111111111111111
1111111111000111111111111111111111111000000001111111111111111111
1111111111000011001111111111111111001111000001111111111111111111
1111111111100000000011111111111111000111111111111001110011111111
1111111111110000000000001111111111000000011000000000000011111111
1111111111111100000000000000111110000000011110000001111111111111
1111111111111111110000000000111100000000111000000000111111111111
1111111111111111111100000000001100000000000000000000001111111111
1111111111111111111110000000000001000000000000000000000011111111
1111111111111111111111000000000000100000000001110000000011111111
1111111111111111111111000000000001111100000000111000000111111111
