1111111111111111111111111111111111111111111111111111111111111111
1111111111111111111111111111111111111111111111111111111111111111
1111111000111111111111111111111111111111111111111111111111111111
1111110000000001111111111111111111111111111111111111111111111111
1111111000000000111111111111111111111111111111111111111111111111
1111111100000000111111111111111111111111111111111111111111111111
1111111111000001111111111111111111111111111111111111111111111111
1111111111100000111111111111111111111111111111111111111111111111
1111111111111000111111111111111111111111111111111111111111111111
1111111111111111111111111111111111111111111111111111111111111111
1111111111111111111111111111111111111111111111111111111111111111
1111111111111111111111111111111111111111111111111111111111111111
1111111111111111111111111111111111111011111111111111111111111111
1111111111011111111111111111111111110000011111111111111111111111
1111111111001111111111111111111111111100000001111111111111111111
1111111111000010011111111111111111100111100001111111111111111111
1111111111000000000011111111111111100111111111111000010011111111
1111111111110000000000001111111111000000011100000000000011111111
1111111111111100000000000000111110000000011111000001111111111111
1111111111111111110000000000111100000000111000000000111111111111
1111111111111111111100000000001100000000000000000000001111111111
1111111111111111111110000000000001000000000000000000000011111111
1111111111111111111111000000000000100000000001110000000011111111
1111111111111111111111000000000001111100000000111000000111111111
