1111111111111111111111111111111111111111111111111111111111111111
1111111111100111111111111111111111111111111111111111111111111111
1111111110001111111111111111111111111111111111111111111111111111
1111000000001111111111111111111111111111111111111111111111111111
1100000000011111111111111111111111111111111111111111111111111111
1110000001111111111111111111111111111111111111111111111111111111
1111111111111111111111111111111111111111111111111111111111111111
1111111111111111111111111111111111111111111111111111111111111111
1111111111111111111111111111111111111111111111111111111111111111
1111111111111111111111111111111111111111111111111111111111111111
1111111111111111111111111111111111111111111111111111111111111111
1111111111111111111111111111111111111111111111111111111111111111
1111111111111111111111111111111111111100111111111111111111111111
1111111111111111111111111111111111111100000111111111111111111111
1111111100111111111111111111111111111111000000111111111111111111
1111111100001110011111111111111111111111111000011111111111111111
1111111110000000000111111111111111111110011111100111000111001111
1111111111000000000000011111111111100000011111100000000000001111
1111111111110000000000000000111111100000000111111000000000111111
1111111111111100000000000000011110000000001111100000111111111111
1111111111111111111100000000001111000000000110000000001111111111
1111111111111111111110000000000000110000000010000000000001111111
1111111111111111111111000000000000011000000001111100000000111111
1111111111111111111111000000000000011100000000111100000000111111
