1111111111111111111111111111111111111111111111111111111111111111
1111111111111111111111111111111111111111111111111111111111111111
1111111110001111111111111111111111111111111111111111111111111111
1111111110000111111111111111111111111111111111111111111111111111
1111111100000011111111111111111111111111111111111111111111111111
1111111110000001111111111111111111111111111111111111111111111111
1111111111100011111111111111111111111111111111111111111111111111
1111111111111111111111111111111111111111111111111111111111111111
1111111111111111111111111111111111111111111111111111111111111111
1111111111111111111111111111111111111111111111111111111111111111
1111111111111111111111111111111111111111111111111111111111111111
1111111111111111111111111111111111111111111111111111111111111111
1111111111111111111111111111111111111111111111111111111111111111
1111111111111111111111111111111111111111111111111111111111111111
1111111111111111111111111111111111111111110011111111111111111111
1111111111111111111111111111111111111111111000001111111111111111
1111111111111111111111111111111111111111111110000001111111111111
1111111111111100111111111111111111111111111111110000111111111111
1111111111111100001100011111111111111111111111111111111111111111
1111111111111110000000000011111111111111000111001111110111111111
1111111111111111000000000000000111111111000000000111110000000000
1111111111111111100000000000000000111100000000000111100000000000
1111111111111111111000000000000000011100000000000010000000111111
1111111111111111111111100000000000001111000000000010000000001111
