1111111111111111111111111111111111111111111111111111111111111111
1111111111111111111111111111111111111111111111111111111111111111
1111111111111111111111111111111111111111111111111111111111111111
1111111111111111111111111111111111111111111111111111111111111111
1111111111111111111000001111111111111111111111111111111111111111
1111111111111111110000000111111111111111111111111111111111111111
1111111111111111100000000011111111111111111111111111111111111111
1111111111111111100000000011111111111111111111111111111111111111
1111111111111111100000011111111111111111111111111111111111111111
1111111111111111100001111111111111111111111111111111111111111111
1111111111111111110111111111111111111111111111111111111111111111
1111111111111111111111111111111111111111111111111111111111111111
1111111111111111111111111111111111111111111111111111111111111111
1111111111111111111111111111111111111111111111111111111111111111
1111111111111111111111111111111111111111111111111111111111111111
1111111111111111111111111111111111111111111111111111111111111111
1111111111111111111111111111111111111111111111111111111111111111
1111111111111111111111111111111111111111111111111111111111111111
1111111111111111111111111111111111111111111111111111111111111111
1111111111111111111111111111111111111111111111111111111111111111
1111111111111111111111111111111111111111111111111111111000111111
1111111111111111111111111111111111111111111111111111111100000111
1111111111111111111111111111111111111111111111111111111111000000
1111111111111111111111111111111111111111111111111111111111111000
