1111111111111111111111111111111111111111111111111111111111111111
1111111111111111111111111111111111111111111111111111111111111111
1111111111111111111111111111111111111111111111111111111111111111
1111111111111111111111111111111111111111111111111111111111111111
1111111111111111111111111111111111111111111111111111111111111111
1111111111111111111111111111111111111111111111111111111111111111
1111111111111111111111111111111111111111111111111111111111111111
1111111111111111111111100001111111111111111111111111111111111111
1111111111111111111111100000011111111111111111111111111111111111
1111111111111111111111111000000000011111111111111111111111111111
1111111111111111111111111111000000000111111111111111111111111111
1111111111111111111111111110000000000011111111111111111111111111
1111111111111111111111111110000000000011111111111111111111111111
1111111111111111111111111111100000000011111111111111111111111111
1111111111111111111111111111110000000111111111111111111111111111
1111111111111111111111111111111111000011111111111111111111111111
1111111111111111111111111111111111100001111111111111111111111111
1111111111111111111111111111111111110001111111111111111111111111
1111111111111111111111111111111111111111111111111111111111111111
1111111111111111111111111111111111111111111111111111111111111111
1111111111111111111111111111111111111111111111111111111111111111
1111111111111111111111111111111111111111111111111111111111111111
1111111111111111111111111111111111111111111111111111111111111111
1111111111111111111111111111111111111111111111111111111111111111
