1111111111111111111111111111111111111111111111111111111111111111
1111111111111111111111111111111111111111111111111111111111111111
1111111111111111111111111111111111111111111111111111111111111111
1111111111111111111111111111111111111111111111111111111111111111
1111111111111111111111111111111111111111111111111111111111111111
1111111111111111111111111111111111000011111111111111111111111111
1111111111111111111111111111111111000011111111111111111111111111
1111111111111111111111111111111110000111111111111111111111111111
1111111111111111111111111111100000001111111111111111111111111111
1111111111111111111111111110000000011111111111111111111111111111
1111111111111111111111111100000000001111111111111111111111111111
1111111111111111111111111000000000001111111111111111111111111111
1111111111111111111111111100000000001111111111111111111111111111
1111111111111111111111111100000000000111111111111111111111111111
1111111111111111111111111110000001101111111111111111111111111111
1111111111111111111111111111110001111111111111111111111111111111
1111111111111111111111111111110001111111111111111111111111111111
1111111111111111111111111111110000111111111111111111111111111111
1111111111111111111111111111110000111111111111111111111111111111
1111111111111111111111111111111111111111111111111111111111111111
1111111111111111111111111111111111111111111111111111111111111111
1111111111111111111111111111111111111111111111111111111111111111
1111111111111111111111111111111111111111111111111111111111111111
1111111111111111111111111111111111111111111111111111111111111111
