1111111111111111111111111111111111111111111111111111111111111111
1111111111111111111111111111111111111111111111111111111111111111
1111111111111111111111111111111111111111111111111111111111111111
1111111111111111111111111111111111111111111111111111111111111111
1111111111111111111111111111111111111111111111111111111111111111
1111111111111111111111111111111111111111111111111111111111111111
1111111111111111111111000011111111111111111111111111111111111111
1111111111111111111111000001111111111111111111111111111111111111
1111111111111111111111110000111111111111111111111111111111111111
1111111111111111111111111100000000111111111111111111111111111111
1111111111111111111111111000000000000111111111111111111111111111
1111111111111111111111111000000000000011111111111111111111111111
1111111111111111111111111000000000000111111111111111111111111111
1111111111111111111111111000000000000000011111111111111111111111
1111111111111111111111111100000000001000000001111111111111111111
1111111111111111111111111111111000111111000001111111111111111111
1111111111111111111111111111111111111111111111111111111111111111
1111111111111111111111111111111111111111111111111111111111111111
1111111111111111111111111111111111111111111111111111111111111111
1111111111111111111111111111111111111111111111111111111111111111
1111111111111111111111111111111111111111111111111111111111111111
1111111111111111111111111111111111111111111111111111111111111111
1111111111111111111111111111111111111111111111111111111111111111
1111111111111111111111111111111111111111111111111111111111111111
