1111111111111111111111111111111111111111111111111111111111111111
1111111111111111111111111111111111111111111111111111111111111111
1111111111111111111111111111111111111111111111111111111111111111
1111111111111111111111111111000000011111111111111111111111111111
1111111111111111111111111100000000000111111111111111111111111111
1111111111111111111111111100000000000011111111111111111111111111
1111111111111111111111111000000000000011111111111111110000011111
1111111111111111111111111100000000000000000000000000000000011111
1111111111111111111110000000000000000000000000000000000000111111
1111110000111000000000000000000000000000000000000000000011111111
1111100000000000000000000000000000000001111111111111111111111111
1111000000000000000111111110000000000001111111111111111111111111
1111000000000011111111000000000000000000000111111111111111111111
1111111111111111111100000000000000000000000111111111111111111111
1111111111111111111100000000000000000000001111111111111111111111
1111111111111111111000000000000000000000000111111111111111111111
1111111111111111111100000000000000000000000111111111111111111111
1111111111111111111110000000000000000000000111111111111111111111
1111111111111111111111100000000000000000111111111111111111111111
1111111111111111111111111000000000000111111111111111111111111111
1111111111111111111111111111100001111111111111111111111111111111
1111111111111111111111111111111111111111111111111111111111111111
1111111111111111111111111111111111111111111111111111111111111111
1111111111111111111111111111111111111111111111111111111111111111
