1111111111111111111111111111111111111111111111111111111111111111
1111111111111111111111111111000001111111111111111111111111111111
1111111111111111111111110000000000001111111111111111111111111111
1111111111111111111111100000000000000111111111111111111111111111
1111111111111111111111110000000000000111111111111111111111111111
1111111111111111111111110000000000000111111111111111001111111111
1111111111111111111111110000000000000000000000000000001111111111
1111111111111111111111111000000000000000000000000000011111111111
1111111111111111111111110000000000000000000011101111111111111111
1111111111111111111110000000000000000000111111111111111111111111
1111111111111111111100000000000000000011111111111111111111111111
1111111111111111111000000000000000000011111111111111111111111111
1111111111111111100000000000000000000000011111111111111111111111
1111111111111110000000100000000000000000011111111111111111111111
1111111111111100000011111110000000000000000111111111111111111111
1111111111100000000111110000000000000000000001111111111111111111
1111111100000000011110000000000000000000000000111111111111111111
1111000000000000111100000000000000000000000000111111111111111111
1111000000000111111100000000000000000000000001111111111111111111
1111100111111111111100000000000000000000000011111111111111111111
1111111111111111111100000000000000000000000111111111111111111111
1111111111111111111111000000000000000000001111111111111111111111
1111111111111111111111111100000000000000111111111111111111111111
1111111111111111111111111111100000011111111111111111111111111111
