1111111111111111111111111111111111111111111111111111111111111111
1111111111111111111111111111100000011111111111111111111111111111
1111111111111111111111111000000000001111111111111111111111111111
1111111111111111111111100000000000000111111111111111111111111111
1111111111111111111111100000000000001111111111111111111111111111
1111111111111111111111110000000000000111111111111111111111111111
1111111111111111111111110000000000000111111111111111111111111111
1111111111111111111111110000000000000001111111111111111111111111
1111111111111111111111111001000000000000000000000111111111111111
1111111111111111111111111000000000000000000000000111111111111111
1111111111111111111111100000000000000001110000011111111111111111
1111111111111111111111000000000000000001111111111111111111111111
1111111111111111111111000000000000000001111111111111111111111111
1111111111111111111111000000000000000001111111111111111111111111
1111111111111111111111000000000000000011111111111111111111111111
1111111111111111111110000000000000000011111111111111111111111111
1111111111111111111100000000000000000000000111111111111111111111
1111111111111111100000000000000000000000000001111111111111111111
1111111111111111000000001100000000000000000001111111111111111111
1111111111111110000000010000000000000000000000111111111111111111
1111111111111000000001100000000000000000000000111111111111111111
1111111111110000011110000000000000000000000000111111111111111111
1111111111111110111110000000000000000000000000111111111111111111
1111111111111111111111000000000000000000000001111111111111111111
