1111111111111111111111111111111111111111111111111111111111111111
1111111111111111111111111111111111111111111111111111111111111111
1111111111111111111111111111111111111111111111111111111111111111
1111111111111111111111111111111111111111111111111111111111111111
1111111111111111111111111111111111111111111111111111111111111111
1111111111111111111111111110000000011111111111111111111111111111
1111111111111111111111111000000000001111111111111111111111111111
1111111111111111111111111000000000001111111111111111111111111111
1111111111111111111111111000000000001111111111111111111111111111
1111111111111111111111111000000000001111111111111111111111111111
1111111111111111111111111000000000001111111111111111111111111111
1111111111111111111111111110000000111111111111111111111111111111
1111111111111111111111111110000000011111111111111111111111111111
1111111111111111111111111100000000000111111111111111111111111111
1111111111111111111111111100000000000011111111111111111111111111
1111111111111111111111111110000000000011111111111111111111111111
1111111111111111111111111111000000000011111111111111111111111111
1111111111111111111111111100000000000011111111111111111111111111
1111111111111111111111111100000000000000111111111111111111111111
1111111111111111111111111000000000000000111111111111111111111111
1111111111111111111111111000000000000000011111111111111111111111
1111111111111111111111110010000000000000011111111111111111111111
1111111111111111111110000110000000000011111111111111111111111111
1111111111111111111100001110000000000011111111111111111111111111
