0000000000000000000000000000000000000000000000000000000000000000
0000000000000000000000000111111000000000000000000000000000000000
0000000000000000000000000111111111111111110000000000000000000000
0000000000000000000000000001111111111111100000000000000000000000
0000000000000000000000000001111111111110000000000000000000000000
0000000000000000000000000001111111111100000000000000000000000000
0000000000000000000000000000111111111100000000000000000000000000
0000000000000000000000000000111111111100000000000000000000000000
0000000000000000000000000000111111111110000000000000000000000000
0000000000000000000000000001111111111110000000000000000000000000
0000000000000000000000000011111111111111000000000000000000000000
0000000000000000000000000111111111111111100000000000000000000000
0000000000000000000000001111111111110111100000000000000000000000
0000000000000000000000001111111111110011110000000000000000000000
0000000000000000000000011111111111100011110000000000000000000000
0000000000000000000000111111111111100011110000000000000000000000
0000000000000000000001111111111111100011110000000000000000000000
0000000000000000000011111111111111100011111000000000000000000000
0000000000000000000011111111111111110011111100000000000000000000
0000000000000000000001111111111111111001111000000000000000000000
0000000000000000000001111111111111111000111100000000000000000000
0000000000000000000001111111111111111100111100000000000000000000
0000000000000000000000111111111111111110001100000000000000000000
0000000000000000000000111111111111111111000100000000000000000000
