1111111111111111111111111111111111111111111111111111111111111111
1111111111111111111111111111111111111111111111111111111111111111
1111111111111111111111111111111111111111111111111111111111111111
1111111111111111111111111111111111111111111111111111111111111111
1111111111111111111111111111111100001111111111111111111111111111
1111111111111101111111111111111000000001111111111111111111111111
1111111111111100011111111111100000000001111111111111111111111111
1111111111111100000001111111100000000000111111111111111111111111
1111111111111111000000001111100000000000111111111111111111111111
1111111111111111110000000000100000000000111111111111111111111111
1111111111111111111111000000000000000001111111111111111111111111
1111111111111111111111110000000000000011111111111111111111111111
1111111111111111111111100000000000001111111111111111111111111111
1111111111111111111111000000000000001111111111111111111111111111
1111111111111111111111100100000000011111111111111111111111111111
1111111111111111111111111100000000111111111111111111111111111111
1111111111111111111111111100000000011111111111111111111111111111
1111111111111111111111111100000000000011111111111111111111111111
1111111111111111111111111100000000000001111111111111111111111111
1111111111111111111111111000000000000001111111111111111111111111
1111111111111111111111111000000000000011111111111111111111111111
1111111111111111111111111000000000000011111111111111111111111111
1111111111111111111111110000000000000001111111111111111111111111
1111111111111111111111111000000000000001111111111111111111111111
