1111111111111111111111111111111111111111111111111111111111111111
1111111111111111111111111111111111111111111111001111111111111111
1111111111111111111111111100011111111111111111001111111111111111
1111111111111111111111100000000000000011111111001111111111111111
1111111111111111111111100000000000000000111111001111111111111111
1111111111111111111111100000000000000000011111000011111111111111
1111111111111111111111100000000000000000001110000011111111111111
1111111111111111111111100000000000000000001111000011111111111111
1111111111111111111111100000000000000000000111000001111111111111
1111111111111111111111110000000000000000000111000000111111111111
1111111111111111111111111110000000000000000111000000111111111111
1111111111111111111111111111000000000000001111000000011111111111
1111111111111111111111111111000000000000000100000000111111111111
1111111111111111111111111110000000000000000000000001111111111111
1111111111111111111111111110000000000000000000000001111111111111
1111111111111111111111111110000000000000000000001111111111111111
1111111111111111111111111111000000000000000000011111111111111111
1111111111111111111111111111100000000000000000011111111111111111
1111111111111111111111111111100000000000000000000111111111111111
1111111111111111111111111111110000000000000000000011111111111111
1111111111111111111111000000000000000000000000000001111111111111
1111111111111111111111100000000000000000000000000111111111111111
1111111111111111111111110000000000000000000000000111111111111111
1111111111111111111111111000000000000000000000111111111111111111
