1111111111111111111111111111111111111111111111111100111111111111
1111111111111111111111111111111111111111111111111100011111111111
1111111111111111111111111111111000000111111111111100011111111111
1111111111111111111111111111000000000000000011111110011111111111
1111111111111111111111111111000000000000000000111110011111111111
1111111111111111111111111111000000000000000000011100000111111111
1111111111111111111111111111100000000000000000011100000111111111
1111111111111111111111111111000000000000000000001110000011111111
1111111111111111111111111111000000000000000000001110000001111111
1111111111111111111111111111100000000000000000000110000001111111
1111111111111111111111111111111100000000000000001110000000111111
1111111111111111111111111111111110000000000000011110000000111111
1111111111111111111111111111111110000000000000001100000001111111
1111111111111111111111111111111100000000000000000000000001111111
1111111111111111111111111111111100000000000000000000000011111111
1111111111111111111111111111111110000000000000000000001111111111
1111111111111111111111111111111110000000000000000000011111111111
1111111111111111111111111111111111000000000000000000111111111111
1111111111111111111111111111111111100000000000000000001111111111
1111111111111111111111111111111111100000000000000000000111111111
1111111111111111111111111110000000000000000000000000000011111111
1111111111111111111111111110000000000000000000000000001111111111
1111111111111111111111111111100000000000000000000000001111111111
1111111111111111111111111111110000000000000000000001111111111111
