1111111111111111111111111111111111111111111111111110011111111111
1111111111111111111111111111111111111111111111111110001111111111
1111111111111111111111111111111100000001111111111110001111111111
1111111111111111111111111111100000000000000001111111001111111111
1111111111111111111111111111100000000000000000011111001111111111
1111111111111111111111111111100000000000000000001110000011111111
1111111111111111111111111111100000000000000000001110000011111111
1111111111111111111111111111100000000000000000000111000001111111
1111111111111111111111111111100000000000000000000111000000111111
1111111111111111111111111111110000000000000000000011000000111111
1111111111111111111111111111111110000000000000000111000000111111
1111111111111111111111111111111111000000000000001111000000011111
1111111111111111111111111111111111000000000000000110000000111111
1111111111111111111111111111111110000000000000000000000000111111
1111111111111111111111111111111110000000000000000000000001111111
1111111111111111111111111111111111000000000000000000000111111111
1111111111111111111111111111111111000000000000000000001111111111
1111111111111111111111111111111111100000000000000000011111111111
1111111111111111111111111111111111100000000000000000000111111111
1111111111111111111111111111111111110000000000000000000011111111
1111111111111111111111111111000000000000000000000000000011111111
1111111111111111111111111111000000000000000000000000000111111111
1111111111111111111111111111110000000000000000000000000111111111
1111111111111111111111111111111000000000000000000000111111111111
