1111111111111111111111111111111111111111111111111111001111111111
1111111111111111111111111111111111111111111111111111001111111111
1111111111111111111111111111111110000000111111111111000111111111
1111111111111111111111111111110000000000000000111111000111111111
1111111111111111111111111111110000000000000000001111100111111111
1111111111111111111111111111110000000000000000000111000001111111
1111111111111111111111111111110000000000000000000111000001111111
1111111111111111111111111111110000000000000000000111100001111111
1111111111111111111111111111110000000000000000000011100000111111
1111111111111111111111111111111000000000000000000001100000011111
1111111111111111111111111111111111000000000000000011100000011111
1111111111111111111111111111111111100000000000000111100000001111
1111111111111111111111111111111111100000000000000010000000111111
1111111111111111111111111111111111000000000000000000000000111111
1111111111111111111111111111111111000000000000000000000000111111
1111111111111111111111111111111111000000000000000000000111111111
1111111111111111111111111111111111100000000000000000001111111111
1111111111111111111111111111111111100000000000000000011111111111
1111111111111111111111111111111111110000000000000000000011111111
1111111111111111111111111111111111111000000000000000000001111111
1111111111111111111111111111100000000000000000000000000001111111
1111111111111111111111111111100000000000000000000000000011111111
1111111111111111111111111111111000000000000000000000000111111111
1111111111111111111111111111111100000000000000000000011111111111
