1111111111111111111111111111111111111111111111111111100111111111
1111111111111111111111111111111111111111111111111111100111111111
1111111111111111111111111111111111000000011111111111100111111111
1111111111111111111111111111111000000000000000111111100111111111
1111111111111111111111111111111000000000000000001111100011111111
1111111111111111111111111111111000000000000000000111100000111111
1111111111111111111111111111111000000000000000000011000001111111
1111111111111111111111111111110000000000000000000011110000111111
1111111111111111111111111111111000000000000000000001100000011111
1111111111111111111111111111111100000000000000000001100000001111
1111111111111111111111111111111111100000000000000011110000001111
1111111111111111111111111111111111100000000000000011110000000111
1111111111111111111111111111111111110000000000000001000000011111
1111111111111111111111111111111111000000000000000000000000011111
1111111111111111111111111111111111000000000000000000000000011111
1111111111111111111111111111111111100000000000000000000011111111
1111111111111111111111111111111111100000000000000000000111111111
1111111111111111111111111111111111110000000000000000001111111111
1111111111111111111111111111111111111000000000000000000011111111
1111111111111111111111111111111111111100000000000000000001111111
1111111111111111111111111111110000000000000000000000000000111111
1111111111111111111111111111110000000000000000000000000001111111
1111111111111111111111111111111000000000000000000000000011111111
1111111111111111111111111111111110000000000000000000001111111111
