1111111111111111111111111111111111111111111111111111110011111111
1111111111111111111111111111111111111111111111111111110011111111
1111111111111111111111111111111110000000001111111111110011111111
1111111111111111111111111111111100000000000000011111110011111111
1111111111111111111111111111111100000000000000000111110001111111
1111111111111111111111111111111100000000000000000011110000111111
1111111111111111111111111111111100000000000000000001100000111111
1111111111111111111111111111111000000000000000000001111000011111
1111111111111111111111111111111100000000000000000000110000001111
1111111111111111111111111111111110000000000000000000110000000111
1111111111111111111111111111111111110000000000000001111000000111
1111111111111111111111111111111111110000000000000011111000000111
1111111111111111111111111111111111110000000000000000100000001111
1111111111111111111111111111111111100000000000000000000000001111
1111111111111111111111111111111111100000000000000000000000001111
1111111111111111111111111111111111110000000000000000000001111111
1111111111111111111111111111111111110000000000000000000011111111
1111111111111111111111111111111111111000000000000000000111111111
1111111111111111111111111111111111111100000000000000000001111111
1111111111111111111111111111111111111100000000000000000000111111
1111111111111111111111111111110000000000000000000000000000111111
1111111111111111111111111111111000000000000000000000000001111111
1111111111111111111111111111111100000000000000000000000001111111
1111111111111111111111111111111110000000000000000000001111111111
