1111111111111111111111111111111111111111111111111111111100111111
1111111111111111111111111111111111111111111111111111111100111111
1111111111111111111111111111111110000000000001111111111100111111
1111111111111111111111111111111110000000000000000111111100111111
1111111111111111111111111111111100000000000000000011111100111111
1111111111111111111111111111111110000000000000000001111000001111
1111111111111111111111111111111100000000000000000001111000001111
1111111111111111111111111111111100000000000000000001111100000111
1111111111111111111111111111111100000000000000000000011000000011
1111111111111111111111111111111111000000000000000000111000000011
1111111111111111111111111111111111110000000000000001111100000001
1111111111111111111111111111111111110000000000000001111000000001
1111111111111111111111111111111111111000000000000000010000000111
1111111111111111111111111111111111110000000000000000000000000111
1111111111111111111111111111111111110000000000000000000000011111
1111111111111111111111111111111111110000000000000000000000111111
1111111111111111111111111111111111111000000000000000000001111111
1111111111111111111111111111111111111100000000000000000111111111
1111111111111111111111111111111111111100000000000000000001111111
1111111111111111111111111111111111111110000000000000000000111111
1111111111111111111111111111110000000000000000000000000000111111
1111111111111111111111111111111000000000000000000000000001111111
1111111111111111111111111111111100000000000000000000000001111111
1111111111111111111111111111111111000000000000000000011111111111
