1111111111111111111111111111111111111111111111111111111110011111
1111111111111111111111111111111111110110011111111111111110011111
1111111111111111111111111111111110000000000000011111111110011111
1111111111111111111111111111111110000000000000000011111110011111
1111111111111111111111111111111100000000000000000001111110000111
1111111111111111111111111111111110000000000000000000111100000111
1111111111111111111111111111111100000000000000000000111110000111
1111111111111111111111111111111100000000000000000000111100000001
1111111111111111111111111111111110000000000000000000011100000000
1111111111111111111111111111111111100000000000000000111100000001
1111111111111111111111111111111111111000000000000001111110000000
1111111111111111111111111111111111111000000000000000111000000001
1111111111111111111111111111111111111000000000000000011000000011
1111111111111111111111111111111111110000000000000000000000000011
1111111111111111111111111111111111111000000000000000000000011111
1111111111111111111111111111111111111000000000000000000000111111
1111111111111111111111111111111111111100000000000000000001111111
1111111111111111111111111111111111111100000000000000000111111111
1111111111111111111111111111111111111110000000000000000001111111
1111111111111111111111111111111111111110000000000000000000111111
1111111111111111111111111111110000000000000000000000000000111111
1111111111111111111111111111111000000000000000000000000000111111
1111111111111111111111111111111100000000000000000000000001111111
1111111111111111111111111111111111000000000000000000011111111111
