1111111111111111111111111111111111111111111111111111111110011111
1111111111111111111111111111111111110000000001111111111110011111
1111111111111111111111111111111111000000000000000011111110001111
1111111111111111111111111111111111000000000000000000111111001111
1111111111111111111111111111111110000000000000000000111111000011
1111111111111111111111111111111111000000000000000000011110000011
1111111111111111111111111111111110000000000000000000011111100001
1111111111111111111111111111111111000000000000000000001111000000
1111111111111111111111111111111111100000000000000000001111000000
1111111111111111111111111111111111111000000000000000011111100000
1111111111111111111111111111111111111100000000000000111111000000
1111111111111111111111111111111111111100000000000000011110000000
1111111111111111111111111111111111111100000000000000001100000000
1111111111111111111111111111111111111100000000000000000000000011
1111111111111111111111111111111111111100000000000000000000000111
1111111111111111111111111111111111111100000000000000000000011111
1111111111111111111111111111111111111110000000000000000000111111
1111111111111111111111111111111111111110000000000000000111111111
1111111111111111111111111111111111111110000000000000000001111111
1111111111111111111111111111111000000000000000000000000000111111
1111111111111111111111111111110000000000000000000000000000111111
1111111111111111111111111111111000000000000000000000000000111111
1111111111111111111111111111111110000000000000000000000001111111
1111111111111111111111111111111111000000000000000000011111111111
