0000000000000000000000000000000000000000000000000000000000000000
0000000000000000000000001110000000000000000000000000000000000000
0000000000000000000000001111111110111100000000000000000000000000
0000000000000000000000001111111111111110000000000000000000000000
0000000000000000000000000011111111111100000000000000000000000000
0000000000000000000000000111111111111000000000000000000000000000
0000000000000000000000000011111111110000000000000000000000000000
0000000000000000000000000011111111110000000000000000000000000000
0000000000000000000000000011111111110000000000000000000000000000
0000000000000000000000000111111111110000000000000000000000000000
0000000000000000000000001111111111110000000000000000000000000000
0000000000000000000000001111111111111100000000000000000000000000
0000000000000000000000111111111111111110000000000000000000000000
0000000000000000000000111011111111111110000000000000000000000000
0000000000000000000001110011111111011111000000000000000000000000
0000000000000000000011110011111111011111100000000000000000000000
0000000000000000000011111111111111111111100000000000000000000000
0000000000000000000111111111111111111111100000000000000000000000
0000000000000000001111111111111111111111100000000000000000000000
0000000000000000000111111111111111111111100000000000000000000000
0000000000000000000111111111111111111111000000000000000000000000
0000000000000000001111111111111111111111000000000000000000000000
0000000000000000001111111111111111111111000000000000000000000000
0000000000000000000111111111111111111110000000000000000000000000
