1111111111111111111111111111111111111111111111111111111111111111
1111111111111111111111111111111111111111111111111111111111111111
1111111111111111111111111111111111111111111111111111111111111111
1111111111111111111111111111111111111111111111111111111111111111
1111111111111111111111111111111100000011111111111111111111111111
1111111111111111111111111100000000000000001111111111111111111111
1111111111111111111111111100000000000000000111111111111111111111
1111111111111111111111111100000000000000000011111111111111111111
1111111111111111111111111000000000000000000000000111111111111111
1111111111111111111111111000000000000000000000000111111111111111
1111111111111111111111111000000000000000000000001111111111111111
1111111111111111111111111110000000000000000000011111111111111111
0000000011111111111111111111110000000000000111111111111111111111
0000000000000000000000000000011110000000000000111111111111111111
0000000000000000000000000000000000000000000000000011111111111111
1111111111110000000000000000000000000000000000000000111111111111
1111111111111111111100000000000000000000000000000000011111111111
1111111111111111111111100000000000000000000000000000000100001111
1111111111111111111111111111111100000000000000000000000000000011
1111111111111111111111111111111110000000000000000000000000000001
1111111111111111111111111111111111000000000000000011000000000001
1111111111111111111111111111111111000000000000000000000000001101
1111111111111111111111111111111111000000000000000000000000011111
1111111111111111111111111111111111000000000000000000000111111111
