1111111111111111111111111111111111111111111111111111111111111111
1111111111111111111111111111111111111111111111111111111111111111
1111111111111111111111111111111111111111111111111111111111111111
1111111111111111111111111111111111111111111111111111111111111111
1111111111111111111111111111111111111111111111111111111111111111
1111111111111111111111111111111111111111111111111111111111111111
1111111111111111111111111111111111111111111111111111111000000000
1111111111111111111111111111111111111111111111111111100000000000
1111111111111111111111111111111111111111111111111111000000000000
1111111111111111111111111111111111111111111111111110000000000000
1111111111111111111111111111111111111111111111111110000000000000
1111111111111111111111111111111111111111111111111110000000000000
1111111111111111111111111111111111111111111111111111100000000000
1111111111111111111111111111111111111111111111111111100000000000
1111111111111111111111111111111111111111111111111111100000000000
1111111111111111111111111111111111111111111111111111111000000000
1111111111111111111111111111111111111111111111111111111111101100
1111111111111111111111111111111111111111111111111111111111111000
1111111111111111111111111111111111111111111111111111111111111100
1111111111111111111111111111111111111111111111111111111111111100
1111111111111111111111111111111111111111111111111111111111111110
1111111111111111111111111111111111111111111111111111111111111111
1111111111111111111111111111111111111111111111111111111111111111
1111111111111111111111111111111111111111111111111111111111111111
