1111111111111111111111111111111111111111111111111111111111111111
1111111111111111111111111111111111111111111111111111111111111111
1111111111111111111111111111111111111111111111111111111111111111
1111111111111111111111111111111111111111111111111111111111111111
1111111111111111111111111111111111111111111111111111111111111111
1111111111111111111111111111111111111111111111111111111111111111
1111111111111111111111111111111111111111111111111111111111111111
1111111111111111111111111111111111111111111111111111111111111111
1111111111111111111111111111111111111111111111111111111111111111
1111111111111111111111111111111111111111111111111111111111111110
1111111111111111111111111111111111111111111111111000000000000000
1111111111111111111111111100000000000000000000000000000000000000
1111111100000000000000000000000000000000000000000000000000000000
1111111100000000000000000000000000000000000000000000000000000011
1111111111111111111111111111111100000000011111111111000000000011
1111111111111111111111111111111000000000001111111100000000000000
1111111111111111111111111111110000000000000111111100000000000000
1111111111111111111111111111100000000000000011111000000000000000
1111111111111111111111111111100000000000000001111000000000000000
1111111111111111111111111111000000000000000001111000000000000000
1111111111111111111111111111100000000000000001111000000000000000
1111111111111111111111111111100000000000000011111100000000000000
1111111111111111111111111111110000000000000011111100000000000000
1111111111111111111111111111110000000000000111111110000000000000
