1111111111111111111111111111111111111111111111111111111111111111
1111111111111111111111111111111111111111111111111111111111111111
1111111111111111111111111111111111111111111111111111111111111111
1111111111111111111111111111111111111111111111111111111111111111
1111111111111111111111111111111111111111111111111111111111111111
1111111111111111111111111111111111111111111111111111111111111111
1111111111111111111111111111111111111111111111111111111111000000
1111111111111111111111111111111111111111111111111111110000000000
1111111111111111111111111111111111111111111111111100000000000000
1111111111111111111111111111111111111111111100000000000000000111
1111111111111111111111111111111111111000000000000000000000000011
1111111111111111111111110000000000000000000000000000100000000001
1000000000000000000000000000000000000000000000011111000000000000
0000000000000000000000000000000000011110000000001111000000000000
0000000000000000000011111000000011111110000000000111000000000000
1111111100000000111111110000000001111100000000000011000000000000
1111111100000000011111100000000000111100000000000011100000000001
1111111000000000001111000000000000111100000000000111100000000011
1111110000000000000111100000000000111110000000000111110000000011
1111111000000000001111100000000000111110000000001111110000000111
1111111000000000001111110000000001111111000000001111111000000111
1111111100000000011111110000000001111111000000011111111000001111
1111111100000000011111110000000011111111100000011111111111111111
1111111110000000111111111000000011111111100000011111111111111111
