1111111111111111111111111111111111111111111111110000000000000000
1111111111111111111111111111111111111111110000000000000000000000
1111111111111111111111111111111111111111100000000000000000000000
1111111111111111111111111111111111111111100000000000000000000000
1111111111111111111111111111111111111111100000000000000000000000
1111111111111111111111111111111111111111100000000000000000000000
1111111111111111111111111111111111111111100000000000000000000000
1111111111111111111111111111111111111110000000000000000000000000
1111111111111111111111111111111111111100000000000000000000000000
1111111111111111111000000111111111111110000000110000000000000000
1111111111111110000000000000111111111110000000110000000000000011
1111111110000000000011100000001111111111000001111100000000000000
0000000000000000000001111000000011111111100001110000000000000000
0000000000001110000000110000000000111111111111100000000000000000
0111110000011110000000100000001000001111111111000000000000000000
0111100000001111000000110000001100000000000000000000000000000000
0011100000001111000001110000001000000000000000000000000000000000
0011110000001111100001111000010000000100000010000000000000000000
0111110000011111100011111000011000000000000011000000000000000000
0111111000011111110011111100111000001100000010000000000000000000
1111111000111111111111111111111000001100000010000000000000000000
1111111100111111111111111111111100001110000110000000000000000000
1111111111111111111111111111111100011110000100000000000000000000
1111111111111111111111111111111111111111001100000000000000000000
