1111111111111111111111111111111111111111111111000000000001111111
1111111111111111111111111111111111111110011000000000000000011111
1111111111111111111111111111111111111000000000000000000000001111
1111111111111111111111111111111111110000000000000000000000000111
1111111111111111111111111111111111110000000000000000000000000111
1111111111111111111111111111111111110000000000000000000000000001
1111111111111111111111111111111111111000000000000000000000000001
1111111111111111111111111111111111110000000000000000000000000011
1111111111111111111111111111111111000000000000000000000000000111
1111111111111111000011111111111111100000000000000000000000001111
1111111111110000000000111111111111100000011100000000000011111111
1111111000000000111000000111111111100000011110000000000001111111
0000000000000000011110000001111111110000111000000000000000000111
0000000001100000001100000000011111111001110000000000000000000011
1100000011100000001000000100000111111111100000000000000000000001
1100000011110000011000000110000000000000000000000000000000000000
1100000011110000011100000100000000000000000000000000000000000000
1100000011111000111100001100000010000011100000000000000000000000
1110000111111000111110001100000010000001100000000000000000000000
1110000111111101111110011110000110000001000000000000000000000000
1111001111111111111111111110000110000011000000000000000000000000
1111101111111111111111111110001111000011000000000000000000000000
1111111111111111111111111111001111000110000000000000000000000000
1111111111111111111111111111111111100110000000000000000000000000
