1111111111111111111111111111111111111111111111100001111111111111
1111111111111111111111111111111111111111110000000000000001111111
1111111111111111111111111111111111100000000000000000000000111111
1111111111111111111111111111111111000000000000000000000000111111
1111111111111111111111111111111111000000000000000000000000111111
1111111111111111111111111111111111000000000000000000000000001111
1111111111111111111111111111111111100000000000000000000000001111
1111111111111111111111111111111111000000000000000000000000001111
1111111111111111111111111111111110000000000000000000000000011111
1111111111111110001111111111111110000000000000000000000000111111
1111111111100000000011111111111110000001110000000000001111111111
1111110000000001100000011111111110000001111000000000001111111111
0000000000000001111000000111111111000011110000000000000000111111
0000000011000000110000000001111111100111000000000000000000011111
1000001111000000100000000000011111111110000000000000000000001111
0000000111000001110000011000000000000000000000000000000000000000
0000000111100001110000010000000000000000000000000000000000000000
1000001111100001111000110000001000001110000000000000000000000011
1000001111100011111000110000001000000110000000000000000000000001
1100011111110011111100111000011000000110000000000000000000000001
1100011111111111111111111000011100001100000000000000000000000011
1111111111111111111111111100111100001100000000000000000000000011
1111111111111111111111111100111100011100000000000000000000000111
1111111111111111111111111111111110111000000000000000000000000111
