1111111111111111111111111111111111111111111111111111111111111111
1111111111111111111111111111111111111111000000000000001111111111
1111111111111111111111111111111111000010000000000000000111111111
1111111111111111111111111111111100000000000000000000000011111111
1111111111111111111111111111111100000000000000000000000011111111
1111111111111111111111111111111100000000000000000000000001111111
1111111111111111111111111111111110000000000000000000000000111111
1111111111111111111111111111111110000000000000000000000000111111
1111111111111111111111111111111000000000000000000000000001111111
1111111111111100111111111111111000000000000000000000000011111111
1111111111000000000111111111111000000011000000000000011111111111
1111100000000010000001111111111100000111100100000000111111111111
0000000000000111100000011111111100000111000000000000000011111111
0000000110000011000000000111111111011100000000000000000001111111
0000011100000011000000100000111111111000000000000000000000111111
0000001110000011000000110000000000000000000000000000000000000000
0000011110000011100001100000000000000000000000000000000000000000
0000011111000111100001000000110000011000000000000000000000001100
0000111111000111110011100000100000011000000000000000000000000100
1000111111101111110011100000100000011000000000000000000000001110
1001111111111111111111110001110000111000000000000000000000001110
1111111111111111111111110001110000110000000000000000000000011111
1111111111111111111111111011111001110000000000000000000000011111
1111111111111111111111111111111111110000000000000000000000011111
