1111111111111111111111111111111111111111111111111111111111111111
1111111111111111111111111111111111111110000000000011111111111111
1111111111111111111111111111111100011000000000000000111111111111
1111111111111111111111111111110000000000000000000000011111111111
1111111111111111111111111111110000000000000000000000011111111111
1111111111111111111111111111100000000000000000000000011111111111
1111111111111111111111111111110000000000000000000000001111111111
1111111111111111111111111111111000000000000000000000000111111111
1111111111111111111111111111110000000000000000000000001111111111
1111111111110111111111111111100000000000000000000000001111111111
1111111100000000111111111111100000001100000000000001111111111111
1111000000000000001111111111100000011110000000000111111111111111
0000000000011110000001111111110000111100000000000000011111111111
0000011000001100000000011111111001110000000000000000001111111111
0001110000001100000000000111111111100000000000000000000111111111
0000111000001100000111000000000000000000000000000000000000000000
0001111000011110000100000000000000000000000000000000000000000000
0001111100011110001100000010000011100000000000000000000001100000
0011111100111110001110000110000011000000000000000000000001100000
0011111110111111011110000110000011100000000000000000000001110000
0111111111111111111110001111000111000000000000000000000011110000
1111111111111111111111001111000111000000000000000000000011111001
1111111111111111111111111111100111000000000000000000000011111001
1111111111111111111111111111111111000000000000000000000011111111
