1111111111111111111111111111111111111111111111111111111111111111
1111111111111111111111111111111111111110000000000111111111111111
1111111111111111111111111111111100110000000000000001111111111111
1111111111111111111111111111110000000000000000000000111111111111
1111111111111111111111111111100000000000000000000000111111111111
1111111111111111111111111111100000000000000000000000111111111111
1111111111111111111111111111100000000000000000000000011111111111
1111111111111111111111111111110000000000000000000000011111111111
1111111111111111111111111111100000000000000000000000011111111111
1111111111111111111111111111100000000000000000000000011111111111
1111111100000001111111111111100000011000000000000001111111111111
1110000000000000001111111111100000111100000000001111111111111111
0000000000111100000011111111100000111000000000000000111111111111
0000010000011100000000111111110011100000000000000000011111111111
0011110000001000000100001111111111000000000000000000001111111111
0001110000011000000110000000000000000000000000000000000000000000
0001111000011100001100000000000000000000000000000000000000000001
0011111000111100001000000100000111000000000000000000000011000000
0011111100111110011100000100000011000000000000000000000011000000
0111111111111110011100001100000111000000000000000000000111100001
0111111111111111111110001110000111000000000000000000000111100001
1111111111111111111110011110001110000000000000000000000111110011
1111111111111111111111111111001110000000000000000000000111110011
1111111111111111111111111111111110000000000000000000000111111111
