1111111111111111111111111111111111111111111111111111111111111111
1111111111111111111111111111111111111111100111111111111111111111
1111111111111111111111111111111111110000000000000111111111111111
1111111111111111111111111111100000000000000000000011111111111111
1111111111111111111111111111000000000000000000000001111111111111
1111111111111111111111111110000000000000000000000001111111111111
1111111111111111111111111110000000000000000000000000111111111111
1111111111111111111111111111110000000000000000000000111111111111
1111111111111111111111111111100000000000000000000000111111111111
1111111111111111111111111111000000000000000000000001111111111111
1111111100000011111111111111000000110000000000000111111111111111
1110000000000000011111111111000001111000000000011111111111111111
0000000001111000000111111111100001110000000000000011111111111111
0000100000111000000001111111110111000000000000000000111111111111
0111100000010000001000001111111110000000000000000000011111111110
0011100000111000001100000000000000000000000000000000000000000000
0011110000111000011000001100000000000000000000000000000000000110
0111110001111100011000001000001110000000000000000000001110000010
0111111001111100111000001000000110000000000000000000001110000011
1111111111111110111100011100001110000000000000000000001110000111
1111111111111111111100011100011110000000000000000000011111000111
1111111111111111111100111110011100000000000000000000011111001111
1111111111111111111111111110011100000000000000000000011111101111
1111111111111111111111111111111100000000000000000000011111111111
