1111111111111111111111111111111111111111111111111111111111111111
1111111111111111111111111111111111111111111111111111111111111111
1111111111111111111111111111111111100000000000001111111111111111
1111111111111111111111111111100000000000000000000111111111111111
1111111111111111111111111110000000000000000000000011111111111111
1111111111111111111111111100000000000000000000000011111111111111
1111111111111111111111111110000000000000000000000001111111111111
1111111111111111111111111111100000000000000000000001111111111111
1111111111111111111111111111000000000000000000000001111111111111
1111111111101111111111111110000000000000000000000011111111111111
1111111000000001111111111110000001100000000000011111111111111111
1110000000000000011111111111000001110000000000111111111111111111
0000000000111100000111111111000011100000000000000011111111111111
0000110000011000000001111111100111000000000000000001111111111111
0011100000011000001000000111111110000000000000000000111000110000
0001110000111000001100000000000000000000000000000000000000000000
0011110000111000011000001100000000000000000000000000001100000100
0011111001111100011000001000001110000000000000000000001100000100
0111111001111100111000011000001110000000000000000000001100000110
0111111111111111111100011100001110000000000000000000011110000110
1111111111111111111100111100011100000000000000000000011110001111
1111111111111111111110111110011100000000000000000000011111001111
1111111111111111111111111110111100000000000000000000011111111111
1111111111111111111111111111111100000000000000000000011111111111
