1111111111111111111111111111111111111111111111111111111111111111
1111111111111111111111111111111111111000011111111111111111111111
1111111111111111111111111111100000000000000000011111111111111111
1111111111111111111111111110000000000000000000001111111111111111
1111111111111111111111111100000000000000000000001111111111111111
1111111111111111111111111100000000000000000000000011111111111111
1111111111111111111111111111100000000000000000000000111111111111
1111111111111111111111111110000000000000000000000001111111111111
1111111111111111111111111000000000000000000000000111111111111111
1111111111100011111111111000000000000000000000000111111111111111
1111111000000000111111111110000000000000000000011111111111111111
1100000000011000001111111110000001110000000000111111111111111111
0000000000011110000001111111000011100000000000000011111111111111
0001110000001100000000011111100111000000000000000001111111111111
0001110000001000000100000011111110000000000000000000000000000000
0000111000011100001100000000000000000000000000000000000000000000
0001111000111100011000000100000000000000000000000000001100000100
0011111001111100011000000100000110000000000000000000001100000100
0011111101111100111100001100000110000000000000000000001100000110
0111111111111111111100011100001110000000000000000000011110001110
1111111111111111111100011110011100000000000000000000011110001111
1111111111111111111110111110011100000000000000000000111111011111
1111111111111111111111111111111100000000000000000000111111111111
1111111111111111111111111111111000000000000000000000111111111111
