1111111111111111111111111111111111111111111111111111111111111111
1111111111111111111111111111111110000000000011111111111111111111
1111111111111111111111111111110000000000000000011111111111111111
1111111111111111111111111111100000000000000000001111111111111111
1111111111111111111111111111000000000000000000000111111111111111
1111111111111111111111111111110000000000000000000011111111111111
1111111111111111111111111110000000000000000000000000011111111111
1111111111111111111111111000000000000000000000000000111111111111
1111111111111111111111111000000000000000000000000011111111111111
1111111111100001111111111111000000000000000000000111111111111111
1111111000000000011111111110000001000000000000111111111111111111
0000000000001100000011111111000011111100000000011111111111111111
0000000000001110000000111111100111100000000000000011111111111111
0000111000000100000000001111111111000000000000000001111111111111
0000011000001100000110000000111110000000000000000000000000000000
0000011000011100000110000000000000000000000000000000000000000000
0000111100011100001100000110000000000000000000000000001100000100
0001111100111110011100000100000110000000000000000000001100000110
0011111111111110111100001100000110000000000000000000001110000110
0111111111111111111110011110001110000000000000000000011110001110
1111111111111111111110011110001100000000000000000000111110011111
1111111111111111111111111110011100000000000000000000111111011111
1111111111111111111111111111111000000000000000000000111111111111
1111111111111111111111111111111000000000000000000000111111111111
