1111111111111111111111111111111111111111111111111111111111111111
1111111111111111111111111111111111100000000001111111111111111111
1111111111111111111111111111111100000000000000001111111111111111
1111111111111111111111111111111000000000000000000111111111111111
1111111111111111111111111111111000000000000000000111111111111111
1111111111111111111111111111110000000000000000000011111111111111
1111111111111111111111111100000000000000000000000000011111111111
1111111111111111111111111000000000000000000000000000011111111111
1111111111111111111111111110000000000000000000000001111111111111
1111111111110000111111111111000000000000000000000111111111111111
1111111000000000001111111111000001100000000000111111111111111111
0000000000001110000011111111000011111100000000011111111111111111
0000000000000111000000111111101111100000000000000011111111111111
0000011100000110000000001111111111000000000000000001111111111110
0000011100001100000011000000111110000000000000000000000000000000
0000011100001110000110000000000000000000000000000000000000000000
0000111100011110001100000110000000000000000000000000001100000100
0001111100111110011100000110000010000000000000000000001100000110
0011111111111110111110001110000110000000000000000000001110000110
1111111111111111111110001110000110000000000000000000011110001110
1111111111111111111110011110001100000000000000000000111110011111
1111111111111111111111111110011100000000000000000000111111011111
1111111111111111111111111111111000000000000000000000111111111111
1111111111111111111111111111111000000000000000000000111111111111
