1111111111111111111111111111111111111111111111111111111111111111
1111111111111111111111111111111111100000000000111111111111111111
1111111111111111111111111111111110000000000000001111111111111111
1111111111111111111111111111111100000000000000000011111111111111
1111111111111111111111111111111000000000000000000011111111111111
1111111111111111111111111111000000000000000000000011111111111111
1111111111111111111111111111000000000000000000000000111111111111
1111111111111111111111111110000000000000000000000000011111111111
1111111111111111111111111110000000000000000000000001111111111111
1111111111110000011111111111110000000000000000000011111111111111
1111110000000000000011111111110000000000000000001111111111111111
0000000000000111100000111111110000111100000000011111111111111111
0000000110000011000000011111111111100000000000000011111111111111
1100000110000010000000000111111111000000000000000001111111111110
1000000110000110000011100000011110000000000000000000000000000000
1000001110001110000110000000000000000000000000000000000000000100
1000011110011111000110000011000000000000000000000000001100000100
1000111110011111001110000010000010000000000000000000001100000110
1001111111111111111110000110000010000000000000000000001110000110
1111111111111111111110001110000110000000000000000000011110001110
1111111111111111111111011111001100000000000000000000111110011111
1111111111111111111111111111011100000000000000000000111111111111
1111111111111111111111111111111000000000000000000000111111111111
1111111111111111111111111111111000000000000000000001111111111111
