1111111111111111111111111111111111111111111111111111111111111111
1111111111111111111111111111111111110000000000011111111111111111
1111111111111111111111111111111110000000000000000111111111111111
1111111111111111111111111111111100000000000000000011111111111111
1111111111111111111111111111110000000000000000000001111111111111
1111111111111111111111111111110000000000000000000011111111111111
1111111111111111111111111111100000000000000000000001111111111111
1111111111111111111111111111000000000000000000000000011111111111
1111111111111111111111111111111100000000000000000000011111111111
1111111111110000001111111111111111100000000000000011111111111111
1111000000000000000001111111111111100000000000000111111111111111
0000000000000011110000111111111111111000000000011111111111111111
0000000111000001100000001111111111100000000000000111111111111111
0110000011000001000001000011111111000000000000000011111111110000
0110000011000011000001100000001110000000000000000000000000000000
1110000111100011100011000000000000000000000000000000000000000100
1110001111100111100011000001000000000000000000000000001100000100
1110001111101111100111000011000000000000000000000000001100000110
1111111111111111111111000011000000000000000000000000001110001110
1111111111111111111111100111000010000000000000000000011110001111
1111111111111111111111100111100100000000000000000000011111011111
1111111111111111111111111111100100000000000000000001111111111111
1111111111111111111111111111111000000000000000000001111111111111
1111111111111111111111111111110000000000000000000001111111111111
