0000000000000000000000000000000000000000000000000000000000000000
0000000000000000000000000000000000000000000000000000000000000000
0000000000000000000001111111000011100000000000000000000000000000
0000000000000000000001111111111111111000000000000000000000000000
0000000000000000000000011111111111110000000000000000000000000000
0000000000000000000000011111111111000000000000000000000000000000
0000000000000000000000011111111110000000000000000000000000000000
0000000000000000000000011111111110000000000000000000000000000000
0000000000000000000000001111111110000000000000000000000000000000
0000000000000000000000001111111110000000000000000000000000000000
0000000000000000000000111111111111000000000000000000000000000000
0000000000000000000000111111111111100000000000000000000000000000
0000000000000000000000111111111111110000000000000000000000000000
0000000000000000000001111111111111110000000000000000000000000000
0000000000000000000001111111111111111000000000000000000000000000
0000000000000000000011111111111111111100000000000000000000000000
0000000000000000000111111111111111111110000000000000000000000000
0000000000000000001111111111111111111110000000000000000000000000
0000000000000000001111111111111111111111000000000000000000000000
0000000000000000001111111111111111111110000000000000000000000000
0000000000000000001111111111111111111110000000000000000000000000
0000000000000000001111111111111111111100000000000000000000000000
0000000000000000001100111111111111111000000000000000000000000000
0000000000000000001001111111111111111100000000000000000000000000
