1111111111111111111111111111111111111111111111111111111111111111
1111111111111111111111111111111111100000000000011111111111111111
1111111111111111111111111111111110000000000000000111111111111111
1111111111111111111111111111111000000000000000000011111111111111
1111111111111111111111111111110000000000000000000011111111111111
1111111111111111111111111111110000000000000000000011111111111111
1111111111111111111111111111000000000000000000000011111111111111
1111111111111111111111111111000000000000000000000000111111111111
1111111111111111111111111111111100000000000000000000111111111111
1111111111100000001111111111111111100000000000000111111111111111
1111100000000000000011111111111111100000000000001111111111111111
0000000000000011100000111111111111111000000000011111111111111111
0000000111000001100000001111111111100000000000000111111111111111
1110000011000001100000000011111110000000000000000011111001100000
0110000011100001100000100000001100000000000000000000000000000000
1111000011110001110001000000000000000000000000000000000100001000
1111000111110011110001000001100000000000000000000000001100000100
1111100111111111111001000001000000000000000000000000001100001100
1111111111111111111111100001000000000000000000000000011110001110
1111111111111111111111110011100000000000000000000010011110001111
1111111111111111111111110011100000000000000000000010011111011111
1111111111111111111111111111110000000000000000000001111111111111
1111111111111111111111111111111000000000000000000011111111111111
1111111111111111111111111111110000000000000000000011111111111111
