1111111111111111111111111111111111111111111111111111111111111111
1111111111111111111111111111111111000000000000111111111111111111
1111111111111111111111111111111100000000000000001111111111111111
1111111111111111111111111111110000000000000000000111111111111111
1111111111111111111111111111110000000000000000000111111111111111
1111111111111111111111111111100000000000000000000111111111111111
1111111111111111111111111110000000000000000000000111111111111111
1111111111111111111111111110000000000000000000000001111111111111
1111111111111111111111111111111000000000000000000101111111111111
1111111111100000011111111111111111000000000000001111111111111111
1111100000000000000111111111111111000000000001111111111111111111
0000000000000111000001111111111111110000000000011111111111111111
0000000110000001100000011111111110000000000000001111111111111100
1000000110000001000000000111111100000000000000000111100000000000
1000000111000001000001100000011000000000000000000000000000000000
1100000111100001100001000000000000000000000000000000111000010000
1110000111110001110001000001000000000000000000000000011000001000
1111000111111011111001000001000000000000000000000000011000011000
1111100111111111111101100001000000000000000000000000111100011100
1111111111111111111111110001100000000000000000000000111100111111
1111111111111111111111111001110000000000000000000010111111111111
1111111111111111111111111111111000000000000000000011111111111111
1111111111111111111111111111111000000000000000000011111111111111
1111111111111111111111111111111000000000000000000011111111111111
