1111111111111111111111111111111111111111111111111111111111111111
1111111111111111111111111111100000000011111111111111111111111111
1111111111111111111111111100000000000000111111111111111111111111
1111111111111111111111110000000000000000011111111111111111111111
1111111111111111111111110000000000000000001111111111111111111111
1111111111111111111111110000000000000000001111111111111111111111
1111111111111111111111000000000000000000000111111111111111111111
1111111111111111111110000000000000000000000111111111111111111111
1111111111111111111111111100000000000000111111111111111111111111
1111111111100001111111111111000000000011111111111111111111000111
1111111110000000001111111111110000000001111111111111111000000001
1111111000001100000011111111100000000000111111111111000000010000
1111100000001000000000011111000000000000000000000000000000000000
1000000000001000001100000000000000000000000000000000001000000000
0000000000001000011000000000000000000000000010000100000100011000
0000000100011000111000001000000000000000000010000110000110011100
0000001100111100111000011000000000000000000011000111001111111111
0000011111111111111000110000000000000010000011100111101111111111
1001111111111111111001110001000000000001000011111111111111111111
1111111111111111111111110010000000000000000011111111111111111111
1111111111111111111111111000000000000000000011111111111111111111
1111111111111111111111100000000000000000000011111111111111111111
1111111111111111111111000000000000000000000011111111111111111111
1111111111111111111110000000000000000000000001111111111111111111
