1111111111111111111111111111111111111111111111111111111111111111
1111111111111111111111111000000000101111111111111111111111111111
1111111111111111111111100000000000000011111111111111111111111111
1111111111111111111111000000000000000001111111111111111111111111
1111111111111111111111000000000000000000111111111111111111111111
1111111111111111111110000000000000000000111111111111111111111111
1111111111111111111000000000000000000001111111111111111111111111
1111111111111111111000000000000000000011111111111111111111111111
1111111111111111111111110000000000000111111111111111111111111111
1111111111111111111100011000000000011111111100000111111111111111
1111111111111111110000000011000000011111110000000001111111111111
1111111111111111000000000000000000010000000000000000001111111111
1111111111111100000000000000000000000000000000110000000001111111
1111111111110000000000000000000000000000000000011110000000000011
1111111110000000000001110000000000000000000111011111111000000000
1111111000000001111111000000000000000001110111111111111111100000
1111000000000011111110000100000000000001111111111111111111111111
1000000000111111111111111100000000000001111111111111111111111111
0000000011111111111111111100000000000001111111111111111111111111
0000000111111111111111110000000000000011111111111111111111111111
0011111111111111111111000000000000000011111111111111111111111111
1111111111111111111100000000000000000001111111111111111111111111
1111111111111111111000001000000000000001111111111111111111111111
1111111111111111111000011000000000000000111111111111111111111111
