1111111111111111111111111111111111111111111111111111111111111111
1111111111111111111111110000000000101111111111111111111111111111
1111111111111111111111000000000000000011111111111111111111111111
1111111111111111111110000000000000000001111111111111111111111111
1111111111111111111110000000000000000000111111111111111111111111
1111111111111111111110000000000000000000111111111111111111111111
1111111111111111110000000000000000000011111111111111111111111111
1111111111111111110000000000000000000111111111111111111111111111
1111111111111111111111110000000000001111111111111111111111111111
1111111111111111111111111000000000001110000011111111111111111111
1111111111111111111111110000000000011000000000001111111111111111
1111111111111111111110000000000000000000000000000011111111111111
1111111111111111110000000000000000000000000000000000001111111111
1111111111111110000000000000000000000000000011110000000000111111
1111111111111110000000001000000000000010011111111111000000011111
1111111111110000000000110000000000000011111111111111111111111111
1111111111000000000000111100000000000111111111111111111111111111
1111111000000000111111111100000000000111111111111111111111111111
1110000000000001111111111100000000000111111111111111111111111111
0000000000000011111111110000000000001111111111111111111111111111
0000000111111111111111000000000000000111111111111111111111111111
0000000111111111111100000000000000000111111111111111111111111111
1111111111111111111000000100000000000011111111111111111111111111
1111111111111111111000001000000000000001111111111111111111111111
