1111111111111111111111111111111111111111111111111111111111111111
1111111111111111111111110000000000110111111111111111111111111111
1111111111111111111111000000000000000001111111111111111111111111
1111111111111111111110000000000000000000111111111111111111111111
1111111111111111111110000000000000000000011111111111111111111111
1111111111111111111110000000000000000000111111111111111111111111
1111111111111111110000000000000000000111111111111111111111111111
1111111111111111110000000000000000001111111111111111111111111111
1111111111111111111111110000000000001111111111111111111111111111
1111111111111111111111110000000000000001111111111111111111111111
1111111111111111111111111100000000000000000111111111111111111111
1111111111111111111111111100000000000000000001111111111111111111
1111111111111111111111000000000000000000000000000111111111111111
1111111111111111111110000000000000000001110000000111111111111111
1111111111111111111111100000000000000001111111111111111111111111
1111111111111111110000000000000000000111111111111111111111111111
1111111111111111100000000000000000001111111111111111111111111111
1111111111111111000000000000000000001111111111111111111111111111
1111111111110000000000000000000000011111111111111111111111111111
1111111111100000000000000000000000001111111111111111111111111111
1111111100000000000000000000000000000111111111111111111111111111
1111100000000000000000000000000000000111111111111111111111111111
1100000000000000000000000000000000000011111111111111111111111111
1111111111000011111100000000000000000001111111111111111111111111
