1111111111111111111111111111111111111111111111111111111111111111
1111111111111111111111110000000000011011111111111111111111111111
1111111111111111111111000000000000000000111111111111111111111111
1111111111111111111111000000000000000000011111111111111111111111
1111111111111111111111000000000000000000001111111111111111111111
1111111111111111111110000000000000000000001111111111111111111111
1111111111111111111000000000000000000011111111111111111111111111
1111111111111111111001000000000000000011111111111111111111111111
1111111111111111111111110000000000000011111111111111111111111111
1111111111111111111111100000000000000111111111111001111111111111
1111111111111111111111100000000000000111111100000000111111111111
1111111111111111111111100000000000000010000000000000011111111111
1111111111111111111111110000000000000000000000000000011111111111
1111111111111111111111110000000000000000000000000000001111111111
1111111111111111111111111000000000000000000000000000000111111111
1111111111111111111111111000000000000011100000000000000011111111
1111111111111111111111111000000000000011111111000000000001111111
1111111111111111111111111000000000000011111100000000000000111111
1111111111111111111111111100000000000011000000000000000000011111
1111111111111111111111111000000000000111111000000000000000000111
1111111111111111111111111000000000000011111111100000000000000011
1111111111111111111111110000000000000011111000000000000000000001
1111111111111111111111110000000000000001100000000000000000000000
1111111111111111111111100000000000000000111111111111101111111110
