1111111111111111111111111111111111111111111111111111111111111111
1111111111111111111111111111000000011111111111111111111111111111
1111111111111111111111111000000000000010001111111111111111111111
1111111111111111111111110000000000000000000011111111111111111111
1111111111111111111111110000000000000000000001111111111111111111
1111111111111111111111110000000000000000000001111111111111111111
1111111111111111111111000000000000000000001111111111111111111111
1111111111111111111111000000000000000000001111111111111111111111
1111111111111111111111111000000000000000001111111111111111111111
1111111100000111111111111001000000010000001111111111111111111111
1111000000000001111111111100000000000000011111111111100000111111
1100000000000000000111111000000000000001111111111000000000000001
0000000011111000000000000000000000000000000000000000000000000000
0000111111111110111000110000000000000000000000000000001111000000
1111111111111111111111111000000000000000110000111111111111111100
1111111111111111111111111000000000000001111111111111111111111110
1111111111111111111111111100000000000000111111111111111111111111
1111111111111111111111111000000000000000111111111111111111111111
1111111111111111111111111000000000000000111111111111111111111111
1111111111111111111111110000000000000000111111111111111111111111
1111111111111111111111110000000000000001111111111111111111111111
1111111111111111111111100000000000000000111111111111111111111111
1111111111111111111111100000000000000000111111111111111111111111
1111111111111111111111100000000000000000011111111111111111111111
