1111111111111111111111111111111111111111111111111111111111111111
1111111111111111111111111111111100111111111111111111111111111111
1111111111111111111111111000000000000011001111111111111111111111
1111111111111111111111110000000000000000000011111111111111111111
1111111111111111111111110000000000000000000001111111111111111111
1111111111111111111111110000000000000000000001111111111111111111
1111111111111111111111000000000000000000000111111111111111111111
1111111111111111111111000000000000000000000111111111111111111111
1111111111111111111111111000000000000000000111111111111111111111
1111111000111111111111111000100000011000000111111111111111111111
1110000000000011111111111110000000000000001111111111110001111111
0000000000000000011111111000000000000000011111111000000000000111
0000001100000000000000000000000000000000000000000000000000000000
0001111111100000110000110000000000000000000000000000000011000000
1111111111111111111111111000000000000000111000001111111111111000
1111111111111111111111111000000000000000111111111111111111111111
1111111111111111111111111000000000000000111111111111111111111111
1111111111111111111111111000000000000000111111111111111111111111
1111111111111111111111110000000000000000111111111111111111111111
1111111111111111111111110000000000000000111111111111111111111111
1111111111111111111111100000000000000000111111111111111111111111
1111111111111111111111100000000000000000111111111111111111111111
1111111111111111111111000000000000000000111111111111111111111111
1111111111111111111111000000000000000000011111111111111111111111
