1111111111111111111111111111111111111111111111111111111111111111
1111111111111111111111111111111111111111111111111111111111111111
1111111111111111111111111100000000000011111111111111111111111111
1111111111111111111111111000000000000000000011111111111111111111
1111111111111111111111111000000000000000000001111111111111111111
1111111111111111111111111000000000000000000001111111111111111111
1111111111111111111111100000000000000000000011111111111111111111
1111111111111111111111100000000000000000000111111111111111111111
1111111111111111111111111000000000000000000011111111111111111111
1111111001111111111111111100000000001100000011111111111111111111
1111000000000111111111111100000000000100000111111111111001111111
0000000000000000111111111100000000000000001111111100000000011111
0000000000000000000000000000000000000000000000000000000000000000
0001111100000000000000100000000000000000000000000000000000000000
1111111111111111111111111000000000000000111000000001111111111000
1111111111111111111111111000000000000000111111111111111111111110
1111111111111111111111111000000000000000111111111111111111111111
1111111111111111111111111000000000000000111111111111111111111111
1111111111111111111111110000000000000000111111111111111111111111
1111111111111111111111110000000000000000111111111111111111111111
1111111111111111111111100000000000000000111111111111111111111111
1111111111111111111111100000000000000000111111111111111111111111
1111111111111111111111000000000000000000111111111111111111111111
1111111111111111111111000000000000000000011111111111111111111111
