1111111111111111111111111111111111111111111111111111111111111111
1111111111111111111111111111111111111111111111111111111111111111
1111111111111111111111111110000000000011111111111111111111111111
1111111111111111111111111000000000000000000111111111111111111111
1111111111111111111111111000000000000000000011111111111111111111
1111111111111111111111111000000000000000000001111111111111111111
1111111111111111111111110000000000000000000001111111111111111111
1111111111111111111111100000000000000000000011111111111111111111
1111111111111111111111111100000000000000000001111111111111111111
1111111111111111111111111110000000000110000001111111111111111111
1111110000001111111111111110000000001111000001111111111001111111
1110000000000000111111111100000000000001110011111110000000011111
0000000000000000000000000000000000000000000011100000000000000111
0000001100000000000000000000000000000000000000000000000000000000
0011111100000011111111110000000000000000111000000000001111110000
1111111111111111111111111000000000000000111111111111111111111111
1111111111111111111111110000000000000000111111111111111111111111
1111111111111111111111110000000000000000111111111111111111111111
1111111111111111111111100000000000000000111111111111111111111111
1111111111111111111111100000000000000000011111111111111111111111
1111111111111111111111000000000000000000011111111111111111111111
1111111111111111111111000000000000000000011111111111111111111111
1111111111111111111111000000000000000000011111111111111111111111
1111111111111111111110000000000000000000001111111111111111111111
