1111111111111111111111111111111111111111111111111111111111111111
1111111111111111111111111111111111111111111111111111111111111111
1111111111111111111111111110000000000111111111111111111111111111
1111111111111111111111111000000000000000011111111111111111111111
1111111111111111111111111000000000000000000111111111111111111111
1111111111111111111111111000000000000000000011111111111111111111
1111111111111111111111110000000000000000000011111111111111111111
1111111111111111111111100000000000000000000011111111111111111111
1111111111111111111111111000000000000000000011111111111111111111
1111111111111111111111111110000000000111000001111111111111111111
1111110000111111111111111111000000000111100001111111100111111111
1111000000000011111111111100000000000011110011111000000001111111
1000000110000000000000000000000000000000000110000000000000011111
0000000100001000000000000000000000000000000000000000000000000011
0011000110011000000001100000000000000000110000000111111000000000
0011101111111000000111000000000000000000011100001111111111000000
0111111111111000111111000000000000000000011111111111111111111110
1111111111111111111111100000000000000000111111111111111111111111
1111111111111111111111000000000000000000011111111111111111111111
1111111111111111111111000000000000000000011111111111111111111111
1111111111111111111110000000000000000000001111111111111111111111
1111111111111111111110000000000000000000001111111111111111111111
1111111111111111111100010000000000000000000111111111111111111111
1111111111111111111000000000000000000000000111111111111111111111
