1111111111111111111111111111111111111111111111111111111111111111
1111111111111111111111111111111111111111111111111111111111111111
1111111111111111111111111110000000000111111111111111111111111111
1111111111111111111111111000000000000000111111111111111111111111
1111111111111111111111111000000000000000000111111111111111111111
1111111111111111111111111000000000000000000011111111111111111111
1111111111111111111111110000000000000000000011111111111111111111
1111111111111111111111100000000000000000000111111111111111111111
1111111111111111111111111000000000000000000011111111111111111111
1111111111111111111111111110000000000111000011111111111111111111
1111110001111111111111111111000000000111000011111111100111111111
1111000000000011111111111000000000000011110111111000000001111111
1000000110000000000000000000000000000000000100000000000000011111
0000000010000100000000000000000000000000000000000000000000000001
0001000111001000000001100000000000000000100000000011010000000000
0001100111111100000011000000000000000000011000011111111000000000
0011111111111100001111000000000000000000011111111111111111111100
1111111111111111111111100000000000000000111111111111111111111111
1111111111111111111111000000000000000000011111111111111111111111
1111111111111111111110000100000000000000011111111111111111111111
1111111111111111111100001000000000000000001111111111111111111111
1111111111111111110000010000000000000000001111111111111111111111
1111111111111111100000110000000000000000000111111111111111111111
1111111111111111000001100000000000000000000111111111111111111111
