1111111111111111111111111111111111111111111111111111111111111111
1111111111111111111111111111111111111111111111111111111111111111
1111111111111111111111111110000000000111111111111111111111111111
1111111111111111111111111000000000000000111111111111111111111111
1111111111111111111111110000000000000000001111111111111111111111
1111111111111111111111111000000000000000000111111111111111111111
1111111111111111111111110000000000000000000011111111111111111111
1111111111111111111111100000000000000000000111111111111111111111
1111111111111111111111111000000000000000000011111111111111111111
1111111111111111111111111110000000000110000011111111111111111111
1111110001111111111111111111000000000111000111111111100111111111
1111000000000111111111111000000000000011101111111000000001111111
1000000110000000000000000000000000000000000000000000000000001111
0000000010000100000000000000000000000000000000000000000000000000
0001100001100000000000100000000000000000100000000100010000000000
0000111001110010000001000000000000000000110000111111110000000000
1000111111111111000010000000000000000000111111111111111111110000
1100111111111111110111000000000000000000111111111111111111111111
1111111111111111111110000000000000000000011111111111111111111111
1111111111111000000000001100000000000000011111111111111111111111
1111111111111000000000111000000000000000001111111111111111111111
1111111111111100000011110000000000000000001111111111111111111111
1111111111111111111111110000000000000000000111111111111111111111
1111111111111111111111100000000000000000000111111111111111111111
