1111111111111111111111111111111111111111111111111111111111111111
1111111111111111111111111111111111111111111111111111111111111111
1111111111111111111111111100000000000111111111111111111111111111
1111111111111111111111111000000000000000111111111111111111111111
1111111111111111111111110000000000000000001111111111111111111111
1111111111111111111111110000000000000000000111111111111111111111
1111111111111111111111100000000000000000000111111111111111111111
1111111111111111111111100000000000000000000111111111111111111111
1111111111111111111111111000000000000000000111111111111111111111
1111111111111111111111111110000000000110000111111111111111111111
1111110001111111111111111110000000000110000111111111000111111111
1111000000000111111111111000000000000011101111111000000000111111
1000000010000000000000000000000000000000000000000000000000001111
0000000000000000000000000000000000000000000000000000000010000000
0001100001100000000000100000000000000000000000000100000000000000
0000111000111010000000000000000000000000100000111111100000000000
1000011111111111000000000000000000000000111111111111111110000000
1110011111111011111010000000000000000000111111111111111111111111
1111111111111000000100000100000000000000011111111111111111111111
1111111111111000000000011100000000000000011111111111111111111111
1111111111111100000001111000000000000000001111111111111111111111
1111111111111111111111110000000000000000001111111111111111111111
1111111111111111111111110000000000000000000111111111111111111111
1111111111111111111111100000000000000000000111111111111111111111
