1111111111111111111111111111111111111111111111111111111111111111
1111111111111111111111111111111111111111111111111111111111111111
1111111111111111111111111100000000000111111111111111111111111111
1111111111111111111111110000000000000000011111111111111111111111
1111111111111111111111110000000000000000000111111111111111111111
1111111111111111111111110000000000000000000111111111111111111111
1111111111111111111111100000000000000000000111111111111111111111
1111111111111111111111000000000000000000000111111111111111111111
1111111111111111111111111000000000000000000111111111111111111111
1111111111111111111111111100000000001100000111111111111111111111
1111111001111111111111111110000000000110000111111110000000111111
1111100000000011111111111000000000000011001111110000001000001111
1100000011000000000000000000000000000000000000000000010000000000
0000000001000010000000000000000000000000000000001000010000100000
0000110001100010000100000000000000000000000100001001110001100001
1000011000111001000010000000000000000000011000111011110011100011
1100001111111111110011100000000000000000111001111111111111100111
0111001111111111111100000000000000000000011111111111111111101111
0111111111111111110000000100000000000000011111111111111111111111
1111111111111000000000111100000000000000001111111111111111111111
1111111110000000000111111000000000000000001111111111111111111111
1111111111100011111111110000000000000000000111111111111111111111
1111111111111111111111110000000000000000000111111111111111111111
1111111111111111111111100000000000000000000111111111111111111111
