1111111111111111111111111111111111111111111111111111111111111111
1111111111111111111111111111111111111111111111111111111111111111
1111111111111111111111111100000000000111111111111111111111111111
1111111111111111111111111000000000000000001111111111111111111111
1111111111111111111111110000000000000000000111111111111111111111
1111111111111111111111110000000000000000000111111111111111111111
1111111111111111111111100000000000000000000111111111111111111111
1111111111111111111111000000000000000000000111111111111111111111
1111111111111111111111111000000000000000000111111111111111111111
1111111111111111111111111100000000001100000111111111111111111111
1111111000111111111111111110000000000110000111111111000000111111
1111100000000011111111111000000000000011001111110000000100001111
1100000011000000000000000000000000000000000000000000001000000000
0000000001000110000000000000000000000000000010000100001000110000
0000110001100010000100000000000000000000000110001100011000100001
1000011001110011000110000000000000000000011100011100111101110001
1100011111111111110111100000000000000000111100111111111111111001
1111011111111111111100000000000000000000011111111111111111111011
1111111111111111110000000100000000000000011111111111111111111111
1111111111111000000000111100000000000000001111111111111111111111
1111111110000000000111111000000000000000001111111111111111111111
1111111111100011111111110000000000000000000111111111111111111111
1111111111111111111111110000000000000000000111111111111111111111
1111111111111111111111100000000000000000000111111111111111111111
