1111111111111111111111111111111111111111111111111111111111111111
1111111111111111111111111111111111111111111111111111111111111111
1111111111111111111111111100000000000011111111111111111111111111
1111111111111111111111111000000000000000001111111111111111111111
1111111111111111111111110000000000000000000111111111111111111111
1111111111111111111111111000000000000000000011111111111111111111
1111111111111111111111100000000000000000000011111111111111111111
1111111111111111111111100000000000000000000111111111111111111111
1111111111111111111111111000000000000000000011111111111111111111
1111111111111111111111111110000000000110000011111111111111111111
1111110000111111111111111110000000000110000111111111100001111111
1111000000000001111111111100000000000001001111111000000000001111
1000000010000000000000000000000000000000000000000000000100000001
0000000010000100000000000000000000000000000000000110000100000000
0000100110001100001100000000000000000000000011000011000110000000
0000101111111110011110000000000000000000000111100111110111100000
1011111111111111011111100000000000000000001111100111111111111110
1111111111111111111100000000000000000000011111111111111111111111
1111111111111111110000000100000000000000011111111111111111111111
1111111111111000000000111100000000000000001111111111111111111111
1111111110000000000111111000000000000000001111111111111111111111
1111111111100011111111110000000000000000000111111111111111111111
1111111111111111111111110000000000000000000111111111111111111111
1111111111111111111111100000000000000000000111111111111111111111
