0000000000000000000000000000000000000000000000000000000000000000
0000000000000000000000000000000000011000000000000000000000000000
0000000000000000000000011111111111111100000000000000000000000000
0000000000000000000000011111111111111100000000000000000000000000
0000000000000000000000000111111111110000000000000000000000000000
0000000000000000000000000111111111110000000000000000000000000000
0000000000000000000000000111111111100000000000000000000000000000
0000000000000000000000001111111111000000000000000000000000000000
0000000000000000000000000111111111000000000000000000000000000000
0000000000000000000000000111111111110000000000000000000000000000
0000000000000000000000001111111111111000000000000000000000000000
0000000000000000000000011100111111111100000000000000000000000000
0000000000000000000000011100111111111110000000000000000000000000
0000000000000000000000111100111111111110000000000000000000000000
0000000000000000000000111100111111111110000000000000000000000000
0000000000000000000000111100111111111111000000000000000000000000
0000000000000000000001111100111111111111100000000000000000000000
0000000000000000000011111000111111111111100000000000000000000000
0000000000000000000011111001111111111111100000000000000000000000
0000000000000000000011110011111111111111000000000000000000000000
0000000000000000000011100011111111111111000000000000000000000000
0000000000000000000011000111111111111111000000000000000000000000
0000000000000000000110001111111111111111100000000000000000000000
0000000000000000000000011111111111111111110000000000000000000000
