1111111111111111111111111111111111111111111111111111111111111111
1111111111111111111111111111111111111111111111111111111111111111
1111111111111111111111111100000000000011111111111111111111111111
1111111111111111111111111000000000000000001111111111111111111111
1111111111111111111111111000000000000000000111111111111111111111
1111111111111111111111111000000000000000000011111111111111111111
1111111111111111111111100000000000000000000011111111111111111111
1111111111111111111111100000000000000000000111111111111111111111
1111111111111111111111111000000000000000000011111111111111111111
1111111111111111111111111110000000000110000011111111111111111111
1111110000011111111111111110000000000111000111111111110001111111
1111000000000001111111111100000000000001101111111000000000011111
1000000010000000000000000000000000000000000000000000000100000011
0000000000001100000000000000000000000000000000000011000000000000
0001000100011100011000010000000000000000100001100001100010000000
0001011110111100011100010000000000000000100001100001110001100000
0111111111111100111110100000000000000000110011111001111111111110
1111111111111111111110000000000000000000010011111101111111111111
1111111111111111110000000100000000000000011111111111111111111111
1111111111111000000000111100000000000000001111111111111111111111
1111111110000000000111111000000000000000001111111111111111111111
1111111111100011111111110000000000000000000111111111111111111111
1111111111111111111111110000000000000000000111111111111111111111
1111111111111111111111100000000000000000000011111111111111111111
