1111111111111111111111111111111111111111111111111111111111111111
1111111111111111111111111111111111111111111111111111111111111111
1111111111111111111111111100000000000011111111111111111111111111
1111111111111111111111111000000000000000001111111111111111111111
1111111111111111111111111000000000000000000011111111111111111111
1111111111111111111111111000000000000000000011111111111111111111
1111111111111111111111100000000000000000000011111111111111111111
1111111111111111111111100000000000000000000011111111111111111111
1111111111111111111111111000000000000000000011111111111111111111
1111111111111111111111111110000000000110000011111111111111111111
1111110000011111111111111111000000000111000011111111111001111111
1110000000000001111111111100000000000001100111111110000000011111
0000000110000000000000000000000000000000000000000000000110000111
0000000000001100000000000000000000000000000000000011000000000000
0001000100011000011000110000000000000000110000100001000010001000
0000001100111000111000110000000000000000110000100001110011000000
0111111111111001111001100000000000000000011100111001111011100100
1111111111111111111110000000000000000000001110011101111111111110
1111111111111111110000000100000000000000000111111111111111111111
1111111111111000000000011100000000000010000000000111111111111111
1111111100000000000111111000000000000001100000000001111111111111
1111111111000001111111110000000000000000111000000011111111111111
1111111111111111111111110000000000000000111100000111111111111111
1111111111111111111111100000000000000000011111111111111111111111
