1111111111111111111111111111111111111111111111111111111111111111
1111111111111111111111111111100000001111111111111111111111111111
1111111111111111111111111100000000000001111111111111111111111111
1111111111111111111111111000000000000000000111111111111111111111
1111111111111111111111111000000000000000000011111111111111111111
1111111111111111111111111000000000000000000001111111111111111111
1111111111111111111111100000000000000000000011111111111111111111
1111111111111111111111100000000000000000000011111111111111111111
1111111111111111111111111000000000000000000001111111111111111111
1111111011111111111111111110000000000111000001111111111111111111
1111100000001111111111111111000000000111000011111111111111111111
1100000100000001111111111100000000000001100111111111000000011111
0000000010000000000000000000000000000000000011110000000010000111
0001000010000100000000000000000000000000000000000010000100000000
0001100011001100000000110000000000000000010000100010000100001000
0001100111001100010000110000000000000000010000100011001100010000
0001110111111110010001100000000000000000011000100111011101110000
1011111111111110111010000000000000000000000111111111111111110011
1111111111111111110000000100000000000000000000111111111111111111
1111111111111000000000011100000000000011100000000001111111111111
1111111100000000000011111000000000000001111100000000000111111111
1111111100000000111111110000000000000000111111111000000111111111
1111111111111111111111110000000000000000111111111111111111111111
1111111111111111111111100000000000000000011111111111111111111111
