1111111111111111111111111111111111111111111111111111111111111111
1111111111111111111111111111000000000111111111111111111111111111
1111111111111111111111111100000000000001111111111111111111111111
1111111111111111111111111000000000000000000111111111111111111111
1111111111111111111111111000000000000000000011111111111111111111
1111111111111111111111111000000000000000000001111111111111111111
1111111111111111111111100000000000000000000011111111111111111111
1111111111111111111111100000000000000000000011111111111111111111
1111111111111111111111111000000000000000000001111111111111111111
1111111111111111111111111110000000000111000001111111111111111111
1111100000011111111111111111000000000111000011111111111111111111
1100000100000001111111111100000000000001110111111111000000011111
0000000010000000000000000000000000000000000011110000000010000011
0001000010000100000000000000000000000000000000000000000100000000
0001100011000100001000110000000000000000010001000010000100001000
0001110011100100001000100000000000000000010001000010001000110000
0001111011111110011001100000000000000000011001100110111001110000
1001111111111111011000000000000000000000000011101111111111100011
1111111111111111110000000100000000000000000000111111111111101111
1111111111110000000000011100000000000011100000000001111111111111
1111111100000000000011111000000000000001111100000000000111111111
1111111100000000111111110000000000000000111111110000000111111111
1111111111111111111111110000000000000000111111111111111111111111
1111111111111111111111100000000000000000011111111111111111111111
