1111111111111111111111111111111111111111111111111111111111111111
1111111111111111111111111110000000000111111111111111111111111111
1111111111111111111111111000000000000001111111111111111111111111
1111111111111111111111110000000000000000000111111111111111111111
1111111111111111111111110000000000000000000011111111111111111111
1111111111111111111111110000000000000000000001111111111111111111
1111111111111111111111000000000000000000000011111111111111111111
1111111111111111111111100000000000000000000011111111111111111111
1111111111111111111111111000000000000000000001111111111111111111
1111111111111111111111111110000000000111000001111111111111111111
1111100000111111111111111110000000000111000011111111111100111111
1100000000000011111111111100000000000011100111111111000000001111
0000000110000000000000000000000000000000000000000000000011000001
0001000010000100000000000000000000000000000000000000000100000000
0001000011000100001000000000000000000000000001000010000100001100
0001100011100100001000000000000000000000000001000010001100011000
0001110011110110001100100000000000000000010011000110011100110000
1001111111111111001100000000000000000000000111001111111111110001
1111111111111111111000000100000000000000000000111111111111110011
1111111111110000000000011100000000000011000000000001111111111111
1111111001000000000011111000000000000001111100000000111111111111
1111111000000000011111110000000000000000111111110000000011111111
1111111111111111111111110000000000000000111111111111001111111111
1111111111111111111111100000000000000000011111111111111111111111
