1111111111111111111111111111111111111111111111111111111111111111
1111111111111111111111111110000000000111111111111111111111111111
1111111111111111111111111000000000000001111111111111111111111111
1111111111111111111111110000000000000000000111111111111111111111
1111111111111111111111110000000000000000000011111111111111111111
1111111111111111111111110000000000000000000001111111111111111111
1111111111111111111111000000000000000000000011111111111111111111
1111111111111111111111000000000000000000000011111111111111111111
1111111111111111111111111000000000000000000001111111111111111111
1111111111111111111111111110000000000111000001111111111111111111
1111100001111111111111111110000000000111000011111111111100111111
1110000000000011111111111100000000000011100111111111000000001111
0000000110000000000000000000000000000000000000000000000011000001
0001000000001100000000000000000000000000000000000001000000000000
0001000010000100001000000000000000000000000001000011000100001100
0001100011000100001000000000000000000000000001000011001100011000
0001110011101110001100100000000000000000000011000111011100111000
1001111111111111001110000000000000000000000111001111111111111000
1101111111111111111000000100000000000000000001111111111111111001
1111111111110000000000001100000000000011000000000001111111111111
1111111111100000000001111000000000000001111100000000111111111111
1111111000000000011111110000000000000000111111110000000011111111
1111111111001111111111110000000000000000111111111111000111111111
1111111111111111111111100000000000000000011111111111111111111111
