1111111111111111111111111111111111111111111111111111111111111111
1111111111111111111111111110000000000111111111111111111111111111
1111111111111111111111111000000000000001011111111111111111111111
1111111111111111111111110000000000000000000011111111111111111111
1111111111111111111111110000000000000000000001111111111111111111
1111111111111111111111110000000000000000000001111111111111111111
1111111111111111111111000000000000000000000011111111111111111111
1111111111111111111111000000000000000000000011111111111111111111
1111111111111111111111111000000000000000000001111111111111111111
1111111111111111111111111110000000000111000001111111111111111111
1111100001111111111111111110000000000111000001111111111100011111
1110000000000111111111111100000000000011100011111111000000000111
0000001100000000000000000000000000000000000000100000000011000001
0000000100001100000000000000000000000000000000000001000010000000
0010000110001000011000100000000000000000000001100001000010000100
0001000110001100011000000000000000000000000001100001000110001100
0011100111011100011100100000000000000000000011100011100111001100
0011111111111110011110000000000000000000000111100111111111011100
1011111111111111111000000000000000000000000001111111111111111110
1111111111110001000000001100000000000011000000000001111111111111
1111111111100000000001111000000000000001111000000000111111111111
1111111000000000001111110000000000000000111111110000000011111111
1111111110000111111111110000000000000000111111111110000111111111
1111111111111111111111100000000000000000011111111111111111111111
