1111111111111111111111111111111111111111111111111111111111111111
1111111111111111111111111100000000000111111111111111111111111111
1111111111111111111111111000000000000001011111111111111111111111
1111111111111111111111110000000000000000000011111111111111111111
1111111111111111111111110000000000000000000001111111111111111111
1111111111111111111111110000000000000000000001111111111111111111
1111111111111111111111000000000000000000000011111111111111111111
1111111111111111111111000000000000000000000011111111111111111111
1111111111111111111111111000000000000000000001111111111111111111
1111111111111111111111111100000000000111000001111111111111111111
1111100001111111111111111110000000000111000001111111111100011111
1110000000000111111111111000000000000011100011111111000000000111
0000001100000000000000000000000000000000000001100000000011000001
0000000100001000000000000000000000000000000000000001000010000000
0010000100001000011000100000000000000000010001100001000010000110
0011000110011000011000000000000000000000000001100001100011000100
0011001111011100011100100000000000000000010011100011100111001100
0011111111111110111100000000000000000000000011110011111111101110
0111111111111111111000000000000000000000000001111111111111111110
1111111111110001000000001100000000000011000000000000111111111111
1111111111100000000001111000000000000001111000000000111111111111
1111111000000000001111110000000000000000111111100000000011111111
1111111100000111111111110000000000000000111111111110000011111111
1111111111111111111111100000000000000000011111111111111111111111
