0000000000000000000000000000000000000000000000000000000000000000
0000000000000000000000000000000000011100000000000000000000000000
0000000000000000000000011111101111111110000000000000000000000000
0000000000000000000000001111111111111100000000000000000000000000
0000000000000000000000000111111111111000000000000000000000000000
0000000000000000000000000011111111111000000000000000000000000000
0000000000000000000000000001111111110000000000000000000000000000
0000000000000000000000000011111111110000000000000000000000000000
0000000000000000000000000011111111110000000000000000000000000000
0000000000000000000000000011111111111000000000000000000000000000
0000000000000000000000001111111111111100000000000000000000000000
0000000000000000000000011111111111111110000000000000000000000000
0000000000000000000000011111111111111111000000000000000000000000
0000000000000000000000100110011111111111000000000000000000000000
0000000000000000000000101110011111111111100000000000000000000000
0000000000000000000000111110011111111111110000000000000000000000
0000000000000000000000111110011111111111110000000000000000000000
0000000000000000000000111110011111111111111000000000000000000000
0000000000000000000000111100111111111111111000000000000000000000
0000000000000000000001111100111111111111111000000000000000000000
0000000000000000000000111001111111111111110000000000000000000000
0000000000000000000001110011111111111111110000000000000000000000
0000000000000000000001000111111111111111110000000000000000000000
0000000000000000000000001111111111111111111000000000000000000000
