1111111111111111111111111111111111111111111111111111111111111111
1111111111111111111111111100000000000011111111111111111111111111
1111111111111111111111110000000000000001000111111111111111111111
1111111111111111111111110000000000000000000011111111111111111111
1111111111111111111111110000000000000000000011111111111111111111
1111111111111111111111000000000000000000000011111111111111111111
1111111111111111111111000000000000000000000011111111111111111111
1111111111111111111111100000000000000000000001111111111111111111
1111111111111111111111110000000000000000000001111111111111111111
1111111111111111111111111100000000000111000001111111111111111111
1111100111111111111111111111000000001111100011111111111110011111
1110000000001111111111111000000000000011110111111111000000000111
0000011000000000111100010000000000000000100011110000000011100000
0000001000011000000000000000000000000000000000000001100001000000
0100001000010000110000100000000000000000010000110000100001000010
0100011000110000110000100000000000000000010000110000110001100010
0110111101111000110001100000000000000000011000110001111011110010
1111111111111001111001000000000000000000001001111001111111110111
1111111111111111111000000000000000000000000001111111111111111111
1111111111111111100000001100000000000010000000000001111111111111
1111111111100000000001111000000000000001111000000000111111111111
1111110000000000001111111000000000000000111111000000000001111111
1111111000000011111111110000000000000000111111111100000001111111
1111111111111111111111100000000000000000011111111111111111111111
