0000000000000000000000000000000000000000000000000000000000000000
0000000000000000000000000000000000000000000000000000000000000000
0000000000000000000000000000000001111110000000000000000000000000
0000000000000000000000001111111111111110000000000000000000000000
0000000000000000000000000111111111111000000000000000000000000000
0000000000000000000000000011111111111100000000000000000000000000
0000000000000000000000000001111111111000000000000000000000000000
0000000000000000000000000001111111111000000000000000000000000000
0000000000000000000000000001111111111000000000000000000000000000
0000000000000000000000000001111111111000000000000000000000000000
0000000000000000000000000111111111111110000000000000000000000000
0000000000000000000000001111111111111110000000000000000000000000
0000000000000000000000011111111111111111000000000000000000000000
0000000000000000000000110111011111111111100000000000000000000000
0000000000000000000000100111001111111111100000000000000000000000
0000000000000000000000100111001111111111110000000000000000000000
0000000000000000000000111111001111111111111000000000000000000000
0000000000000000000000111111011111111111111100000000000000000000
0000000000000000000000111110011111111111111100000000000000000000
0000000000000000000000111110111111111111111100000000000000000000
0000000000000000000000011100111111111111111000000000000000000000
0000000000000000000000111001111111111111110000000000000000000000
0000000000000000000000100011111111111111110000000000000000000000
0000000000000000000000000111111111111111111000000000000000000000
