1111111111111111111111111111111111111111111111111111111111111111
1111111111111111111111111000000000000011111111111111111111111111
1111111111111111111111110000000000000000000011111111111111111111
1111111111111111111111110000000000000000000001111111111111111111
1111111111111111111111110000000000000000000001111111111111111111
1111111111111111111111000000000000000000000001111111111111111111
1111111111111111111110000000000000000000000001111111111111111111
1111111111111111111111100000000000000000000001111111111111111111
1111111111111111111111110000000000000000000001111111111111111111
1111111111111111111111111100000000000011000001111111111111111111
1111111111111111111111111111000000001111100001111111111111001111
1100000000111111111111111000000000000011110011111111100000000011
0000110000000111111111110000000000000000111111111100000000110000
0000011000000000000000000000000000000000000000000000000001000000
1000001000010000000001000000000000000000000000010000100001000011
0100001000110000100000000000000000000000010000110000100011000010
0100011100110000110001000000000000000000011000110001110011100110
1110011100111001110001000000000000000000001000110001111111101110
1111111111111101110000000000000000000000000001111011111111111110
1111111111000011000000000100000000000010000000000000001111111111
1111111110000000000000111000000000000001100000000000001111111111
1111000000000000001111111000000000000001111111000000000000011111
1111110000000111111111110000000000000000111111111110000000111111
1111111111111111111111100000000000000000011111111111111111111111
