1111111111111111111111111111111111111111111111111111111111111111
1111111111111111111111111000000000000011111111111111111111111111
1111111111111111111111110000000000000000000111111111111111111111
1111111111111111111111100000000000000000000001111111111111111111
1111111111111111111111100000000000000000000001111111111111111111
1111111111111111111111100000000000000000000000111111111111111111
1111111111111111111110000000000000000000000000111111111111111111
1111111111111111111111000000000000000000000001111111111111111111
1111111111111111111111110000000000000000000000111111111111111111
1110000011111111111111111100000000000011000000111111111000000111
0000000000011111111111111110100000001111100000111111000000000000
0000011000000011111111111000000000000011110001110000000001100000
0000000000010000000000000000000000000000000000000000100001000001
1000011000010000000000000000000000000000000000110000100001100011
1100011000110000100000000000000000000000000000010000110001100011
1100111100110000100001000000000000000000001000110000110011100111
1110111101111001110001000000000000000000001000111001111111111111
1111111111111001110010000000000000000000001101111001111111111111
1111111110011111111000000000000000000000000011111111000111111111
1111000000000000000000000000000000000000000000000000000000001111
1111000000000000000000001000000000000001000000000000000000001111
1111100000000000000011111000000000000001111100000000000000011111
1111111111111111111111110000000000000000111111111111111111111111
1111111111111111111111100000000000000000011111111111111111111111
