0000000000000000000000000000000000000000000000000000000000000000
0000000000000000000000000000111111111000000000000000000000000000
0000000000000000000000000011111111111111000000000000000000000000
0000000000000000000000000011111111111111100000000000000000000000
0000000000000000000000000111111111111111111110000000000000000000
0000000000000000000000011111111111111111111111000000000000000000
0000000000000000000000000111111111111111101111000000000000000000
0000000000000000000000000111111111111111001110000000000000000000
0000000000000000000000000001110011111110011110000000000000000000
0000010001100000000000000000001110000000011111000000010000111000
1001110001100000000000000000001110000000011111001000011100111001
1001100011000011000011010001111111110001001110001100001100001000
0010000010000111000111001111111111111110001100001110000100000000
0000000000000110000111111111111111111111101100000100000000000000
0000000000000100000110011111111111111111100100000010000000000000
0000000000000000000100111111111111111111100000000000000000000000
0000000000000000000000111111111111111111100000000000000000000000
0000000000000000000001111111111111111111110000000000000000000000
0000000000000000000001110011111111111100110000000000000000000000
0000000000000000000011100011111111111100111100000000000000000000
0000000000100000011111000011111111111100001111100000010000010000
0000111111111011110000000011111111111100000000111111111111110000
0000000000001110000000000111111111111110000000000111110000000000
0000000000000000000000001111111111111111000000000000000000000000
