0000000000000000000000000000000000000000000000000000000000000000
0000000000000000000000000000111111111100000000000000000000000000
0000000000000000000000000011111111111111100000000000000000000000
0000000000000000000000000011111111111111100000000000000000000000
0000000000000000000000000111111111111111111111100000000000000000
0000000000000000000000011111111111111111111111100000000000000000
0000000000000000000000000111111111111111101111000000000000000000
0000000000000000000000000111111111111111001110000000000000000000
0000000000000000000000000011110011111110001110000000000000000000
0000000001100000000000000000001110001000001111000000010000111000
0001100001100000000000000000001111000000001110001000011100011000
0001100011100011000011010001111111110001001100001100001100001100
0011000011000111000011001111111111111111011100001110000100000000
0000000010000110000111111111111111111111111100000100000000000000
0000000000000010000010111111111111111111101100000000000000000000
0000000000000000000010111111111111111111100000000000000000000000
0000000000000000000000111111111111111111110000000000000000000000
0000000000000000000001111111111111111111110000000000000000000000
0000000000000000000001110011111111111100111000000000000000000000
0000000000000000000011100011111111111100111100000000000000000000
0001000001000000011110000011111111111100001111100000011000001000
0000111111110011110000000111111111111100000000111101111111110000
0000000000011110000000000111111111111110000000000111111001000000
0000000000000000000000001111111111111111000000000000000000000000
