0000000000000000000000000011111111111111110000000000000000000000
0000000000000000000000000111111111111111111000000000000000000000
0000000000000000000000000111111111111111111111111000000000000000
0000000000000000000000111111111111111111111111111000000000000000
0000000000000000000000001111111111111111111111110000000000000000
0000000000000000000000001111111111111111110011110000000000000000
0000000000000000000000000111101111111111100011100000000000000000
0000000000000000000000000011110001111111000111110000000000000000
0010000110000000000000000000001111000100000111110000000110000110
0110000110000000000000000000001111000000000111110010000110000110
0111000111000100000110100001111111110000010111100110001110001110
0011000011001110000110011111111111111111100111000111001100001100
0001000001001110001111111111111111111111111110000110000000001000
0000000000000110000111111111111111111111111100000100000000000000
0000000000000000000011111111111111111111111000000000000000000000
0000000000000000000001111111111111111111111000000000000000000000
0000000000000000000011111111111111111111111000000000000000000000
0000000000000000000011100111111111111111111100000000000000000000
0000000000000000000111100111111111111110011100000000000000000000
0000000000000000000111000111111111111110011110000000000000000000
0000001000000000111110000111111111111110001111110000000001000000
0000001110000111110000000111111111111110000001111110000111000001
1111111111111110000000001111111111111110000000000111111111111111
0000000011100000000000011111111111111111000000000000111111000110
