0000000000000000000000000011111111111111111000000000000000000000
0000000000000000000000000111111111111111111000110000000000000000
0000000000000000000000001111111111111111111111111000000000000000
0000000000000000000000111111111111111111111111111000000000000000
0000000000000000000000001111111111111111111111110000000000000000
0000000000000000000000001111111111111111110011110000000000000000
0000000000000000000000000111100111111111100011110000000000000000
0000000000000000000000000001110001111111000111110000000000000000
0110000100000000000000000000001111000100000011110000000010000010
0110000110001000000000000000011111000000000011110011000111000110
0111001111001100000110100011111111111000010111100011001110001110
0011000010001110001110011111111111111111100111000111000100001100
0001000000001110001111111111111111111111111110000110000000001000
0000000000000110000111111111111111111111111100000110000000000000
0000000000000000000011111111111111111111111100000000000000000000
0000000000000000000001111111111111111111111000000000000000000000
0000000000000000000011111111111111111111111000000000000000000000
0000000000000000000011100111111111111111111100000000000000000000
0000000000000000000111100111111111111110011100000000000000000000
0000000000000000000111000111111111111110011110000000000000000000
0000010000000001111110000111111111111110001111110000000001000000
0000011100001111110000000111111111111110000001111110000011100000
1111111111111110000000001111111111111111000000000111111111111111
0100001111110000000000011111111111111111100000000000111111110110
