0000000000000000000000000111111111111111111000000000000000000000
0000000000000000000000000111111111111111111101111000000000000000
0000000000000000000001111111111111111111111111111100000000000000
0000000000000000000000111111111111111111111111111000000000000000
0000000000000000000000001111111111111111111011110000000000000000
0000000000000000000000001111111111111111110011110000000000000000
0000000000000000000000000111100111111111100011110000000000000000
0000010000000000000000000001110001111111000011110000000001000000
1100000100000000000000000000001111000000000011110000000011000011
0110001100001000000000000000011111000000000011110011000111000111
0111001110001100000100100011111111111000000111100011000110001110
0011000110011110001110011111111111111111100111000111100100001100
0001000010001100001111111111111111111111111110000111000000001000
0000000000000100000111111111111111111111111110000010000000000000
0000000000000000000011111111111111111111111100000000000000000000
0000000000000000000011111111111111111111111000000000000000000000
0000000000000000000011111111111111111111111000000000000000000000
0000000000000000000111100111111111111111111100000000000000000000
0000000000000000000111100111111111111110011100000000000000000000
0000000000000000001111000111111111111110011110000000000000000000
0000000000000001111110000111111111111110001111110000000000100000
0000011000001111110000001111111111111111000001111111000011100000
1111111111111110000000001111111111111111000000000111111111111111
1100111111110000000000011111111111111111100000000000111111111111
