0000000000000000000000000111111111111111111100111110000000000000
0000000000000000000001111111111111111111111111111110000000000000
0000000000000000000001111111111111111111111111111110000000000000
0000000000000000000000001111111111111111111111111000000000000000
0000000000000000000000001111111111111111111001111000000000000000
0000000000000000000000001111101111111111110001111000000000000000
0000000000000000000000000011110001111111100011111000000000001000
1000011000000000000000000000001111010110000011111000000001100000
1000011000000000000000000000001111000000000001111000000001100000
1110011100011000001111000000111111100000001011111001100011100011
1110001100011000001100101111111111111110010011100001110011000011
0010000100111100011110111111111111111111100111100011100010000110
0000000000011100001111111111111111111111111111000011000000000000
0000000000001100001111111111111111111111111110000010000000000000
0000000000000000000111111111111111111111111100000000000000000000
0000000000000000000011111111111111111111111100000000000000000000
0000000000000000000111111111111111111111111100000000000000000000
0000000000000000000111101111111111111111111110000000000000000000
0000000000000000001111001111111111111111011110000000000000000000
0000000000000000001110001111111111111111001111000000000000000000
0000000000000001111100001111111111111111000111111000000000001000
0001100000001111111000001111111111111111000001111111000000111000
1111111001111110000000001111111111111111000000001111111001111111
1111111111110000000000011111111111111111100000000000111111111111
