0000000000000000000000001111111111111111111111111110000000000000
0000000000000000000011111111111111111111111111111110000000000000
0000000000000000000000111111111111111111111111111110000000000000
0000000000000000000000001111111111111111111101111100000000000000
0000000000000000000000011111111111111111111001111100000000000000
0000000000000000000000000111100111111111110001111000000000000000
0010000000000000000000000011110001111111100001111100000000001000
0000011000000000000000000000001111010010000001111100000000100000
0000011000000000000000000000011111000000000001111100000001110000
1100111100011000001111000001111111110000001011111001100011110011
1100011100111000001100111111111111111110010011100001110011100011
0110001100111100011110111111111111111111110111100011110011000010
0000000100011000011111111111111111111111111111000001100000000000
0000000000001000001111111111111111111111111111000001000000000000
0000000000000000000111111111111111111111111110000000000000000000
0000000000000000000111111111111111111111111100000000000000000000
0000000000000000000111111111111111111111111100000000000000000000
0000000000000000001111101111111111111111111110000000000000000000
0000000000000000001111001111111111111111011110000000000000000000
0000000000000000011110001111111111111111001111000000000000000000
0000000000000001111100001111111111111111000111111000000000000000
0011000000011111110000001111111111111111000001111111000000011000
1111110011111110000000001111111111111111000000001111111101111111
1111111111110000000000011111111111111111100000000000111111111111
