0000000000000000000000111111111111111111111111111111000000000000
0000000000000000000011111111111111111111111111111111000000000000
0000000000000000000000111111111111111111111111111110000000000000
0000000000000000000000001111111111111111111101111100000000000000
0000000000000000000000011111111111111111110001111100000000000000
0000000000000000000000000111100011111111110001111100000000000000
0011000000000000000000000001110001111111100001111100000000001000
0000110000000000000000000000001111000000000001111100000000110000
0000110000100000000000000000011111000000000001111100110000110000
1100111000110000001001000011111111111000001001111000110001110001
1100011001111000011000111111111111111111010011110001111001100011
0100001000111000011110111111111111111111110111100001110001000010
0000000000011000011111111111111111111111111111100001100000000000
0000000000001000001111111111111111111111111111000001000000000000
0000000000000000000111111111111111111111111110000000000000000000
0000000000000000000111111111111111111111111100000000000000000000
0000000000000000000111111111111111111111111110000000000000000000
0000000000000000001111001111111111111111111110000000000000000000
0000000000000000001111001111111111111111011111000000000000000000
0000000000000000011110001111111111111111001111000000000000000000
0000000000000011111100001111111111111111000111111000000000000000
0011000000011111110000001111111111111111000001111111000000001100
1111110011111110000000001111111111111111000000001111111100111111
1111111111110000000000011111111111111111100000000000111111111111
