0000000000000000000001111111011111111111111111000011111100000000
0000000000000000000000111111000011111111111110000011111100000000
0000000000000000000000011111110001111111111110000111111110000000
0000000000000000000000000001111111111111111000000111111110000000
0000000000000000000000000000011111000001000000000011111100000001
0001000000000000000000000000111111100000000000000011111100000000
0000111100000001110000000011111111111000000000111111111001110000
0000110000000010001000111111111111111111100011001111110000111000
0001111000001111000111111111111111111111111110001111100001111100
0011111100011111101111111111111111111111111111111111100001111100
0001111000001111111111111111111111111111111111111111000001111000
0001111000001111111111111111111111111111111111111111000000111000
0000000000000000000000000000000000000000000000000000000000000000
0000000000000000000000000000000000000000000000000000000000000000
0000000000000000000000000000000000000000000000000000000000000000
0000000000000011111111111111111111111111111111111000000000000000
0000000000000011111111111111111111111111111111111000000000000000
0000000000000111111111111111111111111111111111111100000000000000
0000000000000111111001111111111111111111111111111100000000000000
0000000000001111110011111111111111111111111001111110000000000000
0000000000001111100001111111111111111111111000111110000000000000
0000000011111111000001111111111111111111111000111111111000000000
0000011111111110000011111111111111111111111000001111111111100000
0111111111111000000011111111111111111111111100000011111111111100
