0000000000000000000000000010111111111011010100000000000111111111
0000000000000000000000000001111111110010000000000000000011111111
0000000000000000000000000001111111110000000000000000000011111110
1000000000001100000000111111111111111111100000000111111111111111
0000000001110111001111111111111111111111111100001110111011110000
1000000001100001111111111111111111111111111111111000111100100001
1100000111110001111111111111111111111111111111111001111111000001
1100001111111111111111111111111111111111111111111111111111000001
1000001111111111111111111111111111111111111111111111111111000001
1000000111111111111111111111111111111111111111111111111110000000
0000000111111111111111111111111111111111111111111111111110000000
0000000011111111111111111111111111111111111111111111111100000000
0000000000000000000000000000000000000000000000000000000000000000
0000000000000000000000000000000000000000000000000000000000000000
0000000000000000000000000000000000000000000000000000000000000000
0000000001111111111111111111111111111111111111111111111000000000
0000000011111111111111111111111111111111111111111111111000000000
0000000111111111111111111111111111111111111111111111111100000000
0000000111111110111111111111111111111111111111111111111100000000
0000001111111110111111111111111111111111111111111111111110000000
0000001111111100111111111111111111111111111111100111111110000000
0000011111111000011111111111111111111111111111100011111111000000
0111111111110000011111111111111111111111111111100001111111111100
1111111111100000111111111111111111111111111111100000111111111111
