0000000000000000000000000011111111111010000000000000000000011111
0000000000000000000000011111111111111111000000000000000000011111
1100111111111000001111111111111111111111111100000011111111111111
0000000111011100111111111111111111111111111111100111001110000100
0000001110000111111111111111111111111111111111111110001111100100
0000111111101111111111111111111111111111111111111111111111110000
0000111111111111111111111111111111111111111111111111111111110000
0000111111111111111111111111111111111111111111111111111111110000
0000111111111111111111111111111111111111111111111111111111100000
0000011111111111111111111111111111111111111111111111111111100000
0000011111111111111111111111111111111111111111111111111111100000
0000001111111111111111111111111111111111111111111111111111000000
0000000000000000000000000000000000000000000000000000000000000000
0000000000000000000000000000000000000000000000000000000000000000
0000000000000000000000000000000000000000000000000000000000000000
0000000000111111111111111111111111111111111111111111111110000000
0000011111111111111111111111111111111111111111111111111111000000
0000111111111111111111111111111111111111111111111111111111100000
0000111111111111111111111111111111111111111111111111111111100000
0001111111111011111111111111111111111111111111111111111111110000
0001111111110011111111111111111111111111111111111101111111110000
0001111111100011111111111111111111111111111111111001111111110000
1111111111000001111111111111111111111111111111111000111111111111
1111111110000011111111111111111111111111111111111000011111111111
