0111111111100001111111111111111111111111111111110000011111111111
0000111011110111111111111111111111111111111111111100111001110000
0001111000111111111111111111111111111111111111111111110001111000
0111111101111111111111111111111111111111111111111111111111111110
1111111111111111111111111111111111111111111111111111111111111111
1111111111111111111111111111111111111111111111111111111111111111
0111111111111111111111111111111111111111111111111111111111111110
0111111111111111111111111111111111111111111111111111111111111110
0011111111111111111111111111111111111111111111111111111111111100
0011111111111111111111111111111111111111111111111111111111111100
0001111111111111111111111111111111111111111111111111111111111000
0000111111111111111111111111111111111111111111111111111111110000
0000000000000000000000000000000000000000000000000000000000000000
0000000000000000000000000000000000000000000000000000000000000000
0000000000000000000000000000000000000000000000000000000000000000
0000000001111111111111111111111111111111111111111111111111111100
1111111111111111111111111111111111111111111111111111111111111110
1111111111111111111111111111111111111111111111111111111111111110
1111111111111111111111111111111111111111111111111111111111111111
1111111111111111111111111111111111111111111111111111111111111111
1111111110011111111111111111111111111111111111111111111111111111
1111111110011111111111111111111111111111111111111111101111111111
1111111100011111111111111111111111111111111111111111100111111111
1111111000011111111111111111111111111111111111111111000011111111
