0011110111111111111111111111111111111111111111111110011100011100
0011100011111111111111111111111111111111111111111111111100011100
1111110011111111111111111111111111111111111111111111111111111011
1111111111111111111111111111111111111111111111111111111111111111
1111111111111111111111111111111111111111111111111111111111111111
1111111111111111111111111111111111111111111111111111111111111111
1111111111111111111111111111111111111111111111111111111111111111
1111111111111111111111111111111111111111111111111111111111111111
1111111111111111111111111111111111111111111111111111111111111110
1111111111111111111111111111111111111111111111111111111111111111
0011111111111111111111111111111111111111111111111111111111111100
0011111111111111111111111111111111111111111111110011111111111000
0000000000000000000000000000000000000000000000000000000000000000
0000000000000000000000000000000000000000000000000000000000000000
0000000000000000000000000000000000000000000000000000000000000000
1011111111111111111111111111111111111111111111111111111111111111
1111111111111111111111111111111111111111111111111111111111111111
1111111111111111111111111111111111111111111111111111111111111111
1111111111111111111111111111111111111111111111111111111111111111
1111111111111111111111111111111111111111111111111111111111111111
1111111101111111111111111111111111111111111111111111111111111111
1111111001111111111111111111111111111111111111111111111111111111
1111110001111111111111111111111111111111111111111111111011111111
1111100001111111111111111111111111111111111111111111110001111111
