1111111111111111111111111111111111111111111111111111111111111111
1111111111111111111111111111111111111111111111111111111111111111
1111111111111111111111111111111111111111111111111111111111111111
1111111111111111111111111111111111111111111111111111111111111111
1111111111111111111111111111111111111111111111111111101111111111
1111111111111111111111111111111111111111111111111111111111111111
1111111111111111111111111111111111111111111111111111111111111111
1111111111111111111111111111111111111111111111111111111111111110
1111111111111111111111111111111111111111111111111111111111000000
1111111111111111111111111111111111111111111111111111111000000000
1111111000000000000000000000000000000000000000000111110000000000
0000000000000000000000000000000000000000000000000000000000000000
0000000000000000111111111111111111111111110000000000000000000000
1111111111111111111111111111111111111111111111110000000000000000
1111111111111111111111111111111111111111111111111111100000000000
1111111111111111111111111111111111111111111111111111111100000000
1111111111111111111111111111111111111111111111111111111100000000
1111111111111111111111111111111111111111111111111111111100000000
1111111111111111111111111111111111111111111111111111111111110000
1111111111111111111111111111111111111111111111111111111111110000
1111111111111111111111111111111111111111111111111111111111100000
1111111111111111111111111111111111111111111111111111111111110000
1111111111111111111111111111111111111110001111111111111111110000
1111111111111111111111111111111111111110000001111111111111110000
