1111111111111111111111111111111111111111111111111111111111111111
1111111111111111111111111111111111111111111111111111111111111111
1111111111111111111111111111111111111111111111111111111111111111
1111111111111111111111111111111111111111111111111111111111111111
1111111111111111111111111111111111111111111111111111011111111111
1111111111111111111111111111111111111111111111111111111111111111
1111111111111111111111111111111111111111111111111111111111111111
1111111111111111111111111111111111111111111111111111111111110011
1111111111111111111111111111111111111111111111111111110000000001
1111111111111111111111111111111111111111011111111111000000000000
1111110000000000000000000000000000000000000000000000000000000000
1000000000000000000000000000000000000000000000000000000000000000
1000000001111111111111111111111111111111010000000000000000000000
1111111111111111111111111111111111111111111111100000000000000000
1111111111111111111111111111111111111111111111111111000000000000
1111111111111111111111111111111111111111111111111111000000000000
1111111111111111111111111111111111111111111111111111000000000000
1111111111111111111111111111111111111111111111111111110000000000
1111111111111111111111111111111111111111111111111111111000000000
1111111111111111111111111111111111111111111111111111111000000000
1111111111111111111111111111111111111111111111111111111100000000
1111111111111111111111111111111111111000111111111111111100000000
1111111111111111111111111111111111111000000011111111111100000000
1111111111111111111111111111111111111111000000011101111100000000
