1111111111111111111111111111111111111111111111111111111111111100
1111111111111111111111111111111111111111111111111111111111110000
1111111111111111111111111111111111111111111111111100111111110000
1111111111111111111111111111111111111111111111111110011111110000
1111111111111111111111111111111111111111111111111111000111110000
1111111111111111111111111111111111111111111111111111100000000000
1111111111111111111111111111111111111111111111111111111000000000
1111111111111111111111111111111111111111111111111111111111111111
1111111111111111111111111111111111111111111100000011111111111111
1111111111111111111111111111111111111111100000000001111111111111
1111111000000000000000000000000000000000000000000001111111111111
1111110000000000000000000000000000000000000000000001111111111111
1111111111111111111111111111111111111110000000000000111111111111
1111111111111111111111111111111111111111110000000000111111111111
1111111111111111111111111111111111111111110000000000111111111111
1111111111111111111111111111111111111111111000000001111111111111
1111111111111111111111111111111111111111111000000001111111111111
1111111111111111111111111111110011111111111000000000111111111111
1111111111111111111111111111110000001111111000000000111111000001
1111111111111111111111111111111110000000110000000000000000000001
1111111111111111111111111111111111111000000000000000000000001111
1111111111111111111111111111111111111110000000000000011111111111
1111111111111111111111111111111000000000000000000000000111111111
1111111111111111111111111110000000000000000000000000000000001111
