1111111111111111111111111111111111111111111111111111111111110000
1111111111111111111111111111111111111111111111111111111111000000
1111111111111111111111111111111111111111111111111001111110000000
1111111111111111111111111111111111111111111111111000111110000000
1111111111111111111111111111111111111111111111111100011111000000
1111111111111111111111111111111111111111111111111110000000000000
1111111111111111111111111111111111111111111111111111100000000000
1111111111111111111111111111111111111111111111111111111111111111
1111111111111111111111111111111111111111111100000111111111111111
1111111111111111111111111111111111111111000000000011111111111111
1111111000000000000000000000000000000000000000000011111111111111
1111111000000000000000000000000000000000000000000011111111111111
1111111111111111111111111111111111111111000000000011111111111111
1111111111111111111111111111111111111111100000000001111111111111
1111111111111111111111111111111111111111100000000001111111111111
1111111111111111111111111111111111111111110000000011111111111111
1111111111111111111111111111111111111111110000000011111111111111
1111111111111111111111111111110011111111110000000001111111111111
1111111111111111111111111111110000001101110000000001110000000111
1111111111111111111111111111111110000000000000000000000000000111
1111111111111111111111111111111111111000000000000000000011111111
1111111111111111111111111111110011110000000000000001111111111111
1111111111111111111111111110000000000000000000000000000011111111
1111111111111111111111111110000000000000000000000000000000000111
