1111111111111111111111111111111111111111111111111111111111111111
1111111111111111111111111111111111111111111111111111110001111111
1111111111111111111111111111111111111111111111111110000000011111
1111111111111111111111111111111111111111111111111100000000000111
1111111111111111111111111111111111111111111111111100000000000000
1111111111111111111111111111111111111111111111110000000000000000
1111111111111111111111111111111111111111111111110000000000000000
1111111111111111111111111111111111111111111111111111111111111111
0011111111111111111111111111111111111111110001111111111111111111
0000111111111111111111111100000000010100000000011111111111111111
0001111111000000000000000000000000000000000000011111111111111111
0000111110000000000000000000111110100000000000011111111111111111
0000011111111111111111111111111111111110000000011111111111111111
0000011111111111111111111111111111111110000000001111111111111111
0000111111111111111111111111111111111110000000011111111111111111
0000111111111111111111111111111111111110000000111111111111111111
0000111111111111111111111111001111111110000000011111111111111111
0000111111111111111111111111000000101110000000011000000011111111
0001111111111111111111111111111000000000000000000000000111111111
1111111111111111111111111111111111000000000000000111111111111111
1111111111111111111111111111100000000000000000000011111111111111
1111111111111111111111111100000000000000000000000000000011111111
1111111111111111111111111100001000000000000000000010000000111111
1111111111111111111111111111110000000000000000000001111111111111
