1111111111111111111111111111111111111111111111111111111111111111
1111111111111111111111111111111111111111111111100000011111111111
1111111111111111111111111111111111111111111110000000001111111111
1111111111111111111111111111111111111111111110000000000001111111
1111111111111111111111111111111111111111111110000000000000011111
1111111111111111111111111111111111111111111111000000000000000111
1111111111111111111111111111111111111111111111110000000000000001
1111111111111111111111111111111111111111111111111111111111110001
1111111111111111111111111111111111111111000111111111111111111111
1100000111111111111100000000000000000000000011111111111111111111
1100000111100000000000000000000000000000000001111111111111111111
1100000111110000000111111111111111100000000001111111111111111111
0000000011111111111111111111111111111000000000111111111111111111
0000000011111111111111111111111111111000000000111111111111111111
1000000111111111111111111111111111111100000011111111111111111111
1100000111111111111111111111111111111100000001111111111111111111
1000000111111111111111111110000111111100000001110000111111111111
0000000011111111111111111111000000001000000000000000111111111111
0000001111111111111111111111111100000000000000001111111111111111
1111111111111111111111111111011100000000000000111111111111111111
1111111111111111111111111000000000000000000000000000011111111111
1111111111111111111111111000000000000000000000010000000111111111
1111111111111111111111111111100000000000000000000111111111111111
1111111111111111111111111111000000000000000000000001111111111111
