1111111111111111111111111111110000000000000111111111111111111111
1111111111111111111111111111110000000000000011111111111111111111
1111111111111111111111111111111000000011000000111111111111111111
1111111111111111111111111111111111111111110000001111111111111111
1111111111111111111111111111111111111111111110000000011111111111
1111111111111111111111111111111111111111111111110000000111111111
1111111111111111111111111111111111111111111111111111100001111111
1111111111111111111111111111111111111111111111111111111001111111
1111111111111111111111111111111111111100111111111111111111111111
1111111000011111111111100000000000000000000001111111111111111111
1111111000011111000000000000000000000000000000111111111111111111
1111111000011111000001111111111110000000000100111111111111111111
1111110000001111111111111111111111100000000111111111111111111111
1111110000001111111111111111111111100000001111111111111111111111
1111110000001111111111111111111111100000011111111111111111111111
1111110000001111111111111101111111100000011000011111111111111111
1111000000000111111111111100000001000000000000011111111111111111
0000000000011111111111111111110000000000000111111111111111111111
1111111111111111111111111110100000000000000000111111111111111111
1111111111111111111111110000000000000000000000000111111111111111
1111111111111111111111110001000000000000000001111111111111111111
1111111111111111111111111110000000000000000000011111111111111111
1111111111111111111111111100000000000000000000011111111111111111
1111111111111111111111111000000000000000000000111111111111111111
