1111111111111111111111111111111110000000001111111111111111111111
1111111111111111111111111111111111111000000011111111111111111111
1111111111111111111111111111111111111111000000111111111111111111
1111111111111111111111111111111111111111111000001111111111111111
1111111111111111111111111111111111111111111110000000111111111111
1111111111111111111111111111111111111111111111110000001111111111
1111111111111111111111111111111111111111111111111111111110111111
1111111111111111111111111111111111111111111111111111111111111111
1111111100111110000000000000011111111110111111111111111111111111
1111111000011110000000000000000000000000011111111111111111111111
1111111000011111111111111111110000000000000000111111111111111111
1111111000001111111111111111111110000000000100111111111111111111
1111110000001111111111111111111111100000000111111111111111111111
1111111000011111111111111111111111100000001111111111111111111111
1111110000001111111111111111111111100000011111111111111111111111
1111110000001111111111111111111111100000011110001111111111111111
1100000000001111111111111100000001100000000000001111111111111111
0000000000111111111111111111000000000000000011111111111111111111
1111111111111111111111111111111000000000000001111111111111111111
1111111111111111111111110000000000000000000000000011111111111111
1111111111111111111111110000000000000000000011100111111111111111
1111111111111111111111111110000000000000000000111111111111111111
1111111111111111111111111100000000000000000000011111111111111111
1111111111111111111111111000000000000000000000111111111111111111
