1111111111111111111111111111111100000000011111111111111111111111
1111111111111111111111111111111111100000000111111111111111111111
1111111111111111111111111111111111111111000001111111111111111111
1111111111111111111111111111111111111111111000011111111111111111
1111111111111111111111111111111111111111111110000000111111111111
1111111111111111111111111111111111111111111111110000011111111111
1111111111111111111111111111111111111111111111111111111101111111
1111111111111111000111111111111111111111111111111111111111111111
1111111100111110000000000000001111111110111111111111111111111111
1111111000011111000000000000000000000000011111111111111111111111
1111111000011111111111111111111110000000000001111111111111111111
1111110000001111111111111111111110000000000000111111111111111111
1111110000001111111111111111111111100000000111111111111111111111
1111111000011111111111111111111111100000001111111111111111111111
1111110000001111111111111111111111100000011111111111111111111111
1111110000001111111111111111111111100000011110001111111111111111
1100000000001111111111111100000001100000000000001111111111111111
0000000000111111111111111111000000000000000011111111111111111111
1111111111111111111111111111111000000000000001111111111111111111
1111111111111111111111111000000000000000000000000011111111111111
1111111111111111111111110000000000000000000011110111111111111111
1111111111111111111111111111000000000000000000111111111111111111
1111111111111111111111111100000000000000000000011111111111111111
1111111111111111111111111000000000000000000000111111111111111111
