1111111111111111111111111111110000000000011111111111111111111111
1111111111111111111111111111111110000000000111111111111111111111
1111111111111111111111111111111111100111100001111111111111111111
1111111111111111111111111111111111111111111000011111111111111111
1111111111111111111111111111111111111111111110000001111111111111
1111111111111111111111111111111111111111111111110000111111111111
1111111111111111111111111111111111111111111111111111101111111111
1111111111111100000000001111111111111111111111111111111111111111
1111111100111110000000000000000111000000111111111111111111111111
1111111000011111111111111100000000000000011111111111111111111111
1111111000011111111111111111111100000000000011111111111111111111
1111110000001111111111111111111110000000000001111111111111111111
1111110000001111111111111111111110000000001101111111111111111111
1111110000011111111111111111111111000000111111111111111111111111
1111110000001111111111111111111111000000111100111111111111111111
1111110000001111111111110001111110000000000000111111111111111111
1100000000001111111111110000000000000000000011111111111111111111
0000000001111111111111111111100000000000001111111111111111111111
1111111111111111111111111100000000000000000000000111111111111111
1111111111111111111111100000000000000000000110000111111111111111
1111111111111111111111100001100000000000000001111111111111111111
1111111111111111111111111110000000000000000000111111111111111111
1111111111111111111111111100000000000000000000111111111111111111
1111111111111111111111110000110000000000000011111111111111111111
