1111111111111111000000000001111110000000011111111111111111111111
1111111111111111100000000000111110000000000111111111111111111111
1111111111111111111110000000111111000000100001111111111111111111
1111111111111111111111111111111111100001111000011111111111111111
1111111111111111111111111111111111111111111110000011111111111111
1111111111111100000111111111111111111111111111110000111111111111
1111111111111100000000011111111111111111111111111100111111111111
1111111111111111100000000001110000000111111111111111111111111111
1111111000111111111111100000000000000001111111111111111111111111
1111111000011111111111111111100000000011111111111111111111111111
1111111000011111111111111111111000000000111111111111111111111111
1111110000001111111111111111110000000000000011111111111111111111
1111110000001111111111111111111000000111100011111111111111111111
1111110000011111111111111111110000000100000111111111111111111111
1111110000011111111110001111110000000000000111111111111111111111
1111110000001111111110000000000000000001111111111111111111111111
1000000000001111111111111110000000000000000000111111111111111111
0000000001111111111111111000000000000000000000111111111111111111
1111111111111111111110000000000000000000001111111111111111111111
1111111111111111111110000111000000000000000011111111111111111111
1111111111111111111111111110000000000000000011111111111111111111
1111111111111111111111111100000000000000000111111111111111111111
1111111111111111111111111000010000000000111111111111111111111111
1111111111111111111111110000111111111100011111111111111111111111
