1111111111111111111111111111111110000000001111111111111111111111
1111111111111111111111111111111111100000000111111111111111111111
1111111111111111111111111111111111100000000001111111111011111111
1000000111111111111111111111111111110000000000011111111111111111
0000000000111111001111111111111111111000001110011111111111111111
0000000000011111000001111110000000011111111111011111111111111111
1000000000001111110000001100000000011111111111011111111111110111
1111111000001111111110000000000000011111111111111111111111111111
1111111100111111111111110000000000111111111111111111111111111111
1111111000011111111111111110000000011111111111111111111111111111
1111111000011111111111111100000000001111111111111111111111111111
1111110000001111111111111100000001000000111111111111111111111111
1111110000001111111111111000000001000000111111111111111111111111
1111111000011111110001111110000000000111111111111111111111111111
1111111000001111110000000000000000000000000111111111111111111111
1111110000001111111111111000000000000000000011111111111111011111
0000000000001111111110000000000000000111111111111111111111111111
0000000011111111110000000000000000000001111111111111111111111111
1111111111111111110001100000000000000000111111111111111111111111
1111111111111111111111100000000000000000111111111111111111111111
1111111111111111111111110000000000001111111111111111111111111111
1111111111111111111111111000111110000111111111111111111111111111
1111111111111111111111110001111111000111111111111111111111111111
1111111111111111111111110001111111000111111111111111111111111111
