1111111111111111111111111111111110000000000000011111111111111111
1111111111111111111111111111111111110000000000011111111111111111
1111111111111111111111111111111111111000000000011111111111111111
1111111111111111111111111111111111111100000000111111111111111111
1111111111111100001111111111111111111111110111111111111111111111
1111111111111111000001111000000000111111111101111111111111111111
1111111111111111110000000000000000111111111101111111111111011111
0011111111111111111110000000000001111111111111111111111111111111
0001111000111111111111111000000011111111111111111111111111111100
0000111000011111111111110000000001111111111111111111111111111111
1111111000011111111111110000000000001111111111111111111111111111
1111110000001111111111100000000011000001111111111111111111111111
1111110000001111111111100000000010000001111111111111111111111111
1111111000011111000000100000000000001111111111111111111111111111
1111111000001111100000000000000000000000001111111111111111111111
1111110000001111111111100000000000000000000111111111111111111111
0000000000001111111000000000000000001111111111111111111111111111
0000000011111111100000000000000000000011111111111111111111111111
1111111111111111100111000000000000000011111111111111111111111111
1111111111111111111110000000000000000011111111111111111111111111
1111111111111111111111000000000000011111111111111111111111111111
1111111111111111111111110001111100011111111111111111111111111111
1111111111111111111111110001111100011111111111111111111111111111
1111111111111111111111110011111100011111111111111111111111111111
