1111111111111111111111111111111111000000000000000000111111111111
1111111111111111111111111111111111110000000000000000111111111111
1111111111111111111111111111111111111100000000000001111111111111
1111111111110000111111111111111111111111100000001111111111111111
1111111111111100000111111001100111111111111111111111111111111111
1111111111111111000000000000000011111111110111111111111111111111
1111111111111111111000000000000011111111110011111111111101111111
1111111111111111111111000000000111111111111111111111111111111111
1111111100011111111111100000000111111111111111111111111111110011
1111111000011111111111100000000001111111111111111111111111110011
1111111000011111111111000000000000011111111111111111111111111111
1111110000001111111110000000001110000111111111111111111111111111
1111110000000111111110010000000000000111111111111111111111111111
1111111000001110000000000000000000111111111111111111111111111111
1111111000001111110000000000000000000000011111111111111111111111
1111110000001111110100000000000000000000011111111111111111111111
0000000000001111000000000000000000011111111111111111111111111111
0000000011111110000111100000000000000111111111111111111111111111
1111111111111111111111000000000000000111111111111111111111111111
1111111111111111111110000000000000001111111111111111111111111111
1111111111111111111111100000000001111111111111111111111111111100
1111111111111111111111100011111000111111111111111111111111111100
1111111111111111111111100011111000111111111111111111111111111111
1111111111111111111111100011111000111111111111111111111111111111
