1111111100011111111111111111111110000000000000000000000001111111
1111111110000111111111111111111111110000000000000000000001111111
1111111111100000111111111111111111111100000000000000000011111111
1111111111111000001111111111111111111111111111111111111111111111
1111111111111111000011100000000111111111111111111111111111111111
1111111111111111110000000000000111111111011111111111111111111111
1111111111111111111110000000000111111111011111111111111111111111
1111111111111111111111000000011111111111111111111111101111111111
1111111100011111111111000000001111111111111111111111111110011111
1111111000011111111111000000000011111111111111111111111110011111
1111111000011111111110000000110001111111111111111111111111111111
1111111000001111111100000000011110000111111111111111111111111111
1111110000000100000000100000000000000111111111111111111111111111
1111111000001100000000000000000001111111111111111111111111111111
1111111000001111011000000000000000000000111111111111111111111111
1111110000000100000000000000000001000000111111111111111111111111
0000000000001100011111000000000000111111111111111111111111111111
0000000011111111111111000000000000011111111111111111111111111111
1111111111111111111110000000000000011111111111111111111111111111
1111111111111111111111000000000000111111111111111111111111111111
1111111111111111111111100000110001111111111111111111111111111111
1111111111111111111111100011110001111111111111111111111111100111
1111111111111111111111100011111000111111111111111111111111111111
1111111111111111111111100011111000111111111111111111111111111111
