1111111110000111111111111111111110000001110000000000001111111111
1111111111100001111111111111111111110000000000000000000001111111
1111111111111000011111111111111111111100000000000000000000111111
1111111111111110000111111111111111111111111111111000000000111001
1111111111111111100001000000000111111111111111111000000000111111
1111111111111111111000000000000111111111111111111110000011111111
1111111111111111111110000000000111111011111111111111111111111111
1111111111111111111111000000011111111111111111111011111111111111
1111111100111111111110000000010111111111111111111011111111111111
1111111000011111111110000000111111111111111111111111001111111111
1111111000011111111110000000011111111111111111111111111111111111
1111111000000100001100000000011100000111111111111111111111111111
1111110000000100000000000000000000000111111111111111111111111111
1111111100001100000000000000000001111111111111111111111111111111
1111111000001000000000000000000000000001111111111111111111111111
1111110000000111111110000000000011110001111111111111111111111111
0000000000001111111100000000000001111111111111111111111111111111
0000000011111111111100000000000001111111111111111111111111111111
1111111111111111111100000000000001111111111111111111111111111111
1111111111111111111110000000000011111111111111111111111111111111
1111111111111111111111100011100001111111111111111111111111111111
1111111111111111111111100011110001111111111111111111111111111111
1111111111111111111111100011110001111111111111111111111110011111
1111111111111111111111100011111001111111111111111111111111111111
