1111111111111111111111111111111111100011001100000000000111111111
1111111111111111111111111111111111110000000000000000000001111111
1111111111111111111111111111111111111100000000000000000000111111
1111111111111111101111111111111001111111111111111000000001101111
1111111111111111110001110000000001111111111111111100000011111111
1111111111111111111100000000000000111111111111111111111111111111
1111111111111111111111000000000001001111111101111111111111111111
1111111111111111111111110000000111111111111111111111111111111111
1111111100011111111111100000000011111111111111011111111111111111
1111111000011111111111100000000001111111111111111001111111111111
1111111000001111111111000000001111111111111111111001111111111111
1111111000000110000110000000001111110111111111111111111111111111
1111110000000111000000000000000000000111111111111111111111111101
1111111000001100000000000000000000111111111111111111111111111111
1111111000001000000000000000000000001111111111111111111111111111
1111111000000111111110000000000000000001111111111111111111111111
1000000000001111111000000000000001111111111111111111111111111111
0000000011111111111000000000000001111111111111111111111111111111
1111111111111111111000000000000001111111111111111111111111111111
1111111111111111111100000000000011111111111111111111111111111111
1111111111111111111111100011110001111111111111111111111111111111
1111111111111111111111100011110001111111111111111111111111111111
1111111111111111111111100011111000111111111111111111111001111111
1111111111111111111111100011111000111111111111111111111000111111
