1111111111111111111111111111111111100010011100000000000011111111
1111111111111111111111111111111111110000000000000000000001111111
1111111111111111111111111111111111111100000000000000000001111111
1111111111111111111111111111111101111111111111111000000001001111
1111111111111111111111111100000000111111111111111110000111111111
1111111111111111111111110000000000011111111111111111111111111111
1111111111111111111111110000000000011111111111111111111111111111
1111111111111111111111111000000011111111111111111111111111111111
1111111100011111111111111000000001111111111110011111111111111111
1111111000001111111111110000000001111111111111110011111111111111
1111111000001111111111100000000011111111111111110011111111111111
1111111000000111100111000000000111111111111111111111111111111111
1111110000000111100000001000000000000011111111111111111111111111
1111111000001111011000000000000000000011111111111111111111111111
1111111000001100000000000000000000111111111111111111111111111111
1111111000000111101110000000000000000000111111111111111111111111
1000000000001111111000000000000001111000111111111111111111111111
0000000011111111110000000000000000111111111111111111111111111111
1111111111111111110000000000000000111111111111111111111111111111
1111111111111111111100000000000001111111111111111111111111111111
1111111111111111111111100001110000111111111111111111111111111111
1111111111111111111111100011111000111111111111111111111111111111
1111111111111111111111100011111000111111111111111111111111111111
1111111111111111111111100011111100111111111111111111111001111111
