1111111111111111111111111111111111100000111111000000000011111111
1111111111111111111111111111111111110000000000000000000011111111
1111111111111111111111111111111111111100000000000000000011111111
1111111111111111111111111111111111111111111111111000000110111111
1111111111111111111111111111111100001111111111111111111110111111
1111111111111111111111111110000000000111111111111111111111111111
1111111111111111111111111100000000000111111111111111111111111111
1111111111111111111111111100000000001111111111111111111111111111
1111111100011111111111111110000000111111111001111111111111111111
1111111100001111111111111100000000000111111011111111111111111111
1111111100001111111111111000000000000011111111001111111111111111
1111111000000111111011110000000000000000111111111111111111110111
1111110000000111111000000010000001111000001111111111111111111111
1111111000001111101110000000000000000000000001111111111111111111
1111111000001111000000000000000000000000111000111111111111111111
1111111000000111100000000000000000000111111111111111111111111111
1000000000001111111110000000000000000000001111111111111111111111
0000000011111111110000000000000000011110001111111111111111111111
1111111111111111110000000000000000011111111111111111111111111111
1111111111111111111100000000000000111111111111111111111111111111
1111111111111111111111100000000000011111111111111111111111111111
1111111111111111111111110001111100011111111111111111111111111111
1111111111111111111111110011111100011111111111111111111111111111
1111111111111111111111100011111110011111111111111111110011111111
