1111111111111111111111111111111111100011111111000000000111111111
1111111111111111111111111111111111110000000000000000000011111111
1111111111111111111111111111111111111100000000000000000111111111
1111111111111111111111111111111111111111111111110000001001111111
1111111111111111111111111111111111000111111111111111111001111111
1111111111111111111111111111000000000111111111111111111111111111
1111111111111111111111111110000000000111111111111111111111111111
1111111111111111111111111110000000001111111111111111111111111111
1111111100011111111111111111100000011111110111111111111111111111
1111111100001111111111111110000000000111100111111111111111111111
1111111100001111111111111100000000000011111100111111111111111111
1111110000000111111101111000000000000000111111111111111111111111
1111110000000111111000000001000000111100001111111111111111111111
1111111000001111110111000000000000000000000011111111111111111111
1111111000001111000000000000000000000000110000011111111111111111
1111111000000111100000001000000000001111111100000111111111111111
1000000000001111111110110000000000000000011111000000111111111111
1000000011111111111111000000000000000000001111110000001111111111
1111111111111111111100000000000000000011111111111100000011111111
1111111111111111111110000000000000000111111111111111000000011111
1111111111111111111111110000000000001111111111111111110000000111
1111111111111111111111110001111100011111111111111111111110000001
1111111111111111111111110001111100011111111111111111111111111100
1111111111111111111111100011111110001111111111111111111111111111
