1111111111111111111111111111111111111111111111111111111111111111
1111111111111111111111111111111110011000000000000000001111111111
1111111111111111111111111111111111011100000000000000001111111111
1111111111111111111111111111111111111111111110000000011111111111
1111111111111111111111111111100000001111111111000000011111111111
1111111111111111111111111100000000001111111111111111111111111111
1111111111111111111111111100000000001111111111111111111111111111
1111111111111111111111111100000000111111111111111111111111111111
1111111110011111111111111110000000111111111111111111111111111111
1111111100001111111111111000000000001011111111111111111111111111
1111111100001111111111111000000000000011111111111111111111111111
1111110000000111111111110000000000000001001111111111111111111111
1111110000000111110000000000000001000000011111111111111111111111
1111111000001111111110000000000000000000000111111111111111111111
1111111100001110000000000000000000111111000001111111111111111111
1111111000000110000000011000000000000000111000011111111111111111
1100000000000111111111110000000000000000001111000011111111111111
1000000001111111111111110000000000000000011111110000111111111111
1111111111111111111111110000000000000000111111111100001111111111
1111111111111111111111110000000000000111111111111111000001111111
1111111111111111111111110000000000011111111111111111111000011111
1111111111111111111111110001111100011111111111111111111110000111
1111111111111111111111110011111110011111111111111111111111100001
1111111111111111111111100011111110001111111111111111111111111111
