1111111111111111111111111111111111111111110000000001111011111111
1111111111111111111111111111111111111111110000000000001111111111
1111111111111111111111111111110011111111111000000000001111111111
1111111111111111111111111111111111111111111111110000111111111111
1111111111111111111111111110000000011111111111110111111111111111
1111111111111111111111111000000000011111111111110111111111111111
1111111111111111111111011000000000111111111111111111111111111111
1111111111111111111111111000000011111111111111111111111111111111
1111111100011111111111111100000000011111111111111111111111111111
1111111100001111111111110000000000001111111111111111111111111111
1111111100001111111111110000000000000011111111111111111111111111
1111111000001111110111110010000000100000111111111111111111111111
1111110000000111110000010000000000000000011111111111111111111111
1111111000001111111110000000000000000011000111111111111111111111
1111111000001110000000000000000000111111100011111111111111111111
1111111000000110000000111000000000000000011000111111111111111111
1100000000001111111111110000000000001000011100001111111111111101
0000000001111111111111110000000000001111111111000011111111111111
1111111111111111111111100000000000000111111111110000111111111111
1111111111111111111111100000000000001111111111111000001111111111
1111111111111111111111110000000000011111111111111110000011111111
1111111111111111111111110001111100011111111111111111000000111111
1111111111111111111111110011111100011111111111111111110000011111
1111111111111111111111100011111110001111111111111111111111111111
