1111111111111111111111111111111111111111000000000111111011111111
1111111111111111111111111111111111111111110000000000011111111111
1111111111111111111111111111011111111111111111000000001111111111
1111111111111111111111111111011111111111111111110001001111111111
1111111111111111111111111100000000111111111111011111111111111111
1111111111111111111111111000000000111111111111011111111111111101
1111111111111111111101110000000000111111111000111111111111111111
1111111111111111111111110000000011111111111000111111111111111111
1111111100011111111111111000000000011111100001111111111111111111
1111111100001111111111110000000000000000000111111111111111111111
1111111000001111111111100000000011110000011111111111111111111111
1111111000001111110011100000000011000000111111111111111111111111
1111110000000111110000000000000000000000011111111111111111111111
1111111000001111110110000000000000000000001111111111111111111111
1111111000001110000000000000000000000000000111111111111111111111
1111110000000110000111111000000000000000000011111111111111111111
1100000000001111111111000000000000000000000001111111111111111111
0000000001111111111000000000000000000000000000111111111111111111
1111111111111111111000000000000000000000000000011111111111111111
1111111111111111111110000000000000000000000000000111111111111111
1111111111111111111111000000000000000000000000000011111111111111
1111111111111111111111110000000000000000000000000001111111111111
1111111111111111111111110011000000000000000000000000011111111111
1111111111111111111111100011111000000000000000000000111111111111
