1111111111111111111111111111111111111111000000000111111111111111
1111111111111111111111111111111111111111111110000000011111111111
1111111111111111111111111110011111111111111111000000001111111111
1111111111111111111111111111111101111111111111110001001111111111
1111111111111111111111111100000000111111111110111111111111111111
1111111111111111111111111000000000111111111110111111111111111111
1111111111111111011101110000000001111111111111111111111111111111
1111111111111110000000000000000011111111111111111111111111111111
1111111100011110000000000000000000000000001111111110111111111111
1111111100001100000000000000000000000000000000000000111111111111
1111111000011100000000000000000000000001111111111011111111111111
1111111000001100000000000000000000000001111111111111111111111111
1111110000000100000000000000000000000000111111111111111111111111
1111111000001110000000000000000000000000011111111111111111111111
1111111000001110000000000000000000000001111111111111111111111111
1111110000000110000000000000000000000000001111111111111111111111
1100000000001111100000000000000000000000001111111111111111111111
0000000001111111110000000000000000000000101111111111111111111111
1111111111111111111000000000000000000000000111111111111111111111
1111111111111111111110000000000000000000000111111111111111111111
1111111111111111111111100000000000000000000011111111111111111111
1111111111111111111111110000000000000000000011111111111111111111
1111111111111111111111110011000000000000000011111111111111111111
1111111111111111111111100011111110000000000011111111111111111111
