1011111111111111011111111110000000000000000000000000000000000111
1111111111111111111111111111000000000000000000000000000000000001
1111111111111111111111111011000110000000000000000000000000000000
1111111111111111111111111011111000000000000000000000000000000000
1111111111111111111111111100000000100000000000000000000000000011
1111111111111111111111111000000000100000000000000000000011111111
1111111111111111111111110000000001111100000000000011111111111111
1111111111111111110111110000000000000000000001111111111111111110
1111111100011111111111110000000000000001111111111111111111111111
1111111000011111111111100000000011111111111111111111111111111111
1111111000011111111111100000000011111111111111111111111111111111
1111111000001111110001100000000011111111111111111111111111111111
1111110000000111111000000000000000011111111111111111111111111111
1111110000011111111111100000000001111111111111111111111111111111
1111111000001111000000000000000000001111111111111111111111111111
1111110000000000000000010000000000000000011111111111111111111111
1100000000000000111111110000000000001100111111111111111111111111
0000000001111111111111100000000000000111111111111111111111111111
1111111111111111111111100000000000000111111111111111111111111111
1111111111111111111111110000000000011111111111111111111111111111
1111111111111111111111110001111000011111111111111111111111111111
1111111111111111111111100001111100011111111111111111111111111111
1111111111111111111111110011111100011111111111111111111111111111
1111111111111111111111100011111110001111111111111111111111111111
