0111111111111110111111111111111111100000000000001111111111111111
1111111111111111111111111111111111100000000000000000110111111111
1111111111111111111111111111111111100000000111000000001111110001
1111111111111111111111100111111000111000001111111011001100000000
1111111111111111111111111100000000111111001111111111110000000000
1111111111111111111111111000000000111111000011111000000000000000
1111111111111111111111110000000001100000000000000000000000000000
1111111111111111101111111000000000000000111000000000000000000000
1111111100111111111111110000000000001111111100000000000000000000
1111111000011111111111100000000011111111111110000000000000000000
1111111000011111111111100000000011111111111111000000000000000000
1111111000011111110000000100000011111111111111000000000000000000
1111110000001111111100000000000000111111111111110000000000000000
1111110000011111111111100000000001111111111111111000000000000000
1111111000001111111000000000000000001111111111111100000000000001
1111110000000100000000010000000000000000111111111110000000000011
1100000000000000001111100000000000001100111111111111000000001111
0000000001111111111111100000000000000111111111111111100001111111
1111111111111111111111100000000000000111111111111111111111111111
1111111111111111111111110000000000011111111111111111111111111111
1111111111111111111111110001111000011111111111111111111111111111
1111111111111111111111100011111100011111111111111111111111111111
1111111111111111111111110011111100011111111111111111111111111111
1111111111111111111111100011111110001111111111111111111111111111
