1111111111111110111111111111111111100000000000001111111111111111
1111111111111111111111111111111111100000000000000000111111111111
1111111111111111111111111111111111110000000100000000001111111111
1111111111111111111111101111111100111111111101111111111111111111
1111111111111111111111111100000000011110111001111111111111111111
1111111111111111111111111000000000111110000001111111111111111111
1111111111111111111111110000000001000000000001111111111111111111
1111111111111111011111111000000000000001100000001111111111111101
1111111100111111111111110000000000011111100000000000001111111100
1111111000011111111111100000000011111111100000000000000000000011
1111111000011111110111100000000011111111100000000000000000000000
1111111000011111110000000100000011111111000000000000000000000000
1111110000001111111100000000000011111111000000000000000000000000
1111110000011111111111100000000001111111000000000000000000000000
1111111000001111111000000000000000001111000000000000000000000001
1111110000001100000000010000000000000000000000000000000000000111
1100000000000000001111100000000000001100000000000000000000011111
0000000001100111111111000000000000000110000000000000000001111111
1111111111111111111111000000000000000110000000000000011111111111
1111111111111111111111100000000000011111111111111111111111111111
1111111111111111111111110001111000011111111111111111111111111111
1111111111111111111111100011111100011111111111111111111111111111
1111111111111111111111100011111100011111111111111111111111111111
1111111111111111111111100011111110001111111111111111111111111111
