1111111111111111111111111111111111111110000000001111111111111111
1111111111111011111111111111111111111111111110000000001111111111
1111111111111111111111111111111111111111111111100000001111111111
1111111111111111111111111111111110011111111111111000111111111111
1111111111111111111111111110000000011111111111100000111111111111
1111111111111111111111111100000000111111000000001111111111111111
1111111111111111111111111000000000000000000000011111111111111111
1111111111111111111111111100000000000000000011111111111111111111
1111111100111111111111111000000000001100001111111111111111111101
1111111000011111111111110000000001100000111111111111111111111111
1111111000011111110011100000000000000001111111111111111111111111
1111110000011111110000000100000000000011111111111111111111111111
1111110000001111111110000000000000000111111111111111111111111111
1111110000011111111111100000000001011111111111111111111111111111
1111110000001111111000000000000000001111111111111111111111111111
1111110000001110000000100000000000000001111111111111111111111111
1110000000000000000111100000000000000000011111111111111111111111
0000000000000001111111000000000000000111111111111111111111111111
1111111111111111111111000000000000000111111111111111111111111111
1111111111111111111111000000000000001111111111111111111111111111
1111111111111111111111110001111000111111111111111111111111111111
1111111111111111111111100011111100011111111111111111111111111111
1111111111111111111111100011111100011111111111111111111111111111
1111111111111111111111100011111110001111111111111111111111111111
