1111111111111111111111111111111111111111000000000111111111111111
1111111111110111111111111111111111111111111111000000001111111111
1111111111111111111111111111111111111111111111110000001111111111
1111111111111111111111111111111110011111111111111100111111111111
1111111111111111111101111110000000000111111111100001111111111111
1111111111111111111111111100000000111111000000000111111111111111
1111111111111111111111111100000000000000000000001111111111111111
1111111111111111111111111100000000000000000001111111111111111111
1111111100111111111111111000000000001100001111111111111111111101
1111111000011111111111110000000001100000111111111111111111111101
1111111000011111110011100000000000000011111111111111111111111111
1111110000011111110000000100000000011111111111111111111111111111
1111110000001111111110000000000001111111111111111111111111111111
1111110000011111111111100000000001111111111111111111111111111111
1111110000001111111000000000000000111111111111111111111111111111
1111110000001111000000100000000000000011111111111111111111111111
1110000000000000000111100000000000000000011111111111111111111111
0000000000000001111111000000000000000111111111111111111111111111
1111111100011111111110000000000000000111111111111111111111111111
1111111111111111111111000000000000001111111111111111111111111111
1111111111111111111111110000000000111111111111111111111111111111
1111111111111111111111100001111100011111111111111111111111111111
1111111111111111111111100011111100011111111111111111111111111111
1111111111111111111111100011111110001111111111111111111111111111
