1111111111111111111111111111111111111111111111100000000000111111
1111111111111111111111111111111111111111111111110000000001111111
1111111011111111111111111111111111110011111111110000000000000111
1111111111111111111111111111111100100011111111111100000000000111
1111111111111111111111111111100000000011111111111111000011001111
1111111111111110111111111111000000000111111100000000001111111111
1111111111111111111111111111000000000000000000000000111111111111
1111111111111111111111111111000000000000000000000011111111111111
1111111111111111111111111110000000000000110000011111111111111111
1111110000111111111111111100000000001110000011111111111111111111
1111100000111111110111111000000000010000001111111111111111111110
1111100000111111100001100000000000000001111111111111111111111111
1111100000011111111000000010000000000111111111111111111111111111
1111100000011111111111000000000000111111111111111111111111111111
1111110000111111111111000000000000111111111111111111111111111111
1111100000011111111000000000000000011111111111111111111111111111
1111100000011110000000110000000000000111111111111111111111111111
0000000000000000000111100000000000000000111111111111111111111111
0000000000000001001111000000000000000100000011111111111111111111
1111100000111111001110000000000000000011100011111111111111111111
1111111111111111111100000000000000000001111111111111111111111111
1111111111111111111110000000000000000011111111111111111111111111
1111111111111111111111110000000000001111111111111111111111111111
1111111111111111111111100001111110000111111111111111111111111111
