1111111111111111111111111111111111111111111111111111110000000000
1111111111111111111111111111111111111001111111111111111111100000
1111111111111111111111111111111111110001111111111111111111111111
1101111111111111111111111111110000000001111111111111111111111110
1111111111111111111111111101100000000011111111111111111111111100
1111111111111111111111111111000000000001111111111111111111100000
1111111111011111111111111110000000000011111111111111111100000011
1111111111111111111111111111000000000000011111100000000000011111
1111111111111111111111111110000000000000000000000000000011111111
1111100001111111111111111000000000000000000000000000001111111111
1111100001111111111111111000000000001111111000000001111111111111
1111100001111111000111100000000000001110000000011111111111111111
1111000000011111000001100000000000000000000111111111111111111111
1111000000011111111000000010000000000000111111111111111111111111
1111100000111111111111000000000000001111111111111111111111111111
1111100000111111111111100000000000011111111111111111111111111111
1111000000011111111100000000000000001111111111111111111111111111
1111000000011111000000000000000000000111111111111111111111111111
0000000000100000000001100000000000000000011111111111111111111111
0011100000000000111111000000000000000000000001111111111111111111
1110000000001111111110000000000000000001100000011111111111111111
1111001111111111111110000000000000000000111110011111111111111111
1111111111001111111110000000000000000000011111111111111111111111
1111111111001111111110000000000000000000111111111111111111111111
