1111111111111111111111111111111111111111111111111111111110000000
1111111111111111111111111111111111111001111111111111111111111111
1111111111111111111111111111111110110001111111111111111111111111
1011111111111111111111111111110000000001111111111111111111111111
1011111111111111111111111011000000000011111111111111111111111110
1111111111111111111111111111000000000001111111111111111111111000
1111111110111111111111111110000000000001111111111111111111000000
1111111111111111111111111111000000000100111111111111111000000111
1111111111111111111111111110000000000000000000000000000000111111
1111100001111111111111111000000000000000000000000000000111111111
1111000001111111111111111000000000000000001000000000011111111111
1111100001111111001111110000000000001111100000000111111111111111
1111000000011111000001100000000000001000000001111111111111111111
1111000000011111110000000010000000000000001111111111111111111111
1111100000111111111110000000000000000011111111111111111111111111
1111100000111111111111100000000000001111111111111111111111111111
1111000000011111111110000000000000001111111111111111111111111111
1111000000011111100000000000000000000111111111111111111111111111
0000000000111000000000100000000000000000111111111111111111111111
0001100000000000001111100000000000000000000011111111111111111111
1110000000000111111111000000000000000001100000001111111111111111
1110000011111111111110000000000000000000111100001111111111111111
1111111111111111111110000000000000000000011111111111111111111111
1111111110011111111110000000000000000000011111111111111111111111
