0000000000000000000000000000000000000000000000000000000000000000
0000000000000000000000000000000000000000000000000000000000000000
0000000000000000000000000011111111111111110000000000000000000000
0000000000000000000000000011111111111111100000000000000000000000
0000000000000000000000000000011111111110000000000000000000000000
0000000000000000000000000000111111111110000000000000000000000000
0000000000000000000000000000011111111111000000000000000000000000
0000000000000000000000000000001111111111000000000000000000000000
0000000000000000000000000000001111111111000000000000000000000000
0000000000000000000000000000011111111111000000000000000000000000
0000000000000000000000000000111111111111000000000000000000000000
0000000000000000000000000001111111111111100000000000000000000000
0000000000000000000000000011111111111111110000000000000000000000
0000000000000000000000000011111111111001110000000000000000000000
0000000000000000000000000111111111111001110000000000000000000000
0000000000000000000000011111111111111001111000000000000000000000
0000000000000000000000111111111111111001111100000000000000000000
0000000000000000000000111111111111111001111110000000000000000000
0000000000000000000000111111111111111100111110000000000000000000
0000000000000000000000011111111111111110111110000000000000000000
0000000000000000000000011111111111111110011110000000000000000000
0000000000000000000000001111111111111111000111000000000000000000
0000000000000000000000001111111111111111100011000000000000000000
0000000000000000000000001111111111111111110000000000000000000000
