1111111111111111111111111111111111111101111111111111111111111111
1111111111111111111111111111111111111000111111111111111111111111
1111111111111111111111111111111000001000111111111111111111111111
1111111111111111111111111111100000000001111111111111111111111111
1111111111111111111111011111000000000001111111111111111111111111
1111111111111111111111111110000000000000111111111111111111111111
1111111111111111111111111110000000000001111111111111111111111111
1111110111111111111111111111000000000111111111111111111111110000
1111111111111111111111111110000000000000001111111111111110000001
1111100001111111111111111000000000000000000000000000000000001111
1001100001111111111111111000000000000000000000000000000011111111
1111100001111111111111110000000000000111111110000000000111111111
1111000000111100001111100000000000000111110000000010111111111111
1111000000011110000001100000000000000100000000011111111111111111
1111000000111111111000000000000000000000000111111111111111111111
1111100000111111111111000000000000000001111111111111111111111111
1111000000111111111111110000000000000111111111111111111111111111
1111000000011111111110000000000000000111111111111111111111111111
0000000000111111100000000000000000000001111111111111111111111111
0000000111110000000000100000000000000000000111111111111111111111
1111000000000000001111000000000000000000000000011111111111111111
1100000000000111111111000000000000000000011000000001111111111111
1100000111111111111110000000000000000000001111110001111111111111
1111111111111111111100000000000000000000001111111111111111111111
