1110111111111111111111111111111111111110111111111111111111111111
1111111111111111111111111111111111111100011111111111111111111111
1111111111111111111111111111110000000000011111111111111111111111
1111111111111111111111111111000000000001111111111111111111111111
1111111111111111111011111110000000000000111111111111111111111111
1111111111111111111111111110000000000000111111111111111111111111
1111111111111111111111111110000000000001111111111111111111111111
1111111111111111111111111111000000000111111111111111111111111110
1111111111111111111111111110000000000000001111111111111111110000
1111100001111111111111111000000000000000000111111111111110000001
1111100001111111111111110000000000000000000000000000000000011111
1111100001111111111111110000000000000100000000000000000011111111
1111000000111001111111100000000000000111111110000000000111111111
1111000000011000000111100000000000000111000000000010111111111111
1111000000011111000000100000000000000000000000111111111111111111
1111100000111111111000000000000000000000001111111111111111111111
1111000000111111111111000000000000000001111111111111111111111111
1111000000011111111111110000000000000111111111111111111111111111
0000000000011111111100000000000000000001111111111111111111111111
0000000011111111000000000000000000000000000111111111111111111111
1111001111100000000000100000000000000000000000001111111111111111
1111000000000000011111000000000000000000011000000000011111111111
1000000000001111111110000000000000000000001111110000011111111111
1000000111111111111110000000000000000000000111111111111111111111
