1101111111011111111111111111111111111100111111111111111111111111
1111111111111111111111111111111000111000011111111111111111111111
1111111111111111111111111111100000000000011111111111111111111111
1111111111111111111111111110000000000001111111111111111111111111
1111111111111111011111111110000000000001111111111111111111111111
1111111111111111111111111100000000000001111111111111111111111111
1111111111111111111111111100000000000011111111111111111111111111
1111111111111111111111111110000000000111111111111111111111111111
1111111111111111111111111100000000000000111111111111111111111000
1111100001111111111111110000000000000000011111111111111110000000
1111100001111111111111110000000000000000000000000001110000001110
1111100001111111111111110000000000000000000000000000000001111110
1111000000110111111111100000000000001111100000000000001111111111
1111000000010000011111100000000000000111110000000000111111111111
1111000000011100000001110000000000001100000000011111111111111111
1111100000111111110000000000000000000000000111111111111111111111
1111000000111111111111000000000000000000111111111111111111111111
1111000000011111111111110000000000000111111111111111111111111111
0000000000011111111111000000000000000000111111111111111111111111
0000000001111111110000000000000000000000000001111111111111111111
1111110111111000000000000000000000000000000000000011111111111111
1111100000000000000111000000000000000000011110000000001111111111
1100000000000011111110000000000000000000001111111110011111111111
1100000001111111111110000000000000000000000111111111111111111111
