1011111111111111111011111111111111111000111111111111111111111111
1111111110111111111111111111110000111000111111111110111111111111
1111111111111111111111111111000000000000111111111111111111111111
1111111111111111111111111110000000000001111111111111111111111111
1111111111111101111111111100000000000001111111111111111111111111
1111111111111111111111111100000000000011111111111111111111111111
1111111111111111111111111100000000000111111111111111111111111111
1111111111111111111111111110000000001111111111111111011111111111
1111111111111111111111111100000000000011111111111111111111110001
1111100001111111111111110000000000000000111111111111111110000000
1111100000111111111111110000000000000000111111111111110000001001
1111100001111111111111100000000000000000000000000010000001110011
1111000000111111111111100000000000001000000000000000011111111111
1111000000000001111111100000000000001111111000000001111111111111
1111000000000000000011110000000000001100000000000011111111111111
1111100000111111000000000000000000000000000011111111111111111111
1111100000111111111110000000000000000000111111111111111111111111
1111000000011111111111110000000000000111111111111111111111111111
0000000000011111111111100000000000000000001111111111111111111111
0000000001111111111000000000000000000000000000001111111111111111
1111111111111110000000000000000000000000110000000000001111111111
1111110001000000000011000000000000000000011111110000001111111111
1111100000000000111110000000000000000000001110111111111111111111
1110000000011111111110000000000000000000000111111111111111111111
