1111111111111111110111111111111111111001111111111111111111111111
1111111111111111111111111111110000110000111111111111111111111111
1111111111111111111111111111000000000000111111111111111111111111
1111111111111111111111111110000000000001111111111111111111111111
1111111111111111111111111100000000000001111111111111111111111111
1111111111111111111111111000000000000011111111111111111111111111
1111111111111111111111111000000000000111111111111111111111111111
1111111111111111111111111110000000001111111111111111011111111111
1111111111111111111111111100000000000111111111111111111111110111
1111100001111111111111110000000000000000111111110111111110000001
1111100000111111111111110000000000000000111111111111110000000001
1111100000111111111111100000000000000000000000001110000001110011
1111000000111111111111100000000000001000000000000000001111110111
1110000000000001111111100000000000001111111000000001111111111111
1111000000000000000111110000000000001100000000000011111111111111
1111000000111110000000000000000000000000000011111111111111111111
1111100000111111111100000000000000000000111111111111111111111111
1111000000011111111111110000000000000111111111111111111111111111
0000000000011111111111100000000000000000001111111111111111111111
0000000001111111111000000000000000000000000000000111111111111111
1111111111111110000000000000000000000000110000000000001111111111
1111110001100000000001000000000000000000011111111000001111111111
1111110000000000111111000000000000000000001110111111111111111111
1110000000011111111110000000000000000000000111111111111111111111
