1111111111111111101111111111111111111001111111111111111111111111
0111111101111111111111111111110000110000111111111111111111111111
1111111111111111111111111110000000000000111111111111111111111111
1111111111111111111111111100000000000001111111111111111111111111
1111111111111111111111111000000000000011111111111111111111111111
1111111111111111111111111000000000000011111111111111111111111111
1111111111111111111111111000000000000111111111111111111111111111
1111111111111111111111111100000000001111111111111100111111111111
1111111111111111111111111000000000000111111111111111111111111111
1111110001111111111111110000000000000001111111101111111110000011
1111100000111111111111100000000000000001111111111111110000000011
1111100000111111111111100000000000000000000011111110000001110011
1111000000111111111111100000000000000000000000000000001111110011
1110000000000111111111000000000000001111110000000011111111111111
1111000000000000001111100000000000001110000000000111111111111111
1111000000111100000000000000000000000000000010011111111111111111
1111100000111111111000000000000000000000111111111111111111111111
1111000000011111111111010000000000000111111111111111111111111111
0000000000011111111111110000000000000000000111111111111111111111
0000000001111111111100000000000000000000000000000011111111111111
1111111111111111000000000000000000000000111000000000001111111111
1111110001110000000001000000000000000000011111111111011111111111
1111110000000000011111000000000000000000001111111111111111111111
1110000000000111111110000000000000000000000111111111111111111111
