1111111111111111011111111111111111111001111111111111111111111111
1111111111111111011111111111100001110000111111111111111111111111
1111111111111111111111111110000000000000111111111111111111111111
1111111111111111111111111100000000000011111111111111111111111111
1111111111111111111111111000000000000011111111111111111111111111
1111111111111111111111111000000000000111111111111111111111111111
1111111111111111111111111000000000000111111111111111111111111111
1111111111111111111111111100000000011111111111111101111111111111
1111111111111111111111111000000000001111111111111111111111111111
1111110001111111111111100000000000000011111111011111111110000111
1111100000111111111111100000000000000001111111111111110000000111
1111100000111111111111100000000000000000000111111100000011100011
1111000000111111111111000000000000000000000000000000011111110011
1110000000001111111111000000000000001111100000000011111111111111
1111000000000000011111100000000000001110000000000111111111111111
1111000000111000000000000000000000000000000000011111111111111111
1111100000111111110000000000000000000000011111111111111111111111
1111000000011111111111000000000000000111111111111111111111111111
1000000000011111111111110000000000000000000011111111111111111111
0000000001111111111110000000000000000000000000000000111111111111
1111111111111111100000000000000000000000111100000000001111111111
1111110011111000000000000000000000000000011111111111111111111111
1111110000000000001111000000000000000000001111111111111111111111
1110000000000011111110000000000000000000001101111111111111111111
