1111111111111111111111111111111111110001111111111111111111111111
1111111111111101111111111111000001100001111111111111111111111111
1111111111111111111111111100000000000000111111111111111111111111
1111111111111111111111111000000000000011111111111111111111111111
1111111111111111111111110000000000000011111111111111111111111111
1111111111111111111111110000000000001111111111111111111111111111
1111111111111111111111110000000000001111111111111111111111111111
1111111111111111111111111000000000011111111111110111111111111111
1111111111111111111111110000000000011111111111110111111111111111
1111001111111111111111000000000000000111111111111111111101111111
1110000111111111111111000000000000000111111111111111100000011111
1110000111111111111111000000000000000011111111111100000000001111
1100000111111111111111000000000000000000000111100000011110001111
0000000001111111111110000000000000000000000000000011111111011111
1000000000000001111111000000000000011111000000011111111111111111
1000000111000000000001100000000000010000000000111111111111111111
1100000111111111000000000000000000000000011011111111111111111111
1100000011111111111110000000000000000111111111111111100011111111
1000000011111111111111100000000000000000000011111111110011111111
0000000111111111111111000000000000000000000000000000011111111111
0011111111111111110000000000000000000001111100000000011111111111
1111111111111100000000000000000000000000111111111111111111111111
1111000011000000000110000000000000000000001111111111111111111111
1111100000000001111110000000000000000000001111111111111111111111
