1111111111111111111111111111111111100011111111111111111110000000
1111111111011111111111111100000110000001111111111111111110000000
1111111111111111111111110000000000000001111111111111111111100000
1111111111111111111111100000000000000111111111111111111111100000
1111111111111111111111000000000000000111111111111111111111110000
1111111111111111111111000000000000011111111111111111111111111100
1111111111111111111111000000000000011111111111111111111111111000
1111111111111111111111100000000001111111111111111111111111111000
1111111111111111111111100000000001111111111100111111111111111111
1111111111111111111110000000000000001111111111111111111111111111
1111111111111111111100000000000000001111111111111111100001111111
1111111111111111111110000000000000000111111111111100000000111111
1111111111111111111100000000000000000000001111100000011000111111
1111111111111111111100000000000001000000000000000011111101111111
0111111000011111111100000000000000111110000000011111111111111111
1111111000000000011111000000000001110000000000111111111111111111
1111111111110000000000000000000000000000000011111111111111111111
1111111111111111110000000000000000000011111111111000111111111111
1111111111111111111110000000000000000000111111111111111111111111
1111111111111111111110000000000000000000000000001111111111111111
1111111111111111111000000000000000000111000000000000111111111111
1111111111111111000000000000000000000011111111111111111111111111
1111111111110000000000000000000000000001111111111111111111111111
1100011100000000011000000000000000000001111111111111111111111111
