1111111111111111111110000000000000001111111111111111111111111111
1111111111111111111000000000000000001111111111111111111111111111
1111111111111111100000000000000000000011101110011111111111111111
1111111111111111000000000000000000000010001100000000011111111111
1111111111111110000000000000000000000000111100000001111111111111
1111111111111100000000000000000000000001110000010000000111111111
1111111111110000000000000000000000000000000001110000000111111111
1111111111000000000000000000000000000000000111100000000110110001
1111111110000000000000000000000000000000100000000000000000000000
1111111110000000000000000000000001000011000001111110000000000000
1111111110000000000000000000000000000000011111000000000000000000
1111111000000000000000000000000000000000100000000000000000000000
1111110000000000000000000000000000000000000001100000000011111111
1111100000000000000000000000000000000000000000000000001111111111
1111000000000000000000000000000000000000000000000000000111111111
1111100000000000000000000000000000000000000000000000001111111111
1111110000000000000000000000000000001000000000000100000111111111
1111111000000000000000000000000000000000000000001100000011111111
1111111110000000000000000000000001100000011100111110000011111111
1111111111111110000000000000010111111000011111111100000000111111
1111111111111111111111111111111111110000011111111100000000111111
1111111111111111111111111111111111100000011111111000000011111111
1111111111111111111111111111111111100000011111111100000011111111
1111111111111111111111111111111111100000011111111111001111111111
