1111111111111111111111111111111111111111111111111111111111111111
1111111111111111111111111000000011111111111111111111111111111111
1111111111111111111111100000000000001111111111111111111111111111
1111111111111111111111000000000000001111111111111111111111111111
1111111111111111111100000000000000000111011101111111111111111111
1111111111111111111000000000000000000000111000000001111111111111
1111111111111110000000000000000000000001110000000111111111111111
1111111111111000000000000000000000000000000001000000111111111111
1111111111100000000000000000000000000000000111000000011111111111
1111111111000000000000000000000000000000001000000000011010000011
1111111111000000000000000000000000000010000000000000000000000011
1111111111000000000000000000000000000000011110100000000000000001
1111111000000000000000000000000000000001000000000000000000000111
1111111000000000000000000000000000000000000010000000001111001111
1111110000000000000000000000000000000000100000000011100111111111
1111010000000000000000000000000000000000000000011000000011111111
0111111000000000000000000000000000000000000000110000000011111111
0111111000000000000000000000000000000000000001011111100000111111
0111111110000000000000000000000000000000100011111111100000111111
0111111111111100000000000000000011110000111111111111000000011111
1111111111111111111111111111111111100000111111111111000000011111
1111111111111111111111111111111111100000111111111111000000111111
1111111111111111111111111111111111000000111111111111110011111111
1111111111111111111111111111111111000000111111111111110001111111
