1111111111111111111111111111111111111011111111111111111111111111
1111111111111111111111111111111111111111111111111111111111111111
1111111111111111111111110000000001111111111111111111111111111111
1111111111111111111111100000000000001111111111111111111111111111
1011111111111111111110000000000000000111111111111111111111111111
1111111111111111111100000000000000000100011000100111111111111111
1101111111111111110000000000000000000000111000000011111111111111
1111111111111100000000000000000000000011100000000001111111111111
1111111111110000000000000000000000000000000011000000011111111111
1111111111100000000000000000000000000000001100000000011110011111
1111111111100000000000000000000000000010000000000000000000000111
1111111111100000000000000000000000000000001111100000000000000001
1111111100000000000000000000000000000000100000000000000000000111
1111111000000000000000000000000000000000000000000000000100011111
1111110000000000000000000000000000000000100000000001111111111111
1111110000000000000000000000000000000000000000001100000011111111
0000111000000000000000000000000000000000000000111000000001111111
0000111100000000000000000000000000000000000011110011100000111111
0000111110000000000000000000000000000000000011111111100000111111
0000111111111100000000000000000011110000111111111111100000011111
0001111111111111111111111111111111100000111111111111100000001111
0011111111111111111111111111111111100000111111111111100000111111
0001111111111111111111111111111111100000111111111111110001111111
0001111111111111111111111111111111000000111111111111110001111111
