1111111111111111111111111111111111111111111111111111111111111111
1111111111111111111111111111111111111110111111111111111111111111
1111111111111111111111111000000001111111111111111111111111111111
1111111111111111111111110000000000001111111111111111111111111111
1111111111111111111111000000000000001111111111111111111111111111
1111101111111111111111000000000000000110011100111111111111111111
1111111111111111111000000000000000000000111000000001111111111111
1111110111111110000000000000000000000011110000000011111111111111
1111111111111000000000000000000000000000000011000000111111111111
1111111111110000000000000000000000000000001110000000011111111111
1111111111100000000000000000000000000001000000000000010000000111
1111111111100000000000000000000000000000000111110000000000000111
1111111110000000000000000000000000000001110000000000000000000111
1111111100000000000000000000000000000000000000000000000000001111
1111111000000000000000000000000000000000100000000001111111111111
1111111000000000000000000000000000000000000000001100000001111111
1110001100000000000000000000000000000000000000111000000001111111
1110000100000000000000000000000000000000000001111001110000111111
1100001111000000000000000000000000000000000011111111110000011111
0000001111111100000000000000000011110000111111111111110000001111
0000011111111111111111111111111111110000111111111111100000001111
1000011111111111111111111111111111100000111111111111110000011111
0000011111111111111111111111111111100000111111111111111000111111
0000001111111111111111111111111111000000111111111111111000011111
