1111111111111111111111111111111111111111111111111111111111111111
1111111111111111111111111111111111111111111111111111111111111111
1111111111111111111111111111100011111111110111111111111111111111
1111111111111111111111111000000000011111111111111111111111111111
1111111111111101111111100000000000000111111111111111111111111111
1111111110111111111111000000000000000011011111111111111111111111
1111111111111111111110000000000000000000001100000001111111111111
1111111111100111100000000000000000000001111000000011111111111111
1111111111111100000000000000000000000000000000000000111111111111
1111111111110000000000000000000000000000000111000000011111111111
1111111111110000000000000000000000000000000000000010001110000111
1111111111110000000000000000000000000000000001110000000000000111
1111111111100000000000000000000000000000011000000000000000000111
1111111110000000000000000000000000000000000000000000000000001111
1111111100000000000000000000000000000000000010000000011111111111
1111111100000000000000000000000000000000000000000110001100111111
1111100000000000000000000000000000000000000000011110001000011111
1111100000000000000000000000000000000000000001110110011100001111
1111100011000000000000000000000000000000000011111111111100000111
1110000001111000000000000000000001111000110111111111111100000011
1110000011111111111111111111111111110000111111111111111100000001
1111000111111111111111111111111111100000011111111111111100000111
1110000011111111111111111111111111100000011111111111111110001111
1110000011111111111111111111111111100000111111111111111110000111
