1111111111111111111111111110011111111111111111111111111111111111
1111111111111111111111111111111111111111111111111111111111111111
1111111111111111111111111100000000011111111111111111111111111111
1111111111111111111111111000000000000111111111111111111111111111
1111111111111111111111100000000000000011111111111111111111111111
1111111111111111111111100000000000000001111111111111111111111111
1111111111111111111100000000000000000001001111001101111111111111
1111111111111110000000000000000000000000111110000000011111111111
1111111111110000000000000000000000000000001100000000111111111111
1111110111000000000000000000000000000000000001100000011111111111
1111111111000000000000000000000000000000000111000011111001111111
1111111111000000000000000000000000000000100000000000011001100000
1111111110000000000000000000000000000000000111110000000000000001
1111111000000000000000000000000000000000000000000001110000000111
1111110000000000000000000000000000000000000000000000000000001110
1111100000000000000000000000000000000000000000000000000111111111
1111100000000000000000000000000000000000000000000011111111111111
1111110000000000000000000000000000000000000000001111111111100001
1111111000000000000000000000000000000000000001111111111111000001
1111111000000000000000000000000000000000000111111111111111100111
1111100000000100000000000000000001111000011111111111111111111111
1111000000001111111111111111111111111000011111111111111111111111
1111000000011111111111111111111111110000011111111111111111111111
1111010000011111111111111111111111110000001111111111111111111111
