1111111111111111111111111111111111111111111111111111111111111111
1111111111111111111111111111111111111111111111111111111111111111
1111111111111111111111111000000000011111111111111111111111111111
1111111111111111111111110000000000000111111111111111111111111111
1111111111111111111111000000000000000011111111111111111111111111
1111111111111111111111000000000000000001101111111111111111011111
1111111111111111111000000000000000000000001111001111111111111111
1111111111111100000000000000000000000000101110000000011100110011
1111110111000000000000000000000000000001001000000001111101111111
1111111110000000000000000000000000000000000001100000011111111111
1111111110000000000000000000000000000000000111000001111101111111
1111111110000000000000000000000000000000000000000000111001110000
1111111100000000000000000000000000000000000111100000000000000001
1111110000000000000000000000000000000000000000000001110000000111
1111100000000000000000000000000000000000000000000010000000001111
1111000000000000000000000000000000000000000000000000000011111111
1111000000000000000000000000000000000000000000000001111111111111
1111100000000000000000000000000000000000000000001111111111111000
1111100000000000000000000000000000000000000000111111111111100000
1111111000000000000000000000000000000000000111111111111111100011
1111110000000000000000000000000000000000011111111111111111111111
1111000000000111111111111011111111110000011111111111111111111111
1111000000001111111111111111111111110000011111111111111111111111
1110010000011111111111111111111111100000011111111111111111111111
