1111111111111111111111111111111111111111111111111111111111111111
1111111111111111111111111111111111111111111111111101111111111111
1111111111111111111111110000000000111111111111111111111111111111
1111111111111111111111000000000000000111111111111111111111111111
1111111111111111111110000000000000000011111111111111111111111111
1111111111111111111110000000000000000001011111111111111111111111
1111111111111100000000000000000000000000011111001111111111111111
1111110111110000000000000000000000000000101100000000111111111111
1111110100000000000000000000000000000001000000000001111111111111
1111111000000000000000000000000000000000000001000000111111111111
1111111000000000000000000000000000000000001110000001111101111111
1111111000000000000000000000000000000000000000000001110001110001
1111110000000000000000000000000000000000000111100000100000000001
1111000000000000000000000000000000000000000000000011110000001111
1110000000000000000000000000000000000000000000000110000000001111
1100000000000000000000000000000000000000000000000000000000111111
1100000000000000000000000000000000000000000000000001111111111111
1110000000000000000000000000000000000000000000011111111111111111
1110000000000000000000000000000000000000000001111111111111111100
1111100000000000000000000000000000000000001111111111111111111100
1111110000000000000000000000000000000000111111111111111111111111
1111000000000010011111100011111111100000111111111111111111111111
1110000000000111111111111111111111100000111111111111111111111111
1110000000001111111111111111111111000000111111111111111111111111
