1111111111111111111111111111111111111111111111111111110111111111
1111111111111111111111110011101111111111111111111111111111111111
1111111111111111111111000000000000111111111111111111111111111111
1111111111111111111100000000000000000111111111111111111111111111
1111111111111111111000000000000000000011110111111111111111111111
1111111111111111111000000000000000000010110111111111111111111111
1111110111110000000000000000000000000000111110011111111111111111
1111110100000000000000000000000000000001011000000001111111111111
1111110000000000000000000000000000000010000000000111111111111111
1111100000000000000000000000000000000000000000000001111111111111
1111100000000000000000000000000000000000011100000111111011111111
1111100000000000000000000000000000000000000000000011100011110011
1110000000000000000000000000000000000000001111000001000000000011
1000000000000000000000000000000000000000000000000111100000001111
0000000000000000000000000000000000000000000000011110000000111111
0000000000000000000000000000000000000000001000000000000001111111
0000000000000000000000000000000000000000000000000001111111111111
0000000000000000000000000000000000000000000000011111111111111111
0000000000000000000000000000000000000000000001111111111111111111
1100000000000000000000000000000000000000011111111111111111111111
1111100000000000000000000000000000000011111111111111111111111111
1111110000000001100000000000000111000011111111111111111111111111
1100000000000111111111111111111110000001111111111111111111111111
1100000000000111111111111111111110000001111111111111111111111111
