1111111111111111111111111111111111111111111111111111111111111111
1111111111111111111100000000011111111111111111111111111111111111
1111111111111111111000000000000001111111111111111111111111111111
1111111111111111100000000000000000001111111111101111111111111111
1111111111111111100000000000000000001111111111111111111111111111
1111100111111100000000000000000000000011111111111111111111111111
1111111100000000000000000000000000000011111001111111111111111111
1111000000000000000000000000000000000010100000000011111111111111
1100000000000000000000000000000000000100000000001111111111111111
1000000000000000000000000000000000000000000000001111111111111111
1000000000000000000000000000000000000001110000001111110111111111
1000000000000000000000000000000000000000000000001111000111101111
0000000000000000000000000000000000000000111000000110000000001111
0000000000000000000000000000000000000000000000011110000000011111
0000000000000000000000000000000000000000000000011000000011111111
0000000000000000000000000000000000000000000000000000000111111111
0000000000000000000000000000000000000000000000000011111111111111
0000000000000000000000000000000000000000000001111111111111111111
0000000000000000000000000000000000000000000111111111111111111111
0000000000000000000000000000000000000000111111111111111111111111
1000000000000000000000000000000000000111111111111111111111111111
1111100000000000000000000000001000001111111111111111111111111111
1110000000000111111111111111111000001111111111111111111111111111
1000000000000111111111111111110000000111111111111111111111111111
