1111111111110000000001111111111111111111111111111111111111111111
1111101111100000000000000011111111111111111111111111111111111111
1111111110000000000000000000001111111111111111111111111111111111
1111111100000000000000000000000111111111111111111111111111111111
1011000000000000000000000000000011111111111111111111111111111111
0000000000000000000000000000000011111110111111111111111111111111
0000000000000000000000000000000011111000111111111111111111111111
0000000000000000000000000000000011000000001111111111111111111111
0000000000000000000000000000000000000000001111111111111111111111
0000000000000000000000000000000000000000011111111111111111111111
0000000000000000000000000000000001000000001111111111111111111111
0000000000000000000000000000000000000000011111000111111111111111
0000000000000000000000000000000000000000001110000100001111111111
0000000000000000000000000000000000000000111100000000011111111111
0000000000000000000000000000000000000011110000000000011111111111
0000000000000000000000000000000000000000000000000111111111111111
0000000000000000000000000000000000000000000000111111111111111111
0000000000000000000000000000000000000000111111111111111111111111
0000000000000000000000000000000000001111111111111111111111111111
0000000000000000000000000000000000011111111111111111111111111111
0000000000000000000000000000000001111111111111111111111111111111
0000000000000000000000000000011111111111111111111111111111111111
1110000000001111111111000000011111111111111111111111111111111111
1100000000001111111110000000011111111111111111111111111111111111
