0000000000000011111111111111110111111111111111111111111111111111
0000000000000111111111111111111111111111111111110011111111111111
0000000000000011111111111111111111111111111111111011111111111111
0000000000000011111111111111111111111111111111111111111111111111
0000000000000011111111111111111111111111111111111111111111111111
0000000000000000000011111111111111111111111111111111111111111111
0000000000000000000000011111111111111111111111111111111111111111
0000000000000000000001111111111111111111111111111111111111111111
0000000000000000000011111111111111111111111111111111111111111111
0000000000000000000001111111111111111111111111111111111111111111
0000000000000000000000111111011111111111111111111111111111111111
0000000000000000000000100000011111111111111111111111111111111111
0000000000000000000000000000000011111111111111111111111111111111
0000000000000000000000000000001111111111111111111111111001111000
0000000000000000000000000000111111111111111111111111111111111011
0000000000000000000000000111111111111111111111111111111111111111
0000000000000000000001111111111111111111111111111111111111111111
0000000000000000000000111111111111111111111111111111111111000111
0000000000000000000001111111111111111111111111111111111111001111
0000000000000000000011111111111111111111111111111111111111111111
0000000000000000000011111111111111111111111111111111111111111111
0000000000000000000011111111111111111111111111111111111111111111
0000000000000000000001111111111111111111111111111111111111111111
0000000000000000000001111111111111111111111111111111111111111111
