1111111111111111111111111111111111111111111111111111101111111111
1111111111111111111111111111111111111111111111111111111111111111
1111111111111000000001111111111111111111111111111111111111111111
1111111111000000000000000011111111111111111111111111111111111111
1111111110000000000000000000111111111111111111111111111111111111
1111111100000000000000000000011111111111111111111111111111111111
1111111100000000000000000000011111111111111111111111111111111111
1111000000000000000000000000011111111111111111111111111111111111
1111000000000000000000000000011111111111111111111111111111111111
1111000000000000000000000000001111111111111111111111111111111111
1111111000000000000000000000001111111111111111111111111111111111
1111100000000000000000000000111111111111111111111111111111111111
1111000000000000000000000000011111111111111111111111111111111111
1000000000000000000000000000011111111111111111111111111111111111
1000000000000000000000000000111111111111111111111111111111111111
1111100000000000000000000000111111111111111111111111111111111111
1111110000000000000000000000111111111111111111111111111111111111
1111110000000000000000000000011111111111111111111111111111111111
1111100000000000000000000000011111111111111111111111111111111111
1111000000000000000000000000000111111111111111111111111111111111
1111000000000000000000000000001111111111111111111111111111111001
1110000000000000000000000000000111111111111111111111111111000001
1110000000000000000000000000000111111111111111111111110000000001
1100000000000000000000000000000111111111111111111111100000000011
