1111111111111111111111111111111111111111111111111111111111111111
1111111110000000000001111111111111111111111111111111111111111111
1111001000000000000000011111111111111111111111111111111111111111
1111100000000000000000000111111111111111111111111111111111111111
1111100000000000000000000011111111111111111111111111111111111111
1111000000000000000000000001111111111111111111111111111111111111
0000000000000000000000000001111111111111111111111111111011111111
0000000000000000000000000011111111111111111111111111111111111111
1000000000000000000000000001111111111111111111111111111111111111
1111000000000000000000000000111111111111111111111111111111111111
1111100000000000000000000001111111111111111111111111111111111111
1110000000000000000000000001111111111111111111111111111111111111
1110000000000000000000000000011111111111111111111111111111111111
1111000000000000000000000000000111111111111111111111111111111111
1111100000000000000000000000110111111111111111111111111111111111
1110000000000000000000000111111111111111111111111111111111111111
1100000000000000000000000011111111111111111111111111111111111111
1100000000000000000000000000111111111111111111111111111111111110
1000000000000000000000000000111111111111111111111111111111111111
1000000000000000000000000000001111111111111111111111111111111111
1000000000000000000000000000011111111111111111111111111111111111
0000000000000000000000000000001111111111111111111111111111111111
0000000000000000000000000000000111111111111111111111111111111111
0000000000000000000000000000000011111111111111111111111111111111
