1111111111111000111111111111111111111111111111111111111111111111
1111111111100000011111111111111111111111111111111111111111111111
1111100000000000001111111111111111111111111111111111111111111111
1111000000000000000001111111111111111111111111111111111111111111
1110000000000000000000011111111111111111111111111111111111111111
1100000000000000000000001111111111111111111111111111111111111111
1000000000000000000000001111111111111111111111111111111111110011
0000000000000000000000001111111111111111111111111111111111111111
0000000000000000000000001111111111111111111111111111111111111111
0000000000000000000000000111111111111111111111111111111111111111
1000000000000000000000001111111111111111111111111111111111111111
0000000000000000000000001111111111111111111111111111111111111111
0000000000000000000000001111111111111111111111111111111111111111
0000000000000000000000001111111111111111111111111111111111111111
0000000000000000000000001111110111111111111111111111111111111111
1100000000000000000000000111111111111111111111111111111111111111
0000000000000000000000000111111111111111111111111111111111111111
0000000000000000000000000111111111111111111111111111111111111111
0000000000000000000000000001111111111111111111111111111111111111
0000000000000000000000000000111111111111111111111111111111111111
0000000000000000000000000000111111111111111111111111111111101111
0000000000000000000000000000001111111111111111111111111111111111
0000000000000000000000000000000111111111111111111111111111111111
0000000000000000000000000000000011111111111111111111111111111111
