1111111111111100000111111111111111111111111111111111100111111111
1111111110000000000000111111111111111111111111111111111111111111
1111111000000000000000000111111111111111111111111111111111111111
1111110000000000000000000011111111111111111111111111111111111111
1111100000000000000000000001111111111111111111111111111111111111
1111100000000000000000000001111111111111111111111111111111111111
1000000000000000000000000001111111111111111111111111111111111111
1000000000000000000000000000111111111111111111111111111110111111
1100000000000000000000000000111111111111111111111111111111111111
1111100000000000000000000001111111111111111111111111111111111111
1111100000000000000000000001111111111111111111111111111111111111
1111000000000000000000000000111111111111111111111111111111111111
1110000000000000000000000000111111111111111111111111111111111111
1100000000000000000000000000111111111111111111111111111111111111
1001100000000000000000000000111110111111111111111111111111111111
1111100000000000000000000000111111111111111111111111111111111111
1111100000000000000000000000011111111111111111111111111111111111
1111000000000000000000000000000111111111111111111111111111111111
1110000000000000000000000000000111111111111111111111111111111111
1110000000000000000000000000000011111111111111111111111111111111
1110000000000000000000000000000011111111111111111111111111111101
1100000000000000000000000000000011111111111111111111111111111111
1110000000000000000000000000000011111111111111111111111111111111
1100000001000000000000000000000001111111111111111111111111111111
