1111111111111111111111100001111100111111111111111111111111111111
0111111111111100000000000001111111111111111111111111111111111111
0111111111110000000000000000011111111111111111111111111111111111
1111111111100000000000000000000111111111111111111111111111111111
1111111111000000000000000000000011111111111111111111111111111111
1111111111000000000000000000000011111111111111111111111111111111
1111111000000000000000000000000011111111111111111111111111111111
1111111000000000000000000000000011111111111111111111111101111111
1111111000000000000000000000000001111111111111111111111111111111
1111111110000000000000000000000001111111111111111111111111111111
1111111111100000000000000000000001111111111111111111111111111111
1111111110000000000000000000000000111111111111111111111111111111
1111111110000000000000000000000000011111111111001111111111111111
1111111111000000000000000000000000000011111111001111111111111111
1111111111100000000000000000001000110111111111111111111111111111
1111111110000000000000000000000011111111111111111111111111111111
1111111110000000000000000000000011111111111111111111111111111111
1111111110000000000000000000000001111111111110111111111111111111
1111111100000000000000000000000000011111111111111111111111111111
1111111100000000000000000000000000111111111111111111111111111111
1111111000000000000000000000000000011111111111111111111111111111
1111111000000000000000000000000000001111111111111111111111111111
1111111100000000000000000000000000011111111111111111111111111111
1111110000000000000000000000000000001111111111111111111111111111
