1111111111111111111111000011111110111111111111111111111111111111
0011111111111100000000000001111111111111111111111111111111111111
0001111111110000000000000000011111111111111111111111111111111111
1011111111000000000000000000001111111111111111111111111111111111
1111111111000000000000000000000111111111111111111111111111111111
1111111111000000000000000000000011111111111111111111111111111111
1111110000000000000000000000000111111111111111111111111111111111
1111110000000000000000000000000011111111111111111111111101111111
1111110000000000000000000000000001111111111111111111111111111111
1111111111000000000000000000000011111111111111111111111111111111
1111111111000000000000000000000011111111111111111111111111111111
1111111110000000000000000000000001111111111111111111111111111111
1111111110000000000000000000000000111111111111111111111111111111
1111111111000000000000000000000000001111111111100111111111111111
1111111111000000000000000000000001101111111111111111111111111111
1111111100000000000000000000000111111111111111111111111111111111
1111111100000000000000000000000011111111111111111111111111111111
1111111100000000000000000000000001111111111111111111111111111111
1111111000000000000000000000000000111111111111111111111111111111
1111111000000000000000000000000000111111111111111111111111111111
1111111000000000000000000000000000011111111111111111111111111111
1111111000000000000000000000000000011111111111111111111111111111
1111111000000000000000000000000000011111111111111111111111111111
1111110000000000000000000001000000011111111111111111111111111111
