1111111111111111111111000011111110111111111111111111111111111111
1111111111111000000000000001111111111111111111111111111111111111
1000111111100000000000000000111111111111111111111111111111111111
1100111111000000000000000000001111111111111111111111111111111111
1111111110000000000000000000000111111111111111111111111111111111
1111111110000000000000000000000111111111111111111111111111111111
1111110000000000000000000000000111111111111111111111111111111111
1111100000000000000000000000000111111111111111111111111110111111
1111110000000000000000000000000011111111111111111111111110111111
1111111110000000000000000000000011111111111111111111111111111111
1111111110000000000000000000000111111111111111111111111111111111
1111111100000000000000000000000011111111111111111111111111111111
1111111100000000000000000000000001111111111111111111111111111111
1111111110000000000000000000000000011111111111110111111111111111
1111111110000000000000000000000011011111111111111111111111111111
1111111100000000000000000000000111111111111111111111111111111111
1111111100000000000000000000000111111111111111111111111111111111
1111111000000000000000000000000011111111111111111111111111111111
1111110000000000000000000000000000111111111111111111111111111111
1111110000000000000000000000000001111111111111111111111111111111
1111110000000000000000000000000000111111111111111111111111111111
1111110000000000000000000000000000111111111111111111111111111111
1111110000000000000000000000000000111111111111111111111111111111
1111100000000000000000000001000000011111111111111111111111111111
