1111111111111111111111111111111111111111111111111111111111111111
1111111111111111111000111111111111111111111111111111111111111111
1111111111000000000000011111111111111111111111111111111111111111
1111111100000000000000000011111111111111111111111111111111111111
1111111000000000000000000001111111111111111111111111111111111111
1111110000000000000000000000111111111111111111111111111111111111
1111110000000000000000000000011111111111111111111111111111111111
1110000000000000000000000000111111111111111111111111111111111111
1110000000000000000000000000111111111111111111111111111111111111
1110000000000000000000000000011111111111111111111111111111110111
1111110000000000000000000000011111111111111111111111111111111111
1111110000000000000000000000111111111111111111111111111111111111
1111100000000000000000000000011111111111111111111111111111111111
1111000000000000000000000000011111111111111111111111111111111111
1110000000000000000000000000011111111111111111111111111111111111
1111110000000000000000000001001111111111111111111111111001111111
1111000000000000000000000001111110000000011111111111111111111111
1111000000000000000000000000111110000000011111111111111111111111
1110000000000000000000000000001110000000011111111111111111111111
1110000000000000000000000000001110000000111111111111111111111111
1110000000000000000000000000000110000000111111111111111111111111
1100000000000000000000000000001100000001111111111111111111111111
1100000000000000000000000000001100000011111111111111111111111111
1100000000000000000000000000000100000011111111111111111111111111
