1111111111111110111111111111111111111111111111111111001111111111
1111111111111000011111111111111111111111111111111111111111111111
1111110000000000001111111111111111111111111111111111111111111111
1111000000000000000001111111111111111111111111111111111111111111
1110000000000000000000011111111111111111111111111111111111111111
1100000000000000000000001111111111111111111111111111111111111111
1100000000000000000000001111111111011111111111111111111111111111
0000000000000000000000001111111100011111111111111111111111111111
0000000000000000000000001111111110111111111111111111111111111111
0000000000000000000000001111111100011111111111111111111111111111
1000000000000000000000001111111100111111111111111111111111111111
0000000000000000000000001111111111111111111111111111111111111111
0000000000000000000000001111111111111111111111111111111111111111
0000000000000000000000001111111111111111111111111111111111111111
0000000000000000000000000111111111111111111111111111111111111111
1000000000000000000000000011110000000000011111111111111111111111
1000000000000000000000001000000000000000000000111111111111111111
0000000000000000000000000000000000000000000000000111111111111110
0000000000000000000000000000000000000000000000000001111111111111
0000000000000000000000000000000000000000000000000000111111111111
0000000000000000000000000000000000000000000000000000001111111111
0000000000000000000000000000000000000000000000000000000111111111
0000000000000000000000000000000000000000000000000000000111111111
0000000000000000000000000000000000000000000000000000000111111111
