1111111111111111111111110011111111111111111111111111111111111111
1111111111111111111111000001111111111111111111111111111111111111
1111111111111111100000000000000111111111111111111111111111111111
1111111111111110000000000000000001111111111111111111111111111111
1111111111111100000000000000000000111111111111111111111111111111
1111111111111000000000000000000000011111111111111111111111111111
1111111111111000000000000000000000011111111111111111111111111111
1111111111000000000000000000000000011111111111111111111111111111
1111111110000000000000000000000000000111110011111111111111111111
1111111110000000000000000000000000000111111011111111111111111111
1111111111110000000000000000000000001111111111111111111111111111
1111111111111000000000000000000000001111111111111111111111111111
1111111111110000000000000000000000000111111111111111111111111111
1111111111100000000000000000000000000111111111111111111111111111
1111111111000000000000000000000000000111111111111111111111111111
1111111110000000000000000000000000000011111111111111111111111111
1111111111111100000000000000000000001111111111111111111111111111
1111111111111000000000000000000000001111111111111111111111111111
1111001111110000000000000000000000000000000111111111111111111111
1111111111100000000000000000000000000000000000001111111111111111
1111111111100000000000000000000000000000000000000000111111111111
1111111111100000000000000000000000000000000000000000001111111111
1111111110000000000000000000000000000000000000000000000111111111
1111111100000000000000000000000000000000000000000000000001111111
