1111111111111111111110001111111111111111111111111111111111111111
1111111111111110000000001111111111111111111111111111111111111111
1111111111000000000000000011111111111111111111111111111111111111
1111111100000000000000000001111111111111111111111111111111111111
1111111000000000000000000000111111111111111111111111111111111111
1111111000000000000000000000011111111111111111111111111111111111
1111110000000000000000000000001111111111111111111111111111111111
1111111000000000000000000000000111111111111111111111111111111011
1111100000000000000000000000000111111111111111111111111111111111
1111000000000000000000000000001111111111111011111111111111111111
1111110000000000000000000000011111111111100011111111111111111111
1111111000000000000000000000001111111111100111111111111111111111
1111111000000000000000000000000111111111111111111111111111111111
1111111000000000000000000000010011111111111111111111111111111111
1111111000000000000000000001111111111111111111111111111111111111
1111110000000000000000000000001111111111111111111111111111111111
1111110010000000000000000000001111111111111111111111111111111111
1111111100000000000000000000000111111111111111111111111111111111
1111111000000000000000000000000000000000000011111111111111111111
1111111000000000000000000000000000000000000000000111111111111111
1111110000000000000000000000000000000000000000000000111111111111
1111110000000000000000000000000000000000000000000000000111111111
1111110000000000000000000000000000000000000000000000000011111111
1111100000000000000000000000000000000000000000000000000001111111
