0000000000000000000000000000000000000000000000000000000000000000
0000000000000000000000001111111000000000000000000000000000000000
0000000000000000000000001111111111111111111000000000000000000000
0000000000000000000000001111111111111111110000000000000000000000
0000000000000000000000000011111111111111100000000000000000000000
0000000000000000000000000011111111111110000000000000000000000000
0000000000000000000000000001111111111110000000000000000000000000
0000000000000000000000000001111111111100000000000000000000000000
0000000000000000000000000001111111111110000000000000000000000000
0000000000000000000000000001111111111100000000000000000000000000
0000000000000000000000000011111111111100000000000000000000000000
0000000000000000000000000111111111111110000000000000000000000000
0000000000000000000000000111111111111111100000000000000000000000
0000000000000000000000011111111111111111110000000000000000000000
0000000000000000000000011111111111111111110000000000000000000000
0000000000000000000000011111111111111011111000000000000000000000
0000000000000000000000111111111111111011111100000000000000000000
0000000000000000000001111111111111111001111100000000000000000000
0000000000000000000011111111111111111001111110000000000000000000
0000000000000000000111111111111111111101111111000000000000000000
0000000000000000000011111111111111111111111111000000000000000000
0000000000000000000011111111111111111111111111000000000000000000
0000000000000000000011111111111111111111111110000000000000000000
0000000000000000000011111111111111111111111100000000000000000000
