1111111111111111111100111111111111111111111111111111111111111111
1111111111111111111000011111111111111111111101111111111111111111
1111111111100000000000000111111111111111111111111111111111111111
1111111100000000000000000011111111111111111111111111111111111111
1111111000000000000000000001111111111111111111111111111111111111
1111110000000000000000000000111111111111111111111111111111111111
1111110000000000000000000000001111111111111111111111111111111111
1111110000000000000000000000001111111111111111111111111111111101
1111110000000000000000000000001111111111111111111111111111111111
1111000000000000000000000000011111111111111101111111111111111111
1111000000000000000000000000011111111111110001111111111111111111
1111110000000000000000000000011111111111110011111111111111111111
1111110000000000000000000000011111111111111111111111111111111111
1111100000000000000000000000011111111111111111111111111111111111
1111100000000000000000000111111111111111111111111111111111111111
1110000000000000000000000000011111111111111111111111111111111111
1110011100000000000000000000001111111111111111111111111111111111
1111111000000000000000000000001111111111111111111111111111111111
1111110000000000000000000000000011111111111111111111111111111111
1111110000000000000000000000000011111111111111111111111111111111
1111100000000000000000000000000011111111111111111110111111111111
1111100000000000000000000000000000000000000000001111111111111111
1111100000000000000000000000000000000000000000000000011111111111
1111000000000000000000000000000000000000000000000000000011111111
