1111111111111111111101111111111111111111111111111111111111111111
1111111111111111111000111111111111111111111111111111111111111111
1111111111110000000000001111111111111111111111111111111111111111
1111111100000000000000000011111111111111111111111111111111111111
1111111000000000000000000001111111111111111111111111111111111111
1111110000000000000000000001111111111111111111111111111111111111
1111110000000000000000000000111111111111111111111111111111111111
1111110000000000000000000000001111111111111111111111111111111110
1111110000000000000000000000001111111111111111111111111111111111
1111100000000000000000000000011111111111111111111111111111111111
1111000000000000000000000000011111111111111001111111111111111111
1111110000000000000000000000111111111111110001111111111111111111
1111100000000000000000000000111111111111111111111111111111111111
1111100000000000000000000000111111111111111111111111111111111111
1111000000000000000000001110111111111111111111111111111111111111
1100000000000000000000000000111111111111111111111111111111111111
1000001100000000000000000000011111111111111111111111111111111111
1111111000000000000000000000001111111111111111111111111111111111
1111100000000000000000000000000111111111111111111111111111111111
1111100000000000000000000000000111110110111111111111111111111111
1111100000000000000000000000000000000000000000000111111111111111
1111000000000000000000000000000000000000000000000000011111111111
1111000000000000000000000000000000000000000000000000000111111111
1111000000000000000000000000000000000000000000000000000001111111
