1111111111111111111111111111111111111111111111111111111111111111
1111111111111111111001111111111111111111111110111111111111111111
1111111111111111000000011111111111111111111111111111111111111111
1111111110000000000000000111111111111111111111111111111111111111
1111111000000000000000000011111111111111111111111111111111111111
1111110000000000000000000001111111111111111111111111111111111111
1111100000000000000000000001111111111111111111111111111111111111
1111100000000000000000000000001111111111111111111111111111111110
1111110000000000000000000000001111111111111111111111111111111111
1111110000000000000000000000011111111111111111111111111111111111
1111000000000000000000000000011111111111111100111111111111111111
1111000000000000000000000000111111111111110000111111111111111111
1111110000000000000000000000111111111111111111111111111111111111
1111100000000000000000000001111111111111111111111111111111111111
1111000000000000000000001100111111111111111111111111111111111111
1100000000000000000000000000111111111111111111111111111111111111
0000011100000000000000000000011111111111111111111111111111111111
1011111000000000000000000000011110000000011111111111111111111111
1111110000000000000000000000000000000000000000011111111111111111
1111100000000000000000000000000000000000000000000011111111111111
1111100000000000000000000000000000000000000000000000011111111111
1111000000000000000000000000000000000000000000000000000111111111
1111000000000000000000000000000000000000000000000000000011111111
1110000000000000000000000000000000000000000000000000000001111111
