1111111111111111011111111111111111111111111111111111111111111111
1111111111111111100111111111111111111111111111011111111111111111
1111111111111100000001111111111111111111111111111111111111111111
1111111100000000000000001111111111111111111111111111111111111111
1011110000000000000000000111111111111111111111111111111111111111
1111100000000000000000000011111111111111111111111111111111111111
1111000000000000000000000011111111111111111111111111111111111111
1111000000000000000000000000001111111111111111111111111111111111
1111100000000000000000000000011111111111111111111111111111111111
1111110000000000000000000000111111111111111111111111111111111111
1111100000000000000000000000111111111111111111111111111111111111
1111100000000000000000000011111111111111111000011111111111111111
1111110000000000000000000011111111111111111000111111111111111111
1111100000000000000000000011111111111111111111111111111111111111
1111000000000000000000010011111111111111111111111111111111111111
1100000000000000000000000001111111111111111111111111111111111111
1000010000000000000000000000111110000000001111111111111111111111
1011100000000000000000000000000000000000000000011111111111111111
1111100000000000000000000000000000000000000000000011111111111111
1110000000000000000000000000000000000000000000000000111111111111
1110000000000000000000000000000000000000000000000000011111111111
1100000000000000000000000000000000000000000000000000000111111111
1100000000000000000000000000000000000000000000000000000011111111
1100000000000000000000000000000000000000000000000000000001111111
