1111111111111111111111111111111111111111111111111111111111111111
1111111111111111100111111111111111111111111111111111111111111111
1111111111100000000001111111111111111111111111111111111111111111
1111111000000000000000001111111111111111111111111111111111111111
1111100000000000000000000111111111111111111111111111111111111111
1111000000000000000000000111111111111111111111111111111111111111
1111000000000000000000000011111111111111111111111111111111111111
1111000000000000000000000000011111111111111111111111111111111111
1111000000000000000000000000011111111111111111111111111111111111
1111100000000000000000000000111111111111111111111111111111111111
1111000000000000000000000001111111111111111111111111111111111111
1111000000000000000000000011111111111111111100011111111111111111
1111110000000000000000000011111111111111111000011111111111111111
1111100000000000000000000011111111111111111111111111111111111111
1111100000000000000000011011111111111111111111111111111111111111
1110000000000000000000000001111111111111111111111111111111111111
1000000000000000000000000000111100000000001111111111111111111111
1001100000000000000000000000000000000000000000111111111111111111
1111000000000000000000000000000000000000000000000111111111111111
1110000000000000000000000000000000000000000000000001111111111111
1110000000000000000000000000000000000000000000000000011111111111
1100000000000000000000000000000000000000000000000000000111111111
1100000000000000000000000000000000000000000000000000000011111111
1100000000000000000000000000000000000000000000000000000011111111
