1111111111111111111111111111111111111111111111111111111111111111
1111111111111110011111111111111111111111111111111111111111111111
1111111000000000001111111111111111111111111111111111111111111111
1110000000000000000111111111111111111111111111111111111111111111
0000000000000000000011111111111111111111111111111111111111111111
0000000000000000000001111111111111111111111111111111111111111111
0000000000000000000000111111111111111111111111111111111111111111
0000000000000000000000000011111111111111111111111111111111111111
0000000000000000000000000011111111111111111111111111111111111111
0000000000000000000000001111111111111111111111111111111111111111
0000000000000000000000011111111111111111111000011111111111111111
0000000000000000000000111111111111111111111100110111111111111111
0000000000000000000001111111111111111111111111111111111111111111
0000000000000000000001111111111111111111111111111111111111111111
0000000000000000000011111111111111111111111111111111111111111111
0000000000000000000000111111111111111111111111111111111111111111
0000000000000000000000011111111111111111111111111111111111111111
0000000000000000000000001111111111111111111111111111111111111111
0000000000000000000000000000000000000000011111111111111111111111
0000000000000000000000000000000000000000000001111111111111111111
0000000000000000000000000000000000000000000000001111111111111111
0000000000000000000000000000000000000000000000000001111111111111
0000000000000000000000000000000000000000000000000000111111111111
0000000000000000000000000000000000000000000000000000011111111111
