1111111111111111111011111111111111111111111111111111111111111111
1111111111111111111001111111000111111111111111111111111111111111
1111111111100000000000011111111111111111111111111111111111111111
1111111100000000000000000111111111111111111111111111111111111111
1111100000000000000000000111111111111111111111111111111111111111
1111100000000000000000000011111111111111111111111111111111111111
1111000000000000000000000000000111111111111111111111111111111111
1111000000000000000000000000000111111111111111111111111111111111
1111100000000000000000000000011111111111111111111111111111111111
1111110000000000000000000000111111111111111001111111111111111111
1111100000000000000000000001111111111111111001111111111111111111
1111100000000000000000000011111111111111111111111111111111111111
1111111000000000000000000011111111111111111111111111111111111111
1111111000000000000000001111111111111111111111111111111111111111
1111110000000000000000000001111111111111111111111111111111111111
1111110000000000000000000001111111111111111111111111111111111111
1111100000000000000000000000111111111111111111111111111111111111
1111000000000000000000000000011111111111111111111111111111111111
1111110000000000000000000000000111111111111111111111111111111111
1111110000000000000000000000000111111111111111111111111111111111
1111110000000000000000000000000000000000000000011111111111111111
1111100000000000000000000000000000000000000000000011111111111111
1111100000000000000000000000000000000000000000000000011111111111
1111100000001000000000000000000000000000000000000000000111111111
