1111111111111111111111111111111011111111111111111111111111111111
1111111111111111111001111111110001111111111111111111111111111111
1111111111110000000000011111111111111111111111111111111111111111
1111111100000000000000000111111111111111111111111111111111111111
1111110000000000000000000011111111111111111111111111111111111111
1111100000000000000000000011111111111111111111111111111111111111
1111100000000000000000000000000111111111111111111111111111111111
1111100000000000000000000000000111111111111111111111111111111111
1111100000000000000000000000011111111111111111111111111111111111
1111110000000000000000000000011111111111111001111111111111111111
1111110000000000000000000000111111111111111011111111111111111111
1111100000000000000000000011111111111111111111111111111111111111
1111111000000000000000000011111111111111111111111111111111111111
1111111000000000000000000111111111111111111111111111111111111111
1111111000000000000000000011111111111111111111111111111111111111
1111111000000000000000000000111111111111111111111111111111111111
1111111000000000000000000000111111111111111111111111111111111111
1111100000000000000000000000011111111111111111111111111111111111
1111110000000000000000000000000111111111111111111111111111111111
1111110000000000000000000000000111111111111111111111111111111111
1111110000000000000000000000000011111111111111111111111111111111
1111110000000000000000000000000000000000000001111111111111111111
1111110000000000000000000000000000000000000000000000111111111111
1111110000000000000000000000000000000000000000000000000111111111
