1111111111111111111111111111111111111111111111111111111111111111
1111111111111111111110011111111111111111111111111111111111111111
1111111111111111110000001111111111111111111111111111111111111111
1111111111110000000000000011111111111111111111111111111111111111
1111111110000000000000000001111111111111111111111111111111111111
1111111100000000000000000000111111111111111111111111111111111111
1111111000000000000000000000000001111111111111111111111111111111
0111110000000000000000000000000001111111111111111111111111111111
1111111000000000000000000000000001111111111111111111111111111111
1111111000000000000000000000000111111111110011111111111111111111
1111111100000000000000000000001111111111111111111111111111111111
1111111110000000000000000000111111111111111111111111111111111111
1111111100000000000000000000011111111111111111111111111111111111
1111111110000000000000000000111111111111111111111111111111111111
1111111110000000000000000011111111111111111111111111111111111111
1111111110000000000000000000001111111111111111111111111111111111
1111111100000000000000000000001110000000000111111111111111111111
1111111000000000000000000000000000000000000000001111111111111111
1111111000000000000000000000000000000000000000000011111111111111
1111111110000000000000000000000000000000000000000000011111111111
1111111110000000000000000000000000000000000000000000001111111111
1111111110000000000000000000000000000000000000000000000011111111
1111111110000000000000000000000000000000000000000000000001111111
1111111110000000000000000000000000000000000000000000000001111111
