1111111111111111111001111111111111111111111111111111111111111111
1111111111111111111000011111111111111111111111111111111111111111
1111111111111000000000000111111111111111111111111111111111111111
1111111111000000000000000001111111111111111111111111111111111111
1111111100000000000000000001111111111111111111111111111111111111
1111111000000000000000000000000001111111111111111111111111111111
1111110000000000000000000000000001111111111111111111111111111111
1111110000000000000000000000000011111111111111111111111111111111
1111111000000000000000000000000111111111111111111111111111111111
1111111000000000000000000000001111111001111111111111111111111111
1111111110000000000000000000011111111000111111111111111111111111
0111111100000000000000000000011111111111111111111111111111111111
1111111110000000000000000000011111111111111111111111111111111111
1111111111000000000000000000011111111111111111111111111111111111
1111111111100000000000000001111111111111111111111111111111111111
1111111111000000000000000000000011111111111111111111111011111111
1111111100000000000000000000000000000000000000011111111111111111
1111111110000000000000000000000000000000000000000001111111111111
1111111100000000000000000000000000000000000000000000011111111111
1111111100000000000000000000000000000000000000000000000111111111
1111111000000000000000000000000000000000000000000000000001111111
1111111000000000000000000000000000000000000000000000000000111111
1111111100000000000000000000000000000000000000000000000000111111
1111111000000000000000000000000000000000000000000000000011111111
