1111111111111111111111111111111111111111111111111111111111110111
1111111111111111111011111111111111111111111111111111111111111111
1111111111111111111000111111111111111111111111111111111111111111
1111111111110000000000011111111111111111111111111111111111111111
1111111100000000000000000111111111111111111111111111111111111111
1111110000000000000000000111111111111111111111111111111111111111
1111100000000000000000000001111111111111111111111111111111111111
1111100000000000000000000000000111111111111111111111111111111111
1111100000000000000000000000000111111111111111111111111111111111
1111100000000000000000000000011111111110011111111111111111111111
1111110000000000000000000000111111111100011111111111111111111111
1111010000000000000000000011111111111111111111111111111111111111
1111110000000000000000000011111111111111111111111111111111111111
1111111000000000000000000011111111111111111111111111111111111111
1111110000000000000000000111111111111111111111111111111111111111
1111100000000000000000000111111111111111111111111111111111101111
1111000000000000000000000000000000000000000011111111111111111111
1100000000000000000000000000000000000000000000011111111111111111
1100000000000000000000000000000000000000000000000011111111111111
1111000000000000000000000000000000000000000000000000111111111111
1111000000000000000000000000000000000000000000000000001111111111
1110000000000000000000000000000000000000000000000000000111111111
1110000000000000000000000000000000000000000000000000000011111111
1110000000000000000000000000000000000000000000000000000011111111
