1111111111111101111111111111111111111111111111111111111111111111
1111111111111000111111111111111111111111111111111111111111111111
1110000000000000001111111111111111111111111111111111111111111111
0000000000000000000111111111111111111111111111111111111111111111
0000000000000000000011111111111111111111111111111111111111111111
0000000000000000000001111111111111111111111111111111111111111111
0000000000000000000000000011111111111111111111111111111111111111
0000000000000000000000000011111111111001111111111111111111111111
0000000000000000000000001111111111111000111111111111111111111111
0000000000000000000000001111111111111100111111111111111111111111
0000000000000000000000111111111111111111111111111111111111111111
0000000000000000000011111111111111111111111111111111111111111111
0000000000000000000001111111111111111111111111111111111111111111
0000000000000000000001111111111111111111111111111111111111111111
0000000000000000001011111111111111111111111111111111111111111111
0000000000000000000000111111111111111111111111111111111111111111
0000000000000000000000011111111111111111111111111111111111111111
0000000000000000000000001111111111111111111111111111111111111111
0000000000000000000000000011000000000001111111111111111111111111
0000000000000000000000000000000000000000000000111111111111111111
0000000000000000000000000000000000000000000000000111111111111111
0000000000000000000000000000000000000000000000000001111111111111
0000000000000000000000000000000000000000000000000000011111111111
0000000000000000000000000000000000000000000000000000000111111111
