1111111001111111111111111111111111111111111111111111111111111111
1111111000111111111111111111111111111111111111111111111111111111
0000000000001111111111111111111111111111111111111111111111111111
0000000000000011111111111111111111111111111111111111111111111111
0000000000000001111111111111111111111111111111111111111111111111
0000000000000000111111111111111111111111111111111111111111111111
0000000000000000001111111111111111111111111111111111111111111111
0000000000000000000000011111111110111111111111111111111111111111
0000000000000000000000100111111110011111111111111111111111111111
0000000000000000000011100111111110001111111111111111111111111111
0000000000000000000011111111111111111111111111111111111111111111
0000000000000000000111111111111111111111111111111111111111111111
0000000000000000011111111111111111111111111111111111111111111111
0000000000000000011111111111111111111111111111111111111111111111
0000000000000000001111111111111111111111111111111111111111111111
0000000000000000111111111111111111111111111111111111111111111111
0000000000000001111111111111111111111111111111111111111111111111
0000000000000000000011111111111111111111111111111111111111111111
0000000000000000000011111111000000000000111111111111111111111111
0000000000000000000001100000000000000000000001111111111111111111
0000000000000000000000000000000000000000000000001111111111111111
0000000000000000000000000000000000000000000000000011111111111111
0000000000000000000000000000000000000000000000000000111111111111
0000000000000000000000000000000000000000000000000000001111111111
