1111111011111111111111111111111111111111111111111111111111111111
1111111000111111111111111111111111111111111111111111111111111111
0000000000001111111111111111111111111111111111111111111111111111
0000000000000011111111111111111111111111111111111111111111111111
0000000000000000111111111111111111111111111111111111111111111111
0000000000000000111111111111111111111111111111111111111111111111
0000000000000000000010011111111111111111111111111111111111111111
0000000000000000000000011111111111111111111111111111111111111111
0000000000000000000000111111111100011111111111111111111111111111
0000000000000000000011110001111100011111111111111111111111111111
0000000000000000000011111011111111011111111111111111111111111111
0000000000000000000111111111111111111111111111111111111111111111
0000000000000000011111111111111111111111111111111111111111111111
0000000000000000001111111111111111111111111111111111111111111111
0000000000000000001111111111111111111111111111111111111111111111
0000000000000000111111111111111111111111111111111111111111111111
0000000000000001111111111111111111111111111111111111111111111111
0000000000000000000011111111111111111111111111111111111111111111
0000000000000000000011111111110000000111111111111111111111111111
0000000000000000000001110000000000000000000011111111111111111111
0000000000000000000000000000000000000000000000011111111111111111
0000000000000000000000000000000000000000000000000011111111111111
0000000000000000000000000000000000000000000000000000111111111111
0000000000000000000000000000000000000000000000000000011111111111
