1111111111111111111111111111111111111111111111111111111111111111
1111111111111111111111111111111111111111111111111111111111111111
1111111111111111111111111111111111111111111111111111111111111111
0111111111111111111111111111111111111111111111111111111111111111
0001111111111111111111111111111111111111111111111111111111111111
0000111111111111111111111111111111111111111111111111111111111111
0000001111111111111111111111111111111111111111111111111111111111
0000000000000000111111111111111111111111111111111111111111111111
0000000000000001111111111111110001111111111111111111111111111111
0000000000000001111111111111110000111111111111111111111111111111
0000000000000011111111111111111100111111111111111111111111111111
0000000000000011111111111111111111111111111111111111111111111111
0000000000000111111111111111111111111111111111111111111111111111
0000000000001111111111111111111111111111111111111111111111111111
0000000000011111111111111111111111111111111111111111111111111111
0000000000111111111111111111111111111111111111111111111111111111
0000000000011111111111111111111111111111111111111111111111110011
0000000000001111111111111111111111111111111111111111111111111111
0000000000000111111111111111111111111111111111111111111111111111
0000000000010111111111111111111111111111111111111111111111111111
0000000001011111111111111111111111111111111111111111111111111111
0000000001111111111111111111111111111111111111111111111111111111
0000111111111111111111111111111111111111111111111111111111111111
0000000000111111111111111111111111111111111111111111111111111111
