0000000000000000000000000000000000000000000000000000000000000000
0000000000000000000000000111111111100000011111111100000000000000
0000000000000000000000000111111111111111111111111100000000000000
0000000000000000000000000011111111111111111111111100000000000000
0000000000000000000000000001111111111111111111111100000000000000
0000000000000000000000000001111111111111111111000000000000000000
0000000000000000000000000001111111111111111111100000000000000000
0000000000000000000000000000111111111111111111110000000000000000
0000000000000000000000000000111111111111111111000000000000000000
0000000000000000000000000001101111111111111110000000000000000000
0000000000000000000000000001001111111111111110000000000000000000
0000000000000000000000000001001111111111111100000000000000000000
0000000000000000000000000000011111111111111100000000000000000000
0000000000000000000000000000011111111111111110000000000000000000
0000000000000000000000000000111111111111111111100000000000000000
0000000000000000000000000000111111111111111111110000000000000000
0000000000000000000000000000111111111111111111111110000000000000
0000000000000000000000000001111111111111111101111111000000000000
0000000000000000000000000000111111111111111101111111100000000000
0000000000000000000000000000011111111111111100111111111000000000
0000000000000000000000000000011111111111111100011111111100000000
0000000000000000000000000000111111111111111100011111111110000000
0000000000000000000000000011111111111111111100001111111110000000
0000000000000000000000000111111111111111111110001111111111000000
