1111111111111111111111111111111111111111111111111111111111111111
1111111111111111111111111111111111111111111111111111111111111111
1111111111111111111111111111111111111111111111111111111111111111
1111111111111111111111111111111111111111111111111111111111111111
1111111111111111111111111111111111111111111111111111111111111111
1111111111111111111111111111111111111111111111111111111111111111
1111111111111111111111111111111111111111111111111111111111111111
0000000000001111111111111111111111111111111111111111111111111111
0000000000000111111111111111100111111111111111111111111111111111
0000000000000111111111111111000111111111111111111111111111111111
0000000000001111111111111111000011111111111111111111111111111111
0000000000001111111111111111100011111111111111111111111111111111
0000000000001111111111111111111001111111111111111111111111111111
0000000000011111111111111111111111111111111111111111111111111111
0000000000011111111111111111111111111111111111111111111111111111
0000000000111111111111111111111111111111111111111111111111111111
0000000001111111111111111111111111111111111111111111111111111111
0000000011111111111111111111111111111111111111111111111111111111
0000001111111111111111111111111111111111111111111111111111111111
0000001111111111111111111111111111111111111111111111111111111111
0000001111111111111111111111111111111111111111111111111111111111
0000000011111111111111111111111111111111111111111111111111111111
0000000011111111111111111111111111111111111111111111111111111111
0000000011111111111111111111111111111111111111111111111111111111
