1111111111111111111111111111111111111111111111111111111111111111
1111111111111111111111111111111111111111111111111111111111111111
1111111111111111111111111111111111111111111111111111111111111111
1111111111111111111111111111111111111111111111111111111111111111
1111111111111111111111111111111111111111111111111111111111111111
1111111111111111111111111111111111111111111111111111111111111111
1111111111111111111111111111111111111111111111111111111111111111
1111111111111111111111111111111111111111111111111111111111111111
1111111111111111111111111111001111111111111111111111111111111111
1111111111111111111111111100000111111111111111111111111111111111
1100111111111111111111111110000011111111111111111111111111111111
0000001111111111111111111111000001111111111111111111111111111111
0000001111111111111111111111110001111111111111111111111111111111
0000011111111111111111111111111100111111111111111111111111111111
0000001111111111111111111111111111111111111111111111111111111111
0000001111111111111111111111111111111111111111111111111111111111
0000011111111111111111111111111111111111111111111111111111111111
0000011111111111111111111111111111111111111111111111111111111111
0000011111111111111111111111111111111111111111111111111111111111
0001111111111111111111111111111111111111111111111111111111111111
0001111111111111111111111111111111111111111111111111111111111111
0010111111111111111111111111111111111111111111111111111111111111
1111111111111111111111111111111111111111111111111111111111111111
1111111111111111111111111111111111111111111111111111111111111111
