1111111111111111111111111111111111111111111111111111111111111111
1111111111111111111111111111111111111111111111111111111111111111
1111111111111111111111111111111111111111111111111111111111111111
1111111111111111111111111111111111111111111111111111111111111111
1111111111111111111111111111111111111111111111111111111111111111
1111111111111111111111111111111111111111111111111111111111111111
1111111111111111111111111111111111111111111111111111111111111111
1111111111111111111111111111111111111111111111111111111111111111
1111111111111111111111111110011111111111111111111111111111111111
1111111111111111111111111000001111111111111111111111111111111111
1111111111111111111111111100000111111111111111111111111111111111
0111111111111111111111111111000011111111111111111111111111111111
0011111111111111111111111111110001111111111111111111111111111111
0011111111111111111111111111111100111111111111111111111111111111
0111111111111111111111111111111111011111111111111111111111111111
0011111111111111111111111111111111111111111111111111111111111111
0011111111111111111111111111111111111111111111111111111111111111
0111111111111111111111111111111111111111111111111111111111111111
0111111111111111111111111111111111111111111111111111111111111111
0111111111111111111111111111111111111111111111111111111111111111
1111111111111111111111111111111111111111111111111111111111111111
1111111111111111111111111111111111111111111111111111111111111111
1111111111111111111111111111111111111111111111111111111111111111
1111111111111111111111111111111111111111111111111111111111111111
