0000000000000000000000000000000000000000000000111111110000000000
0000000000000000000000000000001111111111111111111111110000000000
0000000000000000000000000000001111111111111111111111111000000000
0000000000000000000000000000000111111111111111111111111000000000
0000000000000000000000000000000111111111111111111111111000000000
0000000000000000000000000000001111111111111111111111000000000000
0000000000000000000000000000001111111111111111111111100000000000
0000000000000000000000000000000111111111111111111111111000000000
0000000000000000000000000000000011111111111111111111000000000000
0000000000000000000000000000000111111111111111111111000000000000
0000000000000000000000000000000100111111111111111110000000000000
0000000000000000000000000000001100011111111111111110000000000000
0000000000000000000000000000000000111111111111111100000000000000
0000000000000000000000000000000011111111111111111100000000000000
0000000000000000000000000000000011111111111111111100000000000000
0000000000000000000000000000000011111111111111111110000000000000
0000000000000000000000000000000011111111111111111111000000000000
0000000000000000000000000000000111111111111111111111100000000000
0000000000000000000000000000000111111111111111111111111110000000
0000000000000000000000000000000111111111111111110011111111000000
0000000000000000000000000000000111111111111111110011111111100000
0000000000000000000000000000000111111111111111100011111111111000
0000000000000000000000000000000111111111111111100011101111111100
0000000000000000000000000000111111111111111111100011100111111110
