1111111111111111111111111111111111111111111111111111111111111111
1111111111111111111111111111111111111111111111111111111111111111
1111111111111111111111111111111111111111111111111111111111111111
1111111111111111111111111111111111111111111111111111111111111111
1111111111111111111111111111111111111111111111111111111111111111
1111111111111111111111111111111111111111111111111111111111111111
1111111111111111111111111111111111111111111111111111111111111111
1111111111111111111111111111111111111111111111111111111111111111
1111111111111111111111100000001111111000000011111111111111111111
1111111111111111111111000011001100000000000000011111111111111111
1111111111111111110000000010000000000000000000011111111111111111
1111111111111111100111000000000000000000000001111111111111111111
1111111111111111111100000000000000000000000111111111111111111111
1111111111111110000000000000000000000000011111111111111111111111
1111111111111110000000000000000000000111111111111111111111111111
1111111111111111100000000000000001111111111111111111111111111111
1111111111111111111000000000111111111111111111111111111111111111
1111111111111111111111111111111111111111111111111111111111111111
1111111111111111111111111111111111111111111111111111111111111111
1111111111111111111111111111111111111111111111111111111111111111
1111111111111111111111111111111111111111111111111111111111111111
1111111111111111111111111111111111111111111111111111111111111111
1111111111111111111111111111111111111111111111111111111111111111
1111111111111111111111111111111111111111111111111111111111111111
