1111111111111111111111111111111111111111111111111111111111111111
1111111111111111111111111111111111111111111111111111111111111111
1111111111111111111111111111111111111111111111111111111111111111
1111111111111111111111111111111111111111111111111111111111111111
1111111111111111111111111111111111111111111111111111111111111111
1111111111111111111111111111111111111111111111111111111111111111
1111111111111111111111111111111111111111111111111111111111111111
1111111111111111111111111111101111111111111111111111111111111111
1111111111111111111111110000001111110000000111111111111111111111
1111111111111111111111100001001100000000000001111111111111111111
1111111111111111111000000001000000000000000001111111111111111111
1111111111111111110011100000000000000000000011111111111111111111
1111111111111111111111000000000000000000001111111111111111111111
1111111111111111110000000000000000000000111111111111111111111111
1111111111111111100000000000000000000011111111111111111111111111
1111111111111111100000000000000000111111111111111111111111111111
1111111111111111111000000000001111111111111111111111111111111111
1111111111111111111111000001111111111111111111111111111111111111
1111111111111111111111111111111111111111111111111111111111111111
1111111111111111111111111111111111111111111111111111111111111111
1111111111111111111111111111111111111111111111111111111111111111
1111111111111111111111111111111111111111111111111111111111111111
1111111111111111111111111111111111111111111111111111111111111111
1111111111111111111111111111111111111111111111111111111111111111
