1111111111111111111111111111111111111111111111111111111111111111
1111111111111111111111111111111111111111111111111111111111111111
1111111111111111111111111111111111111111111111111111111111111111
1111111111111111111111111111111111111111111111111111111111111111
1111111111111111111111111111111111111111111111111111111111111111
1111111111111111111111111111111111001000111111111111111111111111
1111111111111111111111111111111111000000011111111111111111111111
1111111111111111111111111111111110010000011111111111111111111111
1111111111111111111111111111111110011000001111111111111111111111
1111111111111111111111111111111110011000011111111111111111111111
1111111111111111111111111111111110010000001111111100111111111111
1111111111111111111111111111111110000000001111111000111111111111
1111111111110000000000000011111111000000001000000000111111111111
1111111111100000000000000000000000000000000000000001111111111111
1111111111110000000000000000000000000000000000000011111111111111
1111111111111100000000000000000000000000000000000111111111111111
1111111111111111111110000000000000000000000000001111111111111111
1111111111111111111111110000000000000000000000111111111111111111
1111111111111111111111111111111111111111111111111111111111111111
1111111111111111111111111111111111111111111111111111111111111111
1111111111111111111111111111111111111111111111111111111111111111
1111111111111111111111111111111111111111111111111111111111111111
1111111111111111111111111111111111111111111111111111111111111111
1111111111111111111111111111111111111111111111111111111111111111
