1111111111111111111111111111111111111111111111111111111111111111
1111111111111111111111111111111111111111111111111111111111111111
1111111111111111111111111111111111111111111111111111111111111111
1111111111111111111111111111111111111111111111111111111111111111
1111111111111111111111111111111111111111111111111111111111111111
1111111111111111111111111111111111000000011111111111111111111111
1111111111111111111111111111111110000000011111111111111111111111
1111111111111111111111111111111110011000011111111111111111111111
1111111111111111111111111111111110011000001111111111111111111111
1111111111111111111111111111111110011000011111111111111111111111
1111111111111111111111111111111110100000001111111110011111111111
1111111111111111111111111111111110000000000111111100011111111111
1111111111000000000000001111111111000000001000000000011111111111
1111111111000000000000000000000000000000000000000000111111111111
1111111111100000000000000000000000000000000000000011111111111111
1111111111111000000000000000000000000000000000000111111111111111
1111111111111111111000000000000000000000000000001111111111111111
1111111111111111111111000000000000000000000000011111111111111111
1111111111111111111111111111111111111111111111111111111111111111
1111111111111111111111111111111111111111111111111111111111111111
1111111111111111111111111111111111111111111111111111111111111111
1111111111111111111111111111111111111111111111111111111111111111
1111111111111111111111111111111111111111111111111111111111111111
1111111111111111111111111111111111111111111111111111111111111111
