1111111111111111111111111111111111111111111111111111111111111111
1111111111111111111111111111111111111111111111111111111111111111
1111111111111111111111111111111111111111111111111111111111111111
1111111111111111111111111111111111111111111111111111111111111111
1111111111111111111111111111111111111111111111111111111111111111
1111111111111111111111111111111110000000011111111111111111111111
1111111111111111111111111111111110000000011111111111111111111111
1111111111111111111111111111111110111000001111111111111111111111
1111111111111111111111111111111100111000000111111111111111111111
1111111111111111111111111111111110111000011111111111111111111111
1111111111111111111111111111111110100000001111111111001111111111
1111111111111111111111111111111110000000000111111110001111111111
1111111100000000000000011111111111000000000000000000011111111111
1111111100000000000000000000000000000000000000000000111111111111
1111111110000000000000000000000000000000000000000001111111111111
1111111111100000000000000000000000000000000000000011111111111111
1111111111111111100000000000000000000000000000000111111111111111
1111111111111111111100000000000000000000000000011111111111111111
1111111111111111111111111011111111111111111101111111111111111111
1111111111111111111111111111111111111111111111111111111111111111
1111111111111111111111111111111111111111111111111111111111111111
1111111111111111111111111111111111111111111111111111111111111111
1111111111111111111111111111111111111111111111111111111111111111
1111111111111111111111111111111111111111111111111111111111111111
