1111111111111111111111111111111111111111111111111111111111111111
1111111111111111111111111111111111111111111111111111111111111111
1111111111111111111111111111111111111111111111111111111111111111
1111111111111111111111111111111111111111111111111111111111111111
1111111111111111111111111111111111111100111111111111111111111111
1111111111111111111111111111111110000000011111111111111111111111
1111111111111111111111111111111110000000011111111111111111111111
1111111111111111111111111111111100111000000111111111111111111111
1111111111111111111111111111111100111000000111111111111111111111
1111111111111111111111111111111100111000001111111111111111111111
1111111111111111111111111111111100100000001111111111000111111111
1111111111111111111111111111111100000000000111111110000111111111
1111111000000000000000111111111111000000000000000000001111111111
1111111000000000000000000000000000000000000000000000111111111111
1111111100000000000000000000000000000000000000000001111111111111
1111111111000000000000000000000000000000000000000011111111111111
1111111111111111100000000000000000000000000000000111111111111111
1111111111111111111000000000000000000000000000011111111111111111
1111111111111111111111110111111111111111111001111111111111111111
1111111111111111111111111111111111111111111111111111111111111111
1111111111111111111111111111111111111111111111111111111111111111
1111111111111111111111111111111111111111111111111111111111111111
1111111111111111111111111111111111111111111111111111111111111111
1111111111111111111111111111111111111111111111111111111111111111
