1111111111111111111111111111111111111111111111111111111111111111
1111111111111111111111111111111111111111111111111111111111111111
1111111111111111111111111111111111111111111111111111111111111111
1111111111111111111111111111111100110000011111111111111111111111
1111111111111111111111111111111000000000011111111111111111111111
1111111111111111111111111111111001100000011111111111111111111111
1111111111111111111111111111111001111000000001111111111111111111
1111111111111111111111111111111001111000011001111111111111111111
1111111111111111111111111111111001111000001111111111111111111111
1111111111111111111111111111111001100000001111111111111100111111
1111111111111111111111111111111010000000000111111111110000111111
1111111111111111111111111111111100000000001111100000000001111111
1000000000000000000001111111111110000000000000000000000011111111
1000000000000000000000000000000000000000000000000000000111111111
1110000000000000000000000000000000000000000000000000011111111111
1111000000000000000000000000000000000000000000000000111111111111
1111111111000000000000000000000000000000000000000011111111111111
1111111111111000000000000000000000000000000000000111111111111111
1111111111111111100011111111111111110000000000011111111111111111
1111111111111111111111111111111111111111110001111111111111111111
1111111111111111111111111111111111111111111111111111111111111111
1111111111111111111111111111111111111111111111111111111111111111
1111111111111111111111111111111111111111111111111111111111111111
1111111111111111111111111111111111111111111111111111111111111111
