1111111111111111111111111111111111111111111111111111111111111111
1111111111111111111111111111111111111000111111111111111111111111
1111111111111111111111111111110000100000011111111111111111111111
1111111111111111111111111111110000000000011111111111111111111111
1111111111111111111111111111110011100000000011111111111111111111
1111111111111111111111111111100011111000000000011111111111111111
1111111111111111111111111111100011111000011111111111111111111111
1111111111111111111111111111100011110000001111111111111111111111
1111111111111111111111111111110011100000000111111111111111100011
1111111111111111111111111111110110000000000111111111111111000011
1111111111111111111111111111110000000000000111111110000000001111
1111111111111111111111111111111000000000001100000000000000011111
0000000000000000000011111111111111100000000000000000000000111111
0000000000000000000000000000000000000000000000000000000011111111
0000000000000000000000000000000000000000000000000000000111111111
0000000000000000000000000000000000000000000000000000001111111111
1111100000000000000000000000000000000000000000000000111111111111
1111111100000000000000000000000000000000000000000011111111111111
1111111111110000111111111111111110000000000000001111111111111111
1111111111111111111111111111111111111000000000111111111111111111
1111111111111111111111111111111111111111111111111111111111111111
1111111111111111111111111111111111111111111111111111111111111111
1111111111111111111111111111111111111111111111111111111111111111
1111111111111111111111111111111111111111111111111111111111111111
