1111111111111111111111111111111111110000011111111111111111111111
1111111111111111111111111111100000000000001111111111111111111111
1111111111111111111111111111100000000000011111111111111111111111
1111111111111111111111111111000111100000000000001111111111111111
1111111111111111111111111111000111111000000000001111111111111111
1111111111111111111111111111000111111000011111111111111111111111
1111111111111111111111111111000111110000001111111111111111111111
1111111111111111111111111111100111100000000111111111111111111100
1111111111111111111111111111100110000000000111111111111111110000
1111111111111111111111111111101100000000000011111111111111100000
1111111111111111111111111111110000000000000111111000000000000011
0000001111111111111111111111111000000000000000000000000000000111
0000000000000000000001111111111110000000000000000000000000001111
0000000000000000000000000000000000000000000000000000000000111111
0000000000000000000000000000000000000000000000000000000001111111
0000000000000000000000000000000000000000000000000000000111111111
0000000000000000000000000000000000000000000000000000011111111111
1110000000000000000000000000000000000000000000000000111111111111
1111111000000111111111111111110000000000000000000111111111111111
1111111111111111111111111111111111000000000000011111111111111111
1111111111111111111111111111111111111111000011111111111111111111
1111111111111111111111111111111111111111111111111111111111111111
1111111111111111111111111111111111111111111111111111111111111111
1111111111111111111111111111111111111111111111111111111111111111
