1111111111111111111111111110000000000000011111111111111111111111
1111111111111111111111111110001100000000000001111111111111111111
1111111111111111111111111110001111110000000000000011111111111111
1111111111111111111111111100011111110000001111100111111111111111
1111111111111111111111111100011111110000011111111111111111111111
1111111111111111111111111100011111110000001111111111111111111111
1111111111111111111111111110001111100000000111111111111111111111
1111111111111111111111111110011110000000000011111111111111111111
1111111111111111111111111110011000000000000011111111111111111100
1111111111111111111111111111011000000000000011111111100000000000
1111111111111111111111111111110000000000000111000000000000000000
0000111111111111111111111111111111000000000000000000000000000001
0000000000000000000000000000000000000000000000000000000000000011
0000000000000000000000000000000000000000000000000000000000001111
0000000000000000000000000000000000000000000000000000000000011111
0000000000000000000000000000000000000000000000000000000001111111
0000000000000000000000000000000000000000000000000000000111111111
0000000000000000000000000000000000000000000000000000011111111111
0000000011111111111111111110000000000000000000000001111111111111
1111111111111111111111111111110000000000000000000111111111111111
1111111111111111111111111111111111111100000000111111111111111111
1111111111111111111111111111111111111111111111111111111111111111
1111111111111111111111111111111111111111111111111111111111111111
1111111111111111111111111111111111111111111111111111111111111111
