1111111111111111111111110000111111100000000000000000011111111111
1111111111111111111111110000111111110000000111110000111111111111
1111111111111111111111110001111111100000001111111111111111111111
1111111111111111111111110001111111110000011111111111111111111111
1111111111111111111111110000111111100000001111111111111111111111
1111111111111111111111111000111111000000000111111111111111111111
1111111111111111111111111000111100000000000011111111111111111111
1111111111111111111111111001110000000000000011111111111111111111
1111111111111111111111111000110000000000000011111111111100000000
1111111111111111111111111111100000000000000111111000000000000000
1111111111111111111111111111100000000000000000000000000000000000
0111111111111111111111111111111000000000000000000000000000000000
0000000000000000000000000000000000000000000000000000000000000000
0000000000000000000000000000000000000000000000000000000000000011
0000000000000000000000000000000000000000000000000000000000000111
0000000000000000000000000000000000000000000000000000000000011111
0000000000000000000000000000000000000000000000000000000001111111
0000000000000000000000000000000000000000000000000000000111111111
0001111111111100001111000000000000000000000000000000011111111111
1111111111111111111111111100000000000000000000000011111111111111
1111111111111111111111111111111000000000000000001111111111111111
1111111111111111111111111111111111111110000001111111111111111111
1111111111111111111111111111111111111111111111111111111111111111
1111111111111111111111111111111111111111111111111111111111111111
