1111111111111111110000111111111110000000011111111111111111111111
1111111111111111110000111111111111000000011111111111111111111111
1111111111111111111000011111111100000000000111111111111111111111
1111111111111111111000011111111000000000000111111111111111111111
1111111111111111111000011111100000000000001111111111111111111111
1111111111111111111000111110000000000000000111111111111111111111
1111111111111111111100011100000000000000000111111111111111111100
1111111111111111111110011100000000000000001111111111111000000000
1111111111111111111111111000000000000000011111100000000000000000
1111111111111111111111111011111111100000000000000000000000000000
1111111111111111111111110000000000000000000000000000000000000000
0000000000000000000000000000000000000000000000000000000000000000
0000000000000000000000000000000000000000000000000000000000000000
0000000000000000000000000000000000000000000000000000000000000000
0000000000000000000000000000000000000000000000000000000000000000
0000000000000000000000000000000000000000000000000000000000000011
0000000000000000000000000000000000000000000000000000000000001111
0000000000000000000000000000000000000000000000000000000000111111
0000000000000000000000000000000000000000000000000000000011111111
1111111111111100000000000000000000000000000000000000011111111111
1111111111111111110000000000000000000000000000000001111111111111
1111111111111111111111110000000000000000000000000111111111111111
1111111111111111111111111111111111110001111111111111111111111111
1111111111111111111111111111111111111111111111111111111111111111
