1111111111110000011111111100000000000000011111111111111111111111
1111111111111000011111000000000000000000001111111111111111111111
1111111111110000111110000000000000000000011111111111111111111111
1111111111111001111100000000000000000000011111111111111111111111
1111111111111000011000000000000000000000011111111111111111111111
1111111111111110000000000000000000000000011111111111111111111111
1111111111111111110000000000000000000001111111111111111110000000
1111111111111111111111110000000000000001111111110000000000000000
1111111111111111111111111111111000000000000000000000000000000000
1111111111111111111100000000000000000000000000000000000000000000
0000000000000000000000000000000000000000000000000000000000000000
0000000000000000000000000000000000000000000000000000000000000000
0000000000000000000000000000000000000000000000000000000000000000
0000000000000000000000000000000000000000000000000000000000000000
0000000000000000000000000000000000000000000000000000000000000001
0000000000000000000000000000000000000000000000000000000000000111
0000000000000000000000000000000000000000000000000000000000001111
0000000000000000000000000000000000000000000000000000000111111111
0000000000000000000000000000000000000000000000000000011111111111
0000000000000000000000000000000000000000000000000111111111111111
0000000000000000000000000000000000000000000000111111111111111111
0000000000000000000000000000000000000000111111111111111111111111
1111100000000000000000000000000011111111111111111111111111111111
1111111111111111111111111111111111111111111111111111111111111111
