1111111111100000111111111111100000000000111111111111111111111111
1111111111110000111111111100000000000000001111111111111111111111
1111111111110000111111100000000000000000001111111111111111111111
1111111111110001111100000000000000000000011111111111111111111111
1111111111110001111000000000000000000000001111111111111111111111
1111111111111000010000000000000000000000001111111111111111111111
1111111111111110000000000000000000000001111111111111111111111110
1111111111111111110000000000000000000000111111111111111100000000
1111111111111111111111110000000000000000111111111000000000000000
1111111111111111111111111111111000000001100000000000000000000000
1111111111111111111111111111110000000000000000000000000000000000
1111111100000000000000000000000000000000000000000000000000000000
0000000000000000000000000000000000000000000000000000000000000000
0000000000000000000000000000000000000000000000000000000000000000
0000000000000000000000000000000000000000000000000000000000000000
0000000000000000000000000000000000000000000000000000000000000001
0000000000000000000000000000000000000000000000000000000000000011
0000000000000000000000000000000000000000000000000000000000001111
0000000000000000000000000000000000000000000000000000000011111111
0000000000000000000000000000000000000000000000000000111111111111
0000000000000000000000000000000000000000001111111111111111111111
0000000000000000000000000000000000000111111111111111111111111111
0000000000000000000000000000000011111111111111111111111111111111
0000000000000000000000000111111111111111111111111111111111111111
