1111111000000111111111111111000000000011111111111111111111111111
1111111000000111111111111111000000000011111111111111111111111111
1111111100000111111111111111100000000001111111111111111111111111
1111111100000011111111111111110000000000111111111111111111111111
1111111110000001111111111111100000000000011111111111111111111111
1111111111000011111111111111000000000000001111111111111111111111
1111111111000111111111111110000000000000001111111111111111111111
1111111111000111111111111000000000000000000111111111111111111111
1111111111000111111110000000000000000000000111111111111111111111
1111111111100000111110000000000000000000000111111111111111111100
1111111111111000111100000000000000000000001111111111111100000000
1111111111111111110000000000000000000000001111111000000000000000
1111111111111111110000000000000000000000000000000000000000000000
1111111111111111111111111111111000000000000000000000000000000000
1111111111110000000000000000000000000000000000000000000000000000
0000000000000000000000000000000000000000000000000000000000000000
0000000000000000000000000000000000000000000000000000000000000000
0000000000000000000000000000000000000000000000000000000000000000
0000000000000000000000000000000000000000000000000000000000000000
0000000000000000000000000000000000000000000000000000000000000000
0000000000000000000000000000000000000000000000000000000000000000
0000000000000000000000000000000000000000000000000000000000000001
0000000000000000000000000000000000000000000000000000000000000111
0000000000000000000000000000000000000000000000000000000000011111
