1111000000001111111111110000000000000111111111111111111111111111
1111000000011111111111111100000000000000000000001111111111111111
1111000000111111111111111111100000000010000000000000000001111111
1110000000111111111111111111100000000001110000000000000000000000
1110000000111111111111111111000000000000000000001111111100000000
1110000000111111111111111110000000000000000011111111111111111111
1111000000111111111111111110000000000011111111111111111111111111
1111000000111111111111111110000000000011111111111111111111111111
1111000000111111111111111111100000000001111111111111111111111111
1111100000011111111111111111000000000000111111111111111111111111
1111110000001111111111110000000000000000011111111111111111111111
1111111000001111111110000000000000000000001111111111111111111111
1111111000011111111000000000000000000000011111111111111111111111
1111110000111111100000000000000000000000011111111111111111111111
1111111000111111000000000000000000000000011111111111111111111111
1111111000111111000000000000000000000000011111111111111111111110
1111111100000111000000000000000000000000011111111111111100000000
1111111111000110000000000000000000000000111111111000000000000000
1111111111111110000000000000000000000011100000000000000000000000
1111111111111111000000000000000000000000000000000000000000000000
1111111111100000000000000000000000000000000000000000000000000000
0000000000000000000000000000000000000000000000000000000000000000
0000000000000000000000000000000000000000000000000000000000000000
0000000000000000000000000000000000000000000000000000000000000000
