1111000000000000000000010000000000000001111111111111111111111111
1111000000001111110000000000000000000011111111111111111111111111
1110000000011111111111110000000000001111111111111111111111111111
1110000000111111111111111100000000000000000001111111111111111111
1110000001111111111111111111100000000000000000000000000111111111
1100000001111111111111111111000000000001111000000000000000000000
1100000001111111111111111111000000000000000000000111111000000000
1100000001111111111111111110000000000000000000111111111111111110
1110000001111111111111111110000000000010111111111111111111111111
1110000001111111111111111110000000000011111111111111111111111111
1110000001111111111111111111100000000001111111111111111111111111
1111000000111111111111111111000000000001111111111111111111111111
1111100000011111111111110000000000000000011111111111111111111111
1111110000011111111100000000000000000000001111111111111111111111
1111110000111111110000000000000000000000001111111111111111111111
1111100001111111000000000000000000000000001111111111111111111111
1111110001111110000000000000000000000000001111111111111111111111
1111110001111100000000000000000000000000000111111111111111111111
1111111000011100000000000000000000000000000111111111111111000000
1111111100001000000000000000000000000000000111111100000000000000
1111111111110000000000000000000000000000000000000000000000000000
1111111111110000000000000000000000000000000000000000000000000000
1111111110000000000000000000000000000000000000000000000000000000
0000000000000000000000000000000000000000000000000000000000000000
