1111000000111111111111111111000000000011111111111111111111111111
1111000000000011111111111100000000000001111111111111111111111111
1110000000000000000011111000000000000001111111111111111111111111
1110000000011110000000000000000000000001111111111111111111111111
1100000000111111111100000000000000000111111111111111111111111111
1100000001111111111111111000000000000001111111111111111111111111
1000000001111111111111111110000000000000000000000111111111111111
1000000011111111111111111111100000000011000000000000000011111111
1000000011111111111111111111000000000001111100000000000000000000
1000000011111111111111111110000000000000000000000011111100000000
1000000011111111111111111110000000000000000000011111111111111110
1000000011111111111111111110000000000011011111111111111111111111
1100000011111111111111111111000000000011111111111111111111111111
1100000001111111111111111111100000000001111111111111111111111111
1110000001111111111111111111000000000000111111111111111111111111
1111000000111111111111111100000000000000001111111111111111111111
1111100000111111111111100000000000000000001111111111111111111111
1111100001111111111110000000000000000000001111111111111111111111
1111000011111111110000000000000000000000000111111111111111111111
1111000011111110000000000000000000000000000111111111111111111111
1111100011111100000000000000000000000000000011111111111111111111
1111110001111100000000000000000000000000000011111111111110000000
1111111000000000000000000000000000000000000011110000000000000000
1111111110000000000000000000000000000000000000000000000000000000
