1111000111111111111111111111100000000111111111111111111111111111
1111000000001111111111111110000000000011111111111111111111111111
1111000000000000111111111100000000000001111111111111111111111111
1110000000000000000000111000000000000001111111111111111111111111
1100000000111111100000000000000000000001111111111111111111111111
1100000001111111111111100000000000001111111111111111111111111111
1000000001111111111111111100000000000000001111111111111111111111
1000000011111111111111111111100000000000000000000001111111111111
1000000011111111111111111111000000000001111000000000000000011111
1000000011111111111111111111000000000000100000000000000000000000
1000000111111111111111111110000000000000000000000011111111000000
1000000111111111111111111100000000000000000001111111111111111111
1000000011111111111111111110000000000011111111111111111111111111
1100000011111111111111111111110000000001111111111111111111111111
1100000001111111111111111111100000000001111111111111111111111111
1110000001111111111111111110000000000000011111111111111111111111
1111000000111111111111111000000000000000001111111111111111111111
1111000000111111111111100000000000000000000111111111111111111111
1111000001111111111110000000000000000000001111111111111111111111
1111000011111111110000000000000000000000000111111111111111111111
1111000011111110000000000000000000000000000111111111111111111111
1111100011111100000000000000000000000000000011111111111111111100
1111110000111100000000000000000000000000000011111111110000000000
1111111000000000000000000000000000000000000010000000000000000000
