1111111111111111111111111111111111111111111111111111111111111111
1111111111111111111111111111110000011111111111111111111111111111
1110000000111111111111111110000000000011111111111111111111111111
1110000000000111111111111100000000000001111111111111111111111111
1110000000000000000111110000000000000000111111111111111111111111
1100000000111100000000000000000000000000111111111111111111111111
1000000001111111111100000000000000000111111111111111111111111111
1000000011111111111111111000000000000111111111111111111111111111
1000000011111111111111111110000000000000000011111111111111111111
0000000011111111111111111111100000000000000000000000011111111111
0000000111111111111111111111000000000001111111000000000000000111
0000000111111111111111111110000000000000000000000000100000000000
0000000111111111111111111110000000000000000000000011111111110000
1000000111111111111111111110000000000000000001111111111111111111
1000000111111111111111111111000000000011111111111111111111111111
1000000011111111111111111111110000000001111111111111111111111111
1100000011111111111111111111100000000000111111111111111111111111
1110000001111111111111111110000000000000011111111111111111111111
1111000001111111111111111000000000000000000111111111111111111111
1111000001111111111111110000000000000000000111111111111111111111
1111000011111111111110000000000000000000001111111111111111111111
1111000111111111110000000000000000000000000111111111111111111111
1111000111111110000000000000000000000000000111111111111111111111
1111100011111100000000000000000000000000000011111111111111111000
