1111111111111111111111111111111111111111111111111111111111111111
1111111111111111111111111111111111111111111111111111111111111111
1110001111111111111111111111100000000111111111111111111111111111
1110000000011111111111111110000000000001111111111111111111111111
1110000000000001111111111000000000000000111111111111111111111111
1100000000000000000011110000000000000000111111111111111111111111
1000000000111111000000000000000000000001111111111111111111111111
1000000001111111111110000000000000000111111111111111111111111111
1000000011111111111111111100000000000011111111111111111111111111
0000000011111111111111111111100000000000000000111111111111111111
0000000111111111111111111111100000000001000000000000011111111111
0000000111111111111111111111000000000000111111100000000000000011
0000000111111111111111111110000000000000000000000000110000000000
0000000111111111111111111110000000000000000000000111111111111000
0000000111111111111111111110000000000000000011111111111111111111
1000000111111111111111111111100000000001111111111111111111111111
1000000011111111111111111111110000000000111111111111111111111111
1100000011111111111111111111000000000000111111111111111111111111
1110000001111111111111111110000000000000001111111111111111111111
1111000001111111111111111000000000000000000111111111111111111111
1111000001111111111111100000000000000000000111111111111111111111
1110000011111111111100000000000000000000000111111111111111111111
1110000111111111100000000000000000000000000111111111111111111111
1111000111111110000000000000000000000000000111111111111111111111
