1111111111111111111111111111111111111111111111111111111111111111
1111111111111111111111111111111111111111111111111111111111111111
1111111111111111111111111111111111111111111111111111111111111111
1110111111111111111111111111110000000111111111111111111111111111
1110000001111111111111111111000000000001111111111111111111111111
1110000000000111111111111100000000000000111111111111111111111111
1100000000000000001111110000000000000000011111111111111111111111
1000000000111100000000001100000000000000111111111111111111111111
1000000001111111111000000000000000000011111111111111111111111111
0000000011111111111111111000000000000111111111111111111111111111
0000000011111111111111111111110000000000000111111111111111111111
0000000111111111111111111111100000000000000000000000111111111111
0000000111111111111111111111100000000000111110000000000000011111
0000000111111111111111111111000000000000011100000000000000000000
0000000111111111111111111110000000000000000000000001111111100000
0000000111111111111111111110000000000000000000011111111111111111
0000000111111111111111111111100000000001111111111111111111111111
1000000111111111111111111111111000000000111111111111111111111111
1100000011111111111111111111100000000000011111111111111111111111
1100000001111111111111111100000000000000001111111111111111111111
1110000001111111111111100000000000000000000011111111111111111111
1111000001111111111100000000000000000000000011111111111111111111
1111000011111111110000000000000000000000000111111111111111111111
1111000011111111000000000000000000000000000011111111111111111111
