1111111111111111111111111111111111111111111111111111111111111111
1111111111111111111111111111111111111111111111111111111111111111
1111111111111111111111111111111111111111111111111111111111111111
1111111111111111111111111111111000001111111111111111111111111111
1110000001111111111111111111100000000001111111111111111111111111
1110000000001111111111111110000000000000111111111111111111111111
1100000000000000001111111000000000000000011111111111111111111111
1000000000111000000000011000000000000000011111111111111111111111
1000000001111111111000000000000000000011111111111111111111111111
1000000011111111111111110000000000000111111111111111111111111111
0000000011111111111111111110000000000000001111111111111111111111
0000000111111111111111111111100000000000000000000001111111111111
0000000111111111111111111111100000000000111000000000000000111111
0000000111111111111111111111000000000000011110000000000000000000
0000000111111111111111111110000000000000000000000001111111000000
0000000111111111111111111110000000000000000000001111111111111111
0000000111111111111111111111100000000000001111111111111111111111
1000000111111111111111111111111000000000111111111111111111111111
1100000011111111111111111111100000000000011111111111111111111111
1100000011111111111111111110000000000000001111111111111111111111
1110000001111111111111110000000000000000000011111111111111111111
1111000001111111111110000000000000000000000011111111111111111111
1111000001111111111000000000000000000000000011111111111111111111
1111000011111111100000000000000000000000000011111111111111111111
