1111111111111111111111111111111111111111111111111111111111111111
1111111111111111111111111111111111111111111111111111111111111111
1111111111111111111111111111111111111111111111111111111111111111
1111111111111111111111111111111111111111111111111111111111111111
1110001111111111111111111111110000000011111111111111111111111111
1110000000111111111111111111000000000000111111111111111111111111
1110000000000011111111111110000000000000011111111111111111111111
1100000000000000000011111000000000000000011111111111111111111111
1000000000111111000000000000000000000001111111111111111111111111
1000000001111111111110000000000000000111111111111111111111111111
1000000011111111111111111100000000000001111111111111111111111111
0000000011111111111111111111100000000000000000111111111111111111
0000000111111111111111111111100000000000000000000000001111111111
0000000111111111111111111111100000000000011111110000000000000001
0000000111111111111111111110000000000000000000000000011000000000
0000000111111111111111111110000000000000000000000001111111111100
1000000111111111111111111111000000000000000000111111111111111111
1000000111111111111111111111110000000000111111111111111111111111
1100000011111111111111111111111000000000011111111111111111111111
1100000001111111111111111111100000000000001111111111111111111111
1110000001111111111111111111000000000000000111111111111111111111
1111000000111111111111111100000000000000000011111111111111111111
1111000000111111111111110000000000000000000001111111111111111111
1111000001111111111111000000000000000000000011111111111111111111
