1111111111111111111111111111111111111111111111111111111111111111
1111111111111111111111111111111111111111111111111111111111111111
1111111111111111111111111111111111111111111111111111111111111111
1111111111111111111111111111111100011111111111111111111111111111
1111111111111111111111111111000000000011111111111111111111111111
1100000011111111111111111100000000000001111111111111111111111111
1100000000000111111111111100000000000001111111111111111111111111
1100000000000000000111111000000000000011111111111111111111111111
1000000000111100000000000000000000000111111111111111111111111111
1000000001111111111110000000000000000011111111111111111111111111
1000000011111111111111111100000000000000000111111111111111111111
0000000011111111111111111110000000000000000000000000001111111111
0000000011111111111111111111100000000000011110000000000000000000
0000000011111111111111111111000000000000001110000000001000000000
0000000111111111111111111110000000000000000000000000111111111111
1000000111111111111111111110000000000000000000001111111111111111
1000000011111111111111111111100000000000100111111111111111111111
1000000011111111111111111111111100000000011111111111111111111111
1100000011111111111111111111111000000000011111111111111111111111
1110000001111111111111111111100000000000000111111111111111111111
1110000000111111111111111111000000000000000011111111111111111111
1111000000011111111111111100000000000000000001111111111111111111
1111100000011111111111111000000000000000000001111111111111111111
1111110000111111111111100000000000000000000001111111111111111111
