1111111111111111111111111111111111111111111111111111111111111111
1111111111111111111111111111111111111111111111111111111111111111
1111111111111111111111111111111111111111111111111111111111111111
1111111111111111111111111110000000000111111111111111111111111111
1100011111111111111111111000000000000011111111111111111111111111
1100000000011111111111110000000000000111111111111111111111111111
1100000000000000011111100000000000000111111111111111111111111111
1100000000110000000000000000000000000111111111111111111111111111
1000000001111111111000000000000000000011111111111111111111111111
1000000001111111111111110000000000000000000011111111111111111111
1000000011111111111111111100000000000000000000000000000011111111
1000000011111111111111111111000000000000011111100000000000000000
1000000011111111111111111111100000000000001100000000011110000000
1000000011111111111111111111000000000000000000000001111111111111
1000000011111111111111111111000000000000000000011111111111111111
1000000011111111111111111111100000000000111111111111111111111111
1100000011111111111111111111111100000000011111111111111111111111
1100000001111111111111111111111000000000001111111111111111111111
1110000001111111111111111111100000000000000111111111111111111111
1111000000111111111111111110000000000000000011111111111111111111
1111100000011111111111111000000000000000000001111111111111111111
1111110000001111111111100000000000000000000011111111111111111111
1111110000011111111110000000000000000000000001111111111111111111
1111110000011111111100000000000000000000000001111111111111111111
