1111111111111111111111111111111111111111111111111111111111111111
1111111111111111111111111111111111111111111111111111111111111111
1111111111111111111111111111111000111111111111111111111111111111
1111111111111111111111111100000000000111111111111111111111111111
1100001111111111111111111000000000000011111111111111111111111111
1100000000001111111111110000000000000111111111111111111111111111
1110000000000000001111100000000000000111111111111111111111111111
1100000000111000000000000000000000000111111111111111111111111111
1100000000111111111100000000000000000001111111111111111111111111
1000000001111111111111111000000000000000000000111111111111111111
1000000001111111111111111100000000000000000000000000000000011111
1000000011111111111111111111100000000000011111110000000000000000
1000000011111111111111111111000000000000001000000000011111110000
1000000011111111111111111111000000000000000000000001111111111111
1000000011111111111111111111000000000000000000111111111111111111
1100000011111111111111111111100000000000111111111111111111111111
1100000011111111111111111111111100000000011111111111111111111111
1100000001111111111111111111111000000000001111111111111111111111
1110000000111111111111111111100000000000000111111111111111111111
1111000000011111111111111110000000000000000001111111111111111111
1111100000011111111111111000000000000000000001111111111111111111
1111110000001111111111100000000000000000000001111111111111111111
1111111000011111111110000000000000000000000001111111111111111111
1111111000011111111000000000000000000000000001111111111111111111
