1111111111111111111111111111111111111111111111111111111111111111
1111111111111111111111111111111111111111111111111111111111111111
1111111111111111111111111111111111100011111111111111111111111111
1111111111111111111111111111110000000000011111111111111111111111
1111100001111111111111111111000000000000011111111111111111111111
1111100000000011111111111100000000000000011111111111111111111111
1111100000000000000001100000000000000000011111111111111111111111
1111100000000110000000000000000000000000011111111111111111111111
1111000000001111111111000000000000000000000111111111111111111111
1111000000001111111111111111000000000000000000001111111111111111
1111000000011111111111111111000000000000000000000000000000001111
1110000000011111111111111111110110000000000000111100000000000000
1110000000011111111111111111111100000000000000111100000000011100
1110000000011111111111111111111000000000000000000000000001111111
1111000000011111111111111111111000000000000000000000011111111111
1111000000011111111111111111111100000000000001001111111111111111
1111000000011111111111111111111111100000000001111111111111111111
1111100000001111111111111111111111000000000000111111111111111111
1111100000001111111111111111111100000000000000011111111111111111
1111110000000111111111111110000000000000000000001111111111111111
1111111000000011111111100000000000000000000000000111111111111111
1111111100000001111100000000000000000000000000000111111111111111
1111111110000001110000000000000000000000000000000111111111111111
1111111110000011000000000000000000000000000000000111111111111111
