1111111111111111111111111111111111111111111111111111111000000000
1111111111111111111111111111111111111111111111111111000000000000
1111111111111111111111111111111111111111111111111000000000000000
1111111111111110000000001111111111111111111111100000000000000000
1111111111111111000000000000011111111111111111000000000000000000
1111111111111110000000000000000000000111111000000000000000000000
1111111111111110000000000011110000000000000000000000000000000000
1111111111111100000000000011111111111000000000000000000000000000
1111111111111100000000000111111111111111111000000000000000000000
1111111111111000000000001111111111111111111111110000000000000000
1111111111111000000000001111111111111111111111110000000000000000
1111111111111000000000011111111111111111111111110000000000000000
1111111111111000000000011111111111111111111111111111000000000000
1111111111111000000000011111111111111111111111111100000000000000
1111111111111000000000011111111111111111111111111000000000000000
1111111111111000000000011111111111111111111111111000000100000000
1111111111111100000000011111111111111111111111111100000000000000
1111111111111100000000011111111111111111111111111111000000000000
1111111111111100000000001111111111111111111111111111110000000000
1111111111111110000000001111111111111111111111111111111100000000
1111111111111111000000000111111111111111111111111111110000000000
1111111111111111000000000111111111111111111111111111000000000000
1111111111111111100000000011111111111111111111111100000000000000
1111111111111111110000000001111111111111111111100000000000000000
