1111111111111111111111111111111111111111111111111111111110000000
1111111111111111111111111111111111111111111111111111111000000000
1111111111111111000000001111111111111111111111111111000000000000
1111111111111111000000000000001111111111111111111100000000000000
1111111111111111100000000000000000011111111111111000000000000000
1111111111111111000000000000000000000000000011100000000000000000
1111111111111111000000000000111111110000000000000000000000000000
1111111111111110000000000001111111111111111100000000000000000000
1111111111111110000000000001111111111111111111100000000000000000
1111111111111110000000000011111111111111111111111110000000000000
1111111111111110000000000011111111111111111111111110000000000000
1111111111111100000000000111111111111111111111111111010000000000
1111111111111100000000000111111111111111111111111111111000000000
1111111111111100000000000111111111111111111111111111110000000000
1111111111111110000000000111111111111111111111111111000000000000
1111111111111110000000000111111111111111111111111111000000110000
1111111111111110000000000111111111111111111111111111100000000000
1111111111111110000000000111111111111111111111111111111000000000
1111111111111111000000000111111111111111111111111111111110000000
1111111111111111000000000011111111111111111111111111111111100000
1111111111111111100000000011111111111111111111111111111111100000
1111111111111111110000000001111111111111111111111111111110000000
1111111111111111110000000000111111111111111111111111111000000000
1111111111111111111000000000011111111111111111111111100000000000
