1111111111111111111000000011111111111111111111111111111111111000
1111111111111111111000000000000001111111111111111111111111100000
1111111111111111111100000000000000000011111111111111111111100000
1111111111111111111100000000000000000000000000011111111111000000
1111111111111111111000000000000001111000000000000000000011000000
1111111111111111110000000000000011111111111111000000000000000000
1111111111111111110000000000000011111111111111111111110000000000
1111111111111111110000000000000111111111111111111111111111000000
1111111111111111100000000000001111111111111111111111111111000110
1111111111111111100000000000001111111111111111111111111111111100
1111111111111111100000000000001111111111111111111111111111111110
1111111111111111100000000000011111111111111111111111111111111111
1111111111111111100000000000011111111111111111111111111111111111
1111111111111111100000000000011111111111111111111111111111111100
1111111111111111100000000000011111111111111111111111111111111000
1111111111111111100000000000011111111111111111111111111111110000
1111111111111111100000000000011111111111111111111111111111111000
1111111111111111110000000000011111111111111111111111111111111110
1111111111111111110000000000011111111111111111111111111111111111
1111111111111111111000000000001111111111111111111111111111111111
1111111111111111111000000000001111111111111111111111111111111111
1111111111111111111100000000000111111111111111111111111111111111
1111111111111111111110000000000011111111111111111111111111111111
1111111111111111111110000000000011111111111111111111111111111111
