1111111111111111111111111111111100000000000000000000000000000000
1111111111111111111111111111111100000000000000000000000000000000
1111111111111111111111111111111100000000000000000000000000000000
1111111111111111111111111111111100000000000000000000000000000000
1111111111111111111111111111111100000000000000000000000000000000
1111111111111111111111111111111100000000000000000000000000000000
1111111111111111111111111111111100000000000000000000000000000000
1111111111111111111111111111000000100000000000000000000000000000
1111111111111111111111111111000011111111000000000000000000000000
1111111111111111111111111110000011111111000000000000000000000000
1111111111111111111111111100000011111111000000000000000000000000
1111111111111111111111111100000011111100000000000000000000000000
1111111111111111111111111111000001110000000000000000000000000000
1111111111111111111111111110000001110000000000000000000000000000
1111111111111111111111111100000011111110000000000000000000000000
1111111111111111111111111000000011111110000000000000000000000000
1111111111111111111111111110000011111111000000000000000000000000
1111111111111111111111111110000011111110000000000000000000000000
1111111111111111111111111100000011111110001110000000000000000000
1111111111111111111111111100000011111111110000000000000000000000
1111111111111111111111111100000011111111100000000000000000000000
1111111111111111111111111100000011111111000000000000000000000000
1111111111111111111111111000000011111110000000000000000000000000
1111111111111111111111110000000011111110000000000000000000000000
