1111111111111111111111111111111100000000000000000000000000000000
1111111111111111111111111111111100000000000000000000000000000000
1111111111111111111111111111111100000000000000000000000000000000
1111111111111111111111111111111100000000000000000000000000000000
1111111111111111111111111111111100000000000000000000000000000000
1111111111111111111111111111111100000000000000000000000000000000
1111111111111111111111111111111100000000000000000000000000000000
1111111111111111111111111111010000000000000000000000000000000000
1111111111111111111111111111000011111111000000000000000000000000
1111111111111111111111111110000011111110000000000000000000000000
1111111111111111111111111100000011111111000000000000000000000000
1111111111111111111111111100000011111100000000000000000000000000
1111111111111111111111111110000011110000000000000000000000000000
1111111111111111111111111111000011110000000000000000000000000000
1111111111111111111111111110000011111110000000000000000000000000
1111111111111111111111111111000011111111110111000000000000000000
1111111111111111111111111111000011111110000000100000000000000000
1111111111111111111111111111000011111000000000011000000000000000
1111111111111111111111111111000011111000000000000100000000000000
1111111111111111111111111110000011111100000000000000000000000000
1111111111111111111111111110000011111110000000000000000000000000
1111111111111111111111111100000011111110000000000000000000000000
1111111111111111111111111000000011111110100000000000000000000000
1111111111111111111111110000000011111110000000000000000000000000
