1111111111111111111111111111111100000000000000000000000000000000
1111111111111111111111111111111100000000000000000000000000000000
1111111111111111111111111111111100000000000000000000000000000000
1111111111111111111111111111111100000000000000000000000000000000
1111111111111111111111111111111100000000000000000000000000000000
1111111111111111111111111111111100000000000000000000000000000000
1111111111111111111111111111111100000000000000000000000000000000
1111111111111111111111111111111000000000000000000000000000000000
1111111111111111111111111110000011111000000000000000000000000000
1111111111111111111111111111000011111110000000000000000000000000
1111111111111111111111111110000011111111000000000000000000000000
1111111111111111111111111100000011111111000000000000000000000000
1111111111111111111111111110000011111100000000000000000000000000
1111111111111111111111111111000011110000000000000000000000000000
1111111111111111111111111111000011111000000111000000000000000000
1111111111111111111111111111000011111111111010110000000000000000
1111111111111111111111111111000011111110000000011000000000000000
1111111111111111111111111111000011111100000000000110000000000000
1111111111111111111111111111000011111000000000000000000000000000
1111111111111111111111111111000011111000000000000000000000000000
1111111111111111111111111110000011111100000000000000000000000000
1111111111111111111111111100000011111110000000000000000000000000
1111111111111111111111111000000011111111000000000000000000000000
1111111111111111111111111000000011111110100000000000000000000000
