1111111111111111111111111111111100000000000000000000000000000000
1111111111111111111111111111111100000000000000000000000000000000
1111111111111111111111111111111100000000000000000000000000000000
1111111111111111111111111111111100000000000000000000000000000000
1111111111111111111111111111111100000000000000000000000000000000
1111111111111111111111111111111100000000000000000000000000000000
1111111111111111111111111111111100000000000000000000000000000000
1111111111111111111111111111111100000000000000000000000000000000
1111111111111111111111111111111100000000000000000000000000000000
1111111111111111111111111110000001000000000000000000000000000000
1111111111111111111111111110000011111110000000000000000000000000
1111111111111111111111111110000011111110000000000000000000000000
1111111111111111111111111110000011111111000000000000000000000000
1111111111111111111111111110000011111111000001100000000000000000
1111111111111111111111111111000011110011111111110000000000000000
1111111111111111111111111111000011110000000000110000000000000000
1111111111111111111111111111000011111110000000011000000000000000
1111111111111111111111111111000011111110000000011000000000000000
1111111111111111111111111111000011111111000000011000000000000000
1111111111111111111111111111000011111110000000000000000000000000
1111111111111111111111111111000011111100000000000000000000000000
1111111111111111111111111111000011111110000000000000000000000000
1111111111111111111111111110000011111110000000000000000000000000
1111111111111111111111111100000011111111000000000000000000000000
