1111111111111111111111111111111100000000000000000000000000000000
1111111111111111111111111111111100000000000000000000000000000000
1111111111111111111111111111111100000000000000000000000000000000
1111111111111111111111111111111100000000000000000000000000000000
1111111111111111111111111111111100000000000000000000000000000000
1111111111111111111111111111111100000000000000000000000000000000
1111111111111111111111111111111100000000000000000000000000000000
1111111111111111111111111111111100000000000000000000000000000000
1111111111111111111111111111111100000000000000000000000000000000
1111111111111111111111111111111100000000000000000000000000000000
1111111111111111111111111110000001111000000000000000000000000000
1111111111111111111111111111000011111110000000000000000000000000
1111111111111111111111111110000011111111000000000000000000000000
1111111111111111111111111110000011111111110000110000000000000000
1111111111111111111111111110000011111111111111110000000000000000
1111111111111111111111111111000011110000000000110000000000000000
1111111111111111111111111111100011110000000000110000000000000000
1111111111111111111111111111000011111110000001110000000000000000
1111111111111111111111111111000011111110000001110000000000000000
1111111111111111111111111111000011111111000000000000000000000000
1111111111111111111111111111000011111110000000000000000000000000
1111111111111111111111111111000011111110000000000000000000000000
1111111111111111111111111111000011111110000000000000000000000000
1111111111111111111111111110000011111111000000000000000000000000
