1111111111111111111111111111111100000000000000000000000000000000
1111111111111111111111111111111100000000000000000000000000000000
1111111111111111111111111111111100000000000000000000000000000000
1111111111111111111111111111111100000000000000000000000000000000
1111111111111111111111111111111100000000000000000000000000000000
1111111111111111111111111111111100000000000000000000000000000000
1111111111111111111111111111111100000000000000000000000000000000
1111111111111111111111111111111100000000000000000000000000000000
1111111111111111111111111111111100000000000000000000000000000000
1111111111111111111111111111111100000000000000000000000000000000
1111111111111111111111111111111000000000000000000000000000000000
1111111111111111111111111110000011111010000000000000000000000000
1111111111111111111111111111000011111110000011000000000000000000
1111111111111111111111111100000011111111111111100000000000000000
1111111111111111111111111110000011111111000011100000000000000000
1111111111111111111111111110000011111100000001100000000000000000
1111111111111111111111111111000011110000000001100000000000000000
1111111111111111111111111111100011111000000011100000000000000000
1111111111111111111111111111000011111110000000000000000000000000
1111111111111111111111111111000011111111000000000000000000000000
1111111111111111111111111111000011111111000000000000000000000000
1111111111111111111111111111000011111110000000000000000000000000
1111111111111111111111111111000011111110000000000000000000000000
1111111111111111111111111111000011111111000000000000000000000000
