1111111111111111111111111111111000000000000000000000000000000000
1111111111111111111111111101111000000000000000000000000000000000
1111111111111111111111111100011000000000000000000000000000000000
1111111111111111111111111000011000000000000000000000000000000000
1111111111111111111111111100011000000000000000000000000000000000
1111111111111111111111111100001000000000000000000000000000000000
1111111111111111111111111110001000000000000000000000000000000000
1111111111111111111111111110001000000000000000000000000000000000
1111111111111111111111111111000100000000000000000000000000000000
1111111111111111111111111111000000000000000000000000000000000000
1111111111111111111111111111000000000000000000000000000000000000
1111111111111111111111111110000000000000000000000000000000000000
1111111111111111111111111110000000000000000000000000000000000000
1111111111111111111111111110000000000000000000000000000000000000
1111111111111111111111111100000000000000000000000000000000000000
1111111111111111111111111000000011110000000000000000000000000000
1111111111111111111111110000000011111000000000000000000000000000
1111111111111111111111110000000011111000000000000000000000000000
1111111111111111111111110000000011110000000000000000000000000000
1111111111111111111111110000000011100000000000000000000000000000
1111111111111111111111110000000011100000000000000000000000000000
1111111111111111111111110000000011111000000000000000000000000000
1111111111111111111111111000000011111000000000000000000000000000
1111111111111111111111111110000011111110000000000000000000000000
