1111111111111111111111111111111000000000000000000000000000000000
1111111111111111111111111111111000000000000000000000000000000000
1111111111111111111111111000111000000000000000000000000000000000
1111111111111111111111111000011000000000000000000000000000000000
1111111111111111111111111000011000000000000000000000000000000000
1111111111111111111111111100011000000000000000000000000000000000
1111111111111111111111111100001000000000000000000000000000000000
1111111111111111111111111110001000000000000000000000000000000000
1111111111111111111111111110001000000000000000000000000000000000
1111111111111111111111111111000000000000000000000000000000000000
1111111111111111111111111111000000000000000000000000000000000000
1111111111111111111111111110000000000000000000000000000000000000
1111111111111111111111111100000000000000000000000000000000000000
1111111111111111111111111100000000000000000000000000000000000000
1111111111111111111111111100000000000000000000000000000000000000
1111111111111111111111111000000011000000000000000000000000000000
1111111111111111111111110000000011110000000000000000000000000000
1111111111111111111111110000000011111000000000000000000000000000
1111111111111111111111110000000011110000000000000000000000000000
1111111111111111111111110000000011110000000000000000000000000000
1111111111111111111111100000000011000000000000000000000000000000
1111111111111111111111100100000011110000000000000000000000000000
1111111111111111111111100000000011110000000000000000000000000000
1111111111111111111111111000000011111100000000000000000000000000
