1111111111111111111111111111110000000000000000000000000000000000
1111111111111111111111111111110000000000000000000000000000000000
1111111111111111111111111111110000000000000000000000000000000000
1111111111111111111111111110110000000000000000000000000000000000
1111111111111111111111111100010000000000000000000000000000000000
1111111111111111111111111100010000000000000000000000000000000000
1111111111111111111111111100000000000000000000000000000000000000
1111111111111111111111111100000000000000000000000000000000000000
1111111111111111111111111100000000000000000000000000000000000000
1111111111111111111111111110000000000000000000000000000000000000
1111111111111111111111111110000000000000000000000000000000000000
1111111111111111111111111100000000000000000000000000000000000000
1111111111111111111111111100000000000000000000000000000000000000
1111111111111111111111111000000000000000000000000000000000000000
1111111111111111111111111000000000000000000000000000000000000000
1111111111111111111111110000000000000000000000000000000000000000
1111111111111111111111100000001111000000000000000000000000000000
1111111111111111111111000000001111100000000000000000000000000000
1111111111111111111111000000001111100000000000000000000000000000
1111111111111111111111000000001111100000000000000000000000000000
1111111111111111111111000000001111000000000000000000000000000000
1111111111111111111111000000001100000000000000000000000000000000
1111111111111111111111000000001111000000000000000000000000000000
1111111111111111111111100000001111100000000000000000000000000000
