1111111111111111111111111110000000000000000000000000000000000000
1111111111111111111111111110000000000000000000000000000000000000
1111111111111111111111111110000000000000000000000000000000000000
1111111111111111111111111100000000000000000000000000000000000000
1111111111111111111111111100000000000000000000000000000000000000
1111111111111111111111111100000000000000000000000000000000000000
1111111111111111111111111100000000000000000000000000000000000000
1111111111111111111111111100000000000000000000000000000000000000
1111111111111111111111111100000000000000000000000000000000000000
1111111111111111111111111100000000000000000000000000000000000000
1111111111111111111111111000000000000000000000000000000000000000
1111111111111111111111110000000000000000000000000000000000000000
1111111111111111111111100000000000000000000000000000000000000000
1111111111111111111111100000000000000000000000000000000000000000
1111111111111111111111000000100000000000000000000000000000000000
1111111111111111111110000000111110000000000000000000000000000000
1111111111111111111100000000111110000000000000000000000000000000
1111111111111111111100000000111110000000000000000000000000000000
1111111111111111111110000000111110000000000000000000000000000000
1111111111111111111100000000111000000000000000000000000000000000
1111111111111111111100000000111000000000000000000000000000000000
1111111111111111111100000000111110000000000000000000000000000000
1111111111111111111111000000111110000000000000000000000000000000
1111111111111111111110000000111111000000000000000000000000000000
