1111111111111111111111110000000000000000000000000000000000000000
1111111111111111111100110000000000000000000000000000000000000000
1111111111111111111100000000000000000000000000000000000000000000
1111111111111111111110000000000000000000000000000000000000000000
1111111111111111111111000000000000000000000000000000000000000000
1111111111111111111111100100000000000000000000000000000000000000
1111111111111111111111110110000000000000000000000000000000000000
1111111111111111111111110011000000000000000000000000000000000000
1111111111111111111111110001100000000000000000000000000000000000
1111111111111111111111110000110000000000000000000000000000000000
1111111111111111111111110001111000000000000000000000000000000000
1111111111111111111111100011111100000000000000000000000000000000
1111111111111111111111000111111110000000000000000000000000000000
1111111111111111111110000111111111000000000000000000000000000000
1111111111111111111110000111111111000000000000000000000000000000
1111111111111111111110000111111110000000000000000000000000000000
1111111111111111111100000111111000000000000000000000000000000000
1111111111111111111110000111111000000000000000000000000000000000
1111111111111111111100000111111110000000000000000000000000000000
1111111111111111111001100111111110000000000000000000000000000000
1111111111111111111001100111111111000000000000000000000000000000
1111111111111111110011100111111110000000000000000000000000000000
1111111111111111110011000111111110000000000000000000000000000000
1111111111111111110011001111111111100000000000000000000000000000
