1111111111111111111111110000000000000000000000000000000000000000
1111111111111111111111110000000000000000000000000000000000000000
1111111111111111111111000000000000000000000000000000000000000000
1111111111111111111111000000000000000000000000000000000000000000
1111111111111111111111101100000000000000000000000000000000000000
1111111111111111111111110110000000000000000000000000000000000000
1111111111111111111111110001000000000000000000000000000000000000
1111111111111111111111110000110000000000000000000000000000000000
1111111111111111111111110000011000000000000000000000000000000000
1111111111111111111111110000001110000000000000000000000000000000
1111111111111111111111100001101111000000000000000000000000000000
1111111111111111111111101111111111100000000000000000000000000000
1111111111111111111111001111111111100000000000000000000000000000
1111111111111111111111001111111111000000000000000000000000000000
1111111111111111111111001111111111000000000000000000000000000000
1111111111111111111110000111111100000000000000000000000000000000
1111111111111111111111000111111000000000000000000000000000000000
1111111111111111111110001111111110000000000000000000000000000000
1111111111111111111100110111111110000000000000000000000000000000
1111111111111111111001100111111111100000000000000000000000000000
1111111111111111110011100111111110000000000000000000000000000000
1111111111111111110011000111111110000000000000000000000000000000
1111111111111111110011000111111111100000000000000000000000000000
1111111111111111111110001111111110111000000000000000000000000000
