1111111111111111111110000000000000000000000000000000000000000000
1111111111111111111110000000000000000000000000000000000000000000
1111111111111111111110000000000000000000000000000000000000000000
1111111111111111111110000000000000000000000000000000000000000000
1111111111111111111110000000000000000000000000000000000000000000
1111111111111111111110000000000000000000000000000000000000000000
1111111111111111111110000000000000000000000000000000000000000000
1111111111111111111110000000011000000000000000000000000000000000
1111111111111111111110001111111100000000000000000000000000000000
1111111111111111111110011111111110000000000000000000000000000000
1111111111111111111110011111111111000000000000000000000000000000
1111111111111111111110000111111110000000000000000000000000000000
1111111111111111111110000001111100000000100000000000000000000000
1111111111111111111110000011111111000001110000000000000000000000
1111111111111111111110000011111111110010000000000000000000000000
1111111111111111111110000011111111110000000000000000000000000000
1111111111111111111100010001111111100000000000000000000000000000
1111111111111111110000000001111111100000000000000000000000000000
1111111111111111110010101001111110011000000000000000000000000000
1111111111111111111100001011111110000110000000000000000000000000
1111111111111111111100001111111111000000000000000000000000000000
1111111111111111111110011111111111000000000000000000000000000000
1111111111111111111110011111111111100000000000000000000000000000
1111111111111111111110111111111111110000000000000000000000000000
