1111111111111111111110000000000000000000000000000000000000000000
1111111111111111111110000000000000000000000000000000000000000000
1111111111111111111110000000000000000000000000000000000000000000
1111111111111111111110000000000000000000000000000000000000000000
1111111111111111111110000000000000000000000000000000000000000000
1111111111111111111110000000000000000000000000000000000000000000
1111111111111111111110000000000000000000000000000000000000000000
1111111111111111111110011111111000000000000000000000000000000000
1111111111111111111110011111111100000000000000000000000000000000
1111111111111111111100111111111110000000000000000000000000000000
1111111111111111111100011111111110000000000000000000000000000000
1111111111111111111100000111111100000000000000000000000000000000
1111111111111111111100000011111100000001100000000000000000000000
1111111111111111111100000011111111000001100000000000000000000000
1111111111111111111100000011111111110000000000000000000000000000
1111111111111111111100000011111111100000000000000000000000000000
1111111111111111111100010011111111100000000000000000000000000000
1111111111111111111000100111111111110000000000000000000000000000
1111111111111111110000001111111110001100000000000000000000000000
1111111111111111111101001111111110000010000000000000000000000000
1111111111111111111100011111111111000000000000000000000000000000
1111111111111111111100011111111111000000000000000000000000000000
1111111111111111111100111111111111100000000000000000000000000000
1111111111111111111101111111111111110000000000000000000000000000
