1111111111111111111100000000000000000000000000000000000000000000
1111111111111111111100000000000000000000000000000000000000000000
1111111111111111111100000000000000000000000000000000000000000000
1111111111111111111100000000000000000000000000000000000000000000
1111111111111111111100000000000000000000000000000000000000000000
1111111111111111111000000110000000000000000000000000000000000000
1111111111111111110001111111000000000000000000000000000000000000
1111111111111111110001111111100000000000000000000000000000000000
1111111111111111110001111111110000000000000000000000000000000000
1111111111111111110001111111110000000000000000000000000000000000
1111111111111111111100011111100000000000000000000000000000000000
1111111111111111111100011111111111111111100000000000000000000000
1111111111111111111100011111111100000000000000000000000000000000
1111111111111111111100001111111110000000000000000000000000000000
1111111111111111111100000111111110000000000000000000000000000000
1111111111111111111100001111111110000000000000000000000000000000
1111111111111111111100011111111001100000000000000000000000000000
1111111111111111111100111111111000011000000000000000000000000000
1111111111111111111101111111111000000000000000000000000000000000
1111111111111111111101111111111100000000000000000000000000000000
1111111111111111111101111111111110000000000000000000000000000000
1111111111111111111001111111111111000000000000000000000000000000
1111111111111111111001111111111111100000000000000000000000000000
1111111111111111111001111111111111000000000000000000000000000000
