1111111111111111111100000000000000000000000000000000000000000000
1111111111111111111100000000000000000000000000000000000000000000
1111111111111111111100000000000000000000000000000000000000000000
1111111111111111111100000000000000000000000000000000000000000000
1111111111111111111100000000000000000000000000000000000000000000
1111111111111111111000011110000000000000000000000000000000000000
1111111111111111110001111111000000000000000000000000000000000000
1111111111111111110001111111110000000000000000000000000000000000
1111111111111111110001111111110000000000000000000000000000000000
1111111111111111111000111111100000000000000000000000000000000000
1111111111111111111100011111100011011111110000000000000000000000
1111111111111111111100111111111000000000000000000000000000000000
1111111111111111111100111111111000000000000000000000000000000000
1111111111111111111100001111111100000000000000000000000000000000
1111111111111111111100001111111100000000000000000000000000000000
1111111111111111111100001111111111000000000000000000000000000000
1111111111111111111100011111111000110000000000000000000000000000
1111111111111111111100111111111000001000000000000000000000000000
1111111111111111111101111111111000000000000000000000000000000000
1111111111111111111001111111111100000000000000000000000000000000
1111111111111111111001111111111100000000000000000000000000000000
1111111111111111110001111111111110000000000000000000000000000000
1111111111111111110001111111111111000000000000000000000000000000
1111111111111111110001111111111100000000000000000000000000000000
