1111111111111111111110000000000000000000000000000000000000000000
1111111111111111111110000000000000000000000000000000000000000000
1111111111111111111110000000000000000000000000000000000000000000
1111111111111111111110000000000000000000000000000000000000000000
1111111111111111111100000000000000000000000000000000000000000000
1111111111111111111000111111000000000000000000000000000000000000
1111111111111111100000111111100000000000000000000000000000000000
1111111111111111100000111111100000000000000000000000000000000000
1111111111111111110000111111000000000000000000000000000000000000
1000011111000000000000111100000000000000000000000000000000000000
0000000000000000000000111100000000000000000000000000000000000000
0000000000000000000000111110110000000000000000000000000000000000
1111111111111100100000111111111100000000000000000000000000000000
1111111111111111100000110011111110000000000000000000000000000000
1111111111111111000000110001111100000000000000000000000000000000
1111111111111111000000110010010000000000000000000000000000000000
1111111111111110000000110100000000000000000000000000000000000000
1111111111111110000000111100000000000000000000000000000000000000
1111111111111100000000111110000000000000000000000000000000000000
1111111111111110000000111111100000000000000000000000000000000000
1111111111111110000000111111100000000000000000000000000000000000
1111111111111110000000111110000000000000000000000000000000000000
1111111111111110000000011110000000000000000000000000000000000000
1111111111111100000010001111000000000000000000000000000000000000
