1111111111111111111110000000000000000000000000000000000000000000
1111111111111111111110000000000000000000000000000000000000000000
1111111111111111111110000000000000000000000000000000000000000000
1111111111111111111110000000000000000000000000000000000000000000
1111111111111111111100000000000000000000000000000000000000000000
1111111111110011110000111111000000000000000000000000000000000000
1111111110000000000000111111000000000000000000000000000000000000
1111111100000000000000111111000000000000000000000000000000000000
1111111100000001000000111110000000000000000000000000000000000000
0000000000000000000000001100110000000000000000000000000000000000
0000000000000000000000111100111000000000000000000000000000000000
0111111111110000000000111110111100000000000000000000000000000000
1111111111111110000000101111111100000000000000000000000000000000
1111111111111110000000000001111000000000000000000000000000000000
1111111111111110000000000001001000000000000000000000000000000000
1111111111111100000000000011001000000000000000000000000000000000
1111111111111100000000100000000000000000000000000000000000000000
1111111111111000000000111000000000000000000000000000000000000000
1111111111111000000000111110000000000000000000000000000000000000
1111111111111100000000111111000000000000000000000000000000000000
1111111111111100000000111100000000000000000000000000000000000000
1111111111111100000000111000000000000000000000000000000000000000
1111111111111100000000111100000000000000000000000000000000000000
1111111111111100000010011110000000000000000000000000000000000000
