1111111111111111111111000000000000000000000000000000000000000000
1111111111111111111111000000000000000000000000000000000000000000
1111111111111111111111000000000000000000000000000000000000000000
1111111111111111111110000000000000000000000000000000000000000000
1111111001111111111100010000000000000000000000000000000000000000
0110010000000111110000011111000000000000000000000000000000000000
0000000000011111100000011111100000000000000000000000000000000000
1000001000111111100000011111100000000000000000000000000000000000
1110000000100001100000011100110000000000000000000000000000000000
0000000000000000000000011100001000000000000000000000000000000000
0000000000000000000000011110001100000000000000000000000000000000
0001111111111000000000011111101100000000000000000000000000000000
1111111111111110000000000111111100000000000000000000000000000000
1111111111111110000000000000111100000000000000000000000000000000
1111111111111100000000000000100110000000000000000000000000000000
1111111111111100000000000000100000000000000000000000000000000000
1111111111111000000000010000000000000000000000000000000000000000
1111111111111000000000011000000000000000000000000000000000000000
1111111111111000000000011100000000000000000000000000000000000000
1111111111111000000000011111000000000000000000000000000000000000
1111111111111100000000011100000000000000000000000000000000000000
1111111111111100000000011100000000000000000000000000000000000000
1111111111111110000000011110000000000000000000000000000000000000
1111111111111100000011001111000000000000000000000000000000000000
