1111111111111111111111100000000000000000000000000000000000000000
1111111111111111111111100000000000000000000000000000000000000000
1111111111111111111111110000000000000000000000000000000000000000
1111111111111111111111100000000000000000000000000000000000000000
1111111111111111111110001000000000000000000000000000000000000000
1111111111111111111000001111100000000000000000000000000000000000
1000011111111111110000001111110000000000000000000000000000000000
1110000111111111110000001111110000000000000000000000000000000000
1111000001110000010000001110011100000000000000000000000000000000
0000000000000000000000001110000110000000000000000000000000000000
0000000000000000000000001111100111000000000000000000000000000000
0000011111111100000000001111111111000000000000000000000000000000
1111111111111111000000000011111110000000000000000000000000000000
1111111111111111000000000000001011000000000000000000000000000000
1111111111111111000000000000001001000000000000000000000000000000
1111111111111110000000000000010000000000000000000000000000000000
1111111111111110000000001000000000000000000000000000000000000000
1111111111111100000000001100000000000000000000000000000000000000
1111111111111000000000001110000000000000000000000000000000000000
1111111111111000000000001111100000000000000000000000000000000000
1111111111111000000000001110000000000000000000000000000000000000
1111111111111100000000001110000000000000000000000000000000000000
1111111111111100000000001111000000000000000000000000000000000000
1111111111111111000001100111100000000000000000000000000000000000
