1111111111111111111111111000000000000000000000000000000000000000
1111111111111111111111111000000000000000000000000000000000000000
1111111111111111111111111000000000000000000000000000000000000000
1111111111111111111111110000000000000000000000000000000000000000
1111111111111111111111000010000000000000000000000000000000000000
1111111111111111111110000011111000000000000000000000000000000000
1111111111111111111000000011111000000000000000000000000000000000
1111111111111111110000000011111100000000000000000000000000000000
1000000011111100000100000011100110000000000000000000000000000000
0000000000000000000000000011000001100000000000000000000000000000
0000000000000000000000000011100001100000000000000000000000000000
0000001111111111000000000011111111110000000000000000000000000000
1111111111111111110000000001111111100000000000000000000000000000
1111111111111111100000000000000100100000000000000000000000000000
1111111111111111100000000000000100010000000000000000000000000000
1111111111111111100000000000000100000000000000000000000000000000
1111111111111111000000000000000000000000000000000000000000000000
1111111111111110000000000010000000000000000000000000000000000000
1111111111111100000000000011000000000000000000000000000000000000
1111111111111100000000000011100000000000000000000000000000000000
1111111111111000000000000011111000000000000000000000000000000000
1111111111111000000000000011100000000000000000000000000000000000
1111111111111100000000000011110000000000000000000000000000000000
1111111111111111100000011001110000000000000000000000000000000000
