1111111111111111111111111110000000000000000000000000000000000000
1111111111111111111111111110000000000000000000000000000000000000
1111111111111111111111111110000000000000000000000000000000000000
1111111111111111111111111100000000000000000000000000000000000000
1111111111111111111111110001100000000000000000000000000000000000
1111111111111111111111100001111110000000000000000000000000000000
1111111111111111111100000001111111000000000000000000000000000000
1111111111111111110000000001111111000000000000000000000000000000
1111111111111111000011000001111001100000000000000000000000000000
0100000000000000000000000000000000011000000000000000000000000000
0000000000000000000000000001110000011100000000000000000000000000
0000000001111111100000000001111111111100000000000000000000000000
1111111111111111111000000000011111111000000000000000000000000000
1111111111111111111000000000000011011000000000000000000000000000
1111111111111111111000000000000001000100000000000000000000000000
1111111111111111110000000000000001000000000000000000000000000000
1111111111111111110000000001000000000000000000000000000000000000
1111111111111111100000000001100000000000000000000000000000000000
1111111111111111000000000001110000000000000000000000000000000000
1111111111111100000000000001111000000000000000000000000000000000
1111111111111100000000000001111100000000000000000000000000000000
1111111111111100000000000001111000000000000000000000000000000000
1111111111111111000000000001111000000000000000000000000000000000
1111111111111111111000000110111100000000000000000000000000000000
