1111111111111111111111111111111000000000000000000000000000000000
1111111111111111111111111111111000000000000000000000000000000000
1111111111111111111111111111111000000000000000000000000000000000
1111111111111111111111111111111000000000000000000000000000000000
1111111111111111111111111111100011000000000000000000000000000000
1111111111111111111111111110000011111000000000000000000000000000
1111111111111111111111000000000011111100000000000000000000000000
1111111111111111111110001100000011111100000000000000000000000000
1111111111111111111110000000000011100011000000000000000000000000
0000011000000000000000000000000000000000110000000000000000000000
0000000000000000000000000000000011000000111000000000000000000000
0000000000000000001111000000000011111110111000000000000000000000
1111111111111111111111110000000000111111110000000000000000000000
1111111111111111111111100000000000001011100000000000000000000000
1111111111111111111111100000000000001000100000000000000000000000
1111111111111111111111100000000000000100010000000000000000000000
1111111111111111111111000000000110000000000000000000000000000000
1111111111111111111111000000000011000000000000000000000000000000
1111111111111111111110000000000011100000000000000000000000000000
1111111111111111110000000000000011100000000000000000000000000000
1111111111111111110000000000000011110000000000000000000000000000
1111111111111111111000000000000011100000000000000000000000000000
1111111111111111111111000000000011110000000000000000000000000000
1111111111111111111111100000011001111000000000000000000000000000
