1111111111111111111111111111111111111100000000000000000000000000
1111111111111111111111111111111111111100000000000000000000000000
1111111111111111111111111111111111111100000000000000000000000000
1111111111111111111111111111111111111110000000000000000000000000
1111111111111111111111111111111111111000110000000000000000000000
1111111111111111111111111111111100110001111111000000000000000000
1111111111111111111111111111110000000001111111000000000000000000
1111111111111111111111111111100011000001111111000000000000000000
1111111111111111111111111111100000000001111100011100000000000000
1100000000001111000000000000000000000001100000000110000000000000
1000000000000000000000000000000000000001111000000011000000000000
1110000000000000000000111110010000000001111111110111000000000000
1111111111111111111110000000010000000001111111111111000000000000
1111111111111111111111000001100000000001001000011110000000000000
1111111111111111111111111111000100000001000100000000000000000000
1111111111111111111111111111111000000001000100100000000000000000
1111111111111111111111111111111000000001100010110000000000000000
1111111111111111111111111111110000000001111000000000000000000000
1111111111111111111111111111110000000001111100000000000000000000
1111111111111111111111111111110000000001111110000000000000000000
1111111111111111111111111111100000000001111111000000000000000000
1111111111111111111111111111100000000001111100000000000000000000
1111111111111111111111111111110000000000111100000000000000000000
1111111111111111111111111111111100000010011110000000000000000000
