1111111111111111111111111111111111111111111111000000000000000000
1111111111111111111111111111111111111111111111000000000000000000
1111111111111111111111111111111111111111111111000000000000000000
1111111111111111111111111111111111111111111111000000000000000000
1111111111111111111111111111111111111111111110001100000000000000
1111111111111111111111111111111111111111111000111111110000000000
1111111111111111111111111111111111111100000000111111110000000000
1111111111111111111111111111111111111000010000111111110000000000
1111111111111111111111111111111111111000000000111110000011000000
1111111111000000000111100000000000000000000000111000000000110000
1111111110000000000000000000000000000000000000111110000000111000
1111111111000000000000000000001111100000000000111111111100111000
1111111111111111111111111111111111000010000000111001111111110000
1111111111111111111111111111111000000110000000110000000011110000
1111111111111111111111111111100000011000000000110000000000000000
1111111111111111111111111111111111111110000000110010000000000000
1111111111111111111111111111111111111100000000111010011000000000
1111111111111111111111111111111111111000000000111110000000000000
1111111111111111111111111111111111111000000000111111000100000000
1111111111111111111111111111111111111000000000111111100000000000
1111111111111111111111111111111111111000000000111111110000000000
1111111111111111111111111111111111111000000000111111000000000000
1111111111111111111111111111111111111100000000001111000000000000
1111111111111111111111111111111111111110000000000111100000000000
