1111111111111111111111111111111111111111111111111111111111111100
1111111111111111111111111111111111111111111111111111111111111100
1111111111111111111111111111111111111111111111111111111111111100
1111111111111111111111111111111111111111111111111111111111111100
1111111111111111111111111111111111111111111111111111111111111100
1111111111111111111111111111111111111111111111111111111111111001
1111111111111111111111111111111111111111111111111111111110000001
1111111111111111111111111111111111111111111111111111111100000001
1111111111111111111111111111111111111111111111111111111000000001
1111111111111111111111111111100000111111110000000000000000000001
1111111111111111111111111110000000000000000000000000000000000001
1111111111111111111111111111000000000000000000000111110000000001
1111111111111111111111111111111111111111111111111111110000000001
1111111111111111111111111111111111111111111111111111100001000001
1111111111111111111111111111111111111111111111111111000010000001
1111111111111111111111111111111111111111111111111110000110000001
1111111111111111111111111111111111111111111111111100001100000001
1111111111111111111111111111111111111111111111111111111000000001
1111111111111111111111111111111111111111111111111111110000000001
1111111111111111111111111111111111111111111111111111110000000001
1111111111111111111111111111111111111111111111111111100000000001
1111111111111111111111111111111111111111111111111111100000000001
1111111111111111111111111111111111111111111111111111111000000001
1111111111111111111111111111111111111111111111111111111110000001
