0000000000000000000000000000000000000000000000000000000000000000
0000000000000000000000000000000000000001000000000000000000000000
0000000000000000000000000000000000000111110000000000000000000000
0000000000000000000000000000000000000111111111111000000000000000
0000000000000000000000000000000000011111111111111100000000000000
0000000000000000000000000000000001111111111111111110000000000000
0000000000000000000000000000000011111111111111111111000000000000
0000000000000000000000000000000111111111111111111111100000000000
0000000000000000000000000000000011111111111111111111100000000000
0000000000000000000000000000000000011111111111111111100000000000
0000000000000000000000000000000000011111111111111111110000000000
0000000000000000000000000000000000001111111111111111110000000000
0000000000000000000000000000000000000111111111111111110000000000
0000000000000000000000000000000000000111011111111110110000000000
0000000000000000000000000000000000000011111111111110000000000000
0000000000000000000011111100000000000011111111111110000000000000
0000000000000000000111111100000000000011111111111000000000000000
0000000000000000000111111100000000011111111111111000000000000000
0000000000000000000001111111110000011111111111111100000000000000
0000000000000000000000001111111111111111111111111100000000000000
0000000000000000000000001111111111111111111111111100000000000000
0000000000000000000000011111111111111111111111111110000000000000
0000000000000000000000011111111111111111111111111111000000000000
0000000000000000000000011111111111111111111111111111000000000000
