0000000000000000000000000000000000000000000000000000000000000000
0000000000000000000000000000000000000111111000000000000000000000
0000000000000000000000000000000000000011111110110000000000000000
0000000000000000000000000000000000000011111111111110000000000000
0000000000000000000000000000000000111111111111111111000000000000
0000000000000000000000000000000011111111111111111111000000000000
0000000000000000000000000000000011111111111111111111100000000000
0000000000000000000000000000000111111111111111111111110000000000
0000000000000000000000000000000011111111111111111111110000000000
0000000000000000000000000000000000011111111111111111111000000000
0000000000000000000000000000000000011111111111111111111000000000
0000000000000000000000000000000000011111111111111111111000000000
0000000000000000000000000000000000000111111111111111111000000000
0000000000000000000000000000000000000111011111111111111000000000
0000000000000000000000011100000000000011111111111111011000000000
0000000000000000000011111111000000000011111111111110000000000000
0000000000000000000011111111000000000011111111111110000000000000
0000000000000000000001111111100000000111111111111100000000000000
0000000000000000000000001111111000111111111111111110000000000000
0000000000000000000000000111111110111111111111111110000000000000
0000000000000000000000001111111111111111111111111110000000000000
0000000000000000000000001111111111111111111111111111000000000000
0000000000000000000000001111111111111111111111111111100000000000
0000000000000000000000011111111111110111111111111111100000000000
