1111111111111111111111111111111111111111111111111111111111111111
1111111111111111111111111111110000111111111111111111111111111111
1111111111111111111111111100100000011111111111111111111111111111
1111111111111111111111111100000000011111111111111111111111111111
1111111111111111111111111000000000001111111111111111111111111111
1111111111111111111111110000000000000111111111111111111111111111
1111111111111111111111110000000000000011111111111111111111111111
1111111111111111111111111000000000000011111111111111111111111111
1111111111111111111111111110000000000011111111111111111111111111
1111111111111111111111111111000000000011111111111111111111111111
1111111111111111111111111110000000000001111111111111111111111111
1111111111100111111111111000000000000000111111111111111111111111
1111111111000001111111110000000000000000111111111111111111111111
1111111111100000000000100000000000000000011111111111111111111111
1111111111111110000000000000000000000000011111111111111111111111
1111111111111111100000000010000000000000011111111111111111111111
1111111111111111111111111110000000000000011111111111111111111111
1111111111111111111111111110000000000000011111111111111111111111
1111111111111111111111111110000000000000111111111111111111111111
1111111111111111111111111110000000000000111111111111111111111111
1111111111111111111111111110000000000001111111111111111111111111
1111111111111111111111111110000000000001111111111111111111111111
1111111111111111111111111110000000000011111111111111111111111111
1111111111111111111111111100000000000011111111111111111111111111
