1111111111111111111111111111111111100111111111111111111111111111
1111111111111111111111111111111100000011111111111111111111111111
1111111111111111111111110000000000000001111111111111111111111111
1111111111111111111111111000000000000001111111111111111111111111
1111111111111111111111111000000000000111111111111111111111111111
1111111111111111111111111000000000000011111111111111111111111111
1111111111111111111111111000000000000011111111111111111111111111
1111111111111111111111111110000000000001111111111111111111111111
1111111111111111111111111111000000000001111111111111111111111111
1111111111101100111111111110000000000000111111111111111111111111
1111111111110000011111111000000000000000011111111111111111111111
1111111111100000001111110000000000000000001111111111111111111111
1111111111100000011111110000000000000000000111111111111111111111
1111111110000000000001100000000000000000000111111111111111111111
1111111111000000000000000000000000000000001111111111111111111111
1111111111111111100000000000000000000000011111111111111111111111
1111111111111111111111111100000000000000001111111111111111111111
1111111111111111111111111100000000000000000111111111111111111111
1111111111111111111111111100000000000000000111111111111111111111
1111111111111111111111111000000000000000000111111111111111111111
1111111111111111111111111000000000000000001111111111111111111111
1111111111111111111111111000000000000000011111111111111111111111
1111111111111111111111110000000000000000111111111111111111111111
1111111111111111111111110000000000000000111111111111111111111111
