1111111111111111111111111111111111111111111111111111111111111111
1111111111111111111111111000011111111000111111111111111111111111
1111111111111111111111110000000000000000011111111111111111111111
1111111111111111111111110000000000000000011111111111111111111111
1111111111111111111111111000000000000000111111111111111111111111
1111111111111111111111111110000000000011111111111111111111111111
1111111111111111111111111100000000000001111111111111111111111111
1111111111111000111111111100000000000001111111111111111111111111
1111111111100000001111111100000000000001111111111111111111111111
1111111111000000001111100000000000000000011111111111111111111111
1111111111000000001111100000000000000000001111111111111111111111
1111111111000000001111110000000000000000011111111111111111111111
1111111111110000011111100000000000000000011111111111111111111111
1111111110000000000011100000000000000000001111111111111111111111
1111111111000000000000000000000000000000011111111111111111111111
1111111111111111000000000000000000000000011111111111111111111111
1111111111111111111110000110000000000000000111111111111111111111
1111111111111111111111111110000000000000000001111111111111111111
1111111111111111111111111110000000000011100000111111111111111111
1111111111111111111111111100000000000001110000111111111111111111
1111111111111111111111111000000000000000110000111111111111111111
1111111111111111111111111000000000000000110001111111111111111111
1111111111111111111111110000000000000000011111111111111111111111
1111111111111111111111110000000000000000001111111111111111111111
