1111111111111111111111111111111111111111111111111111111111111111
1111111111111111111111111000011111111100011111111111111111111111
1111111111111111111111111000000000000000011111111111111111111111
1111111111111111111111110000000000000000011111111111111111111111
1111111111111111111111111000000000000000111111111111111111111111
1111111111111111111111111110000000000001111111111111111111111111
1111111111111101111111111100000000000001111111111111111111111111
1111111111110000111111111100000000000001111111111111111111111111
1111111111100000001111111000000000000001111111111111111111111111
1111111111000000001111100000000000000000011111111111111111111111
1111111111000000001111100000000000000000001111111111111111111111
1111111111000000001111110000000000000000111111111111111111111111
1111111111110000011111100000000000000000111111111111111111111111
1111111110000000000011100000000000000000011111111111111111111111
1111111111000000000000000000000000000000011111111111111111111111
1111111111111111000000000000000000000000011111111111111111111111
1111111111111111111110000100000000000000000011111111111111111111
1111111111111111111111111110000000000000000001111111111111111111
1111111111111111111111111110000000000001100000011111111111111111
1111111111111111111111111100000000000001111000001111111111111111
1111111111111111111111111000000000000000111000001111111111111111
1111111111111111111111111000000000000000011111111111111111111111
1111111111111111111111110000000000000000011111111111111111111111
1111111111111111111111110000000000000000001111111111111111111111
