1111111111111111111111111111111111111111111111111111111111111111
1111111111111111111111111000001111111110111111111111111111111111
1111111111111111111111111000000000000000011111111111111111111111
1111111111111111111111111000000000000000011111111111111111111111
1111111111111111111111111000000000000000111111111111111111111111
1111111111111111111111111110000000000001111111111111111111111111
1111111111111001111111111100000000000001111111111111111111111111
1111111111110001111111111000000000000001111111111111111111111111
1111111111100000001111111000000000000001111111111111111111111111
1111111111000000000111100000000000000001011111111111111111111111
1111111111000000001111000000000000000000011111111111111111111111
1111111111100000001111110000000000000000111111111111111111111111
1111111111110000011111100000000000000000111111111111111111111111
1111111110000000000011100000000000000000011111111111111111111111
1111111111000000000000000000000000000000011111111111111111111111
1111111111111111000000000000000000000000001111111111111111111111
1111111111111111111110000110000000000000000011111111111111111111
1111111111111111111111111110000000000000000000011111111111111111
1111111111111111111111111110000000000011100000001111111111111111
1111111111111111111111111100000000000001111100000111111111111111
1111111111111111111111111000000000000000111100001111111111111111
1111111111111111111111111000000000000000011111111111111111111111
1111111111111111111111110000000000000000011111111111111111111111
1111111111111111111111110000000000000000001111111111111111111111
