1111111111111111111111111111111111111111111111111111111111111111
1111111111111111111111111110000111111111111111111111111111111111
1111111111111111111111111100000000000000011111111111111111111111
1111111111111111111111111100000000000000111111111111111111111111
1111111111111111111111111100000000000000111111111111111111111111
1111111111111111111111111110000000000000111111111111111111111111
1111111111111000011111111100000000000000111111111111111111111111
1111111111110000000111111100000000000001111111111111111111111111
1111111111100000001111111000000000000111111111111111111111111111
1111111111100000000111110000000000000011111111111111111111111111
1111111111100000001111100000000000000001111111111111111111111111
1111111111100000001111000000000000000000111111111111111111111111
1111111111110000001110000000000000000000011111111111111111111111
1111111111000000000000000000000000000000011111111111111111111111
1111111111100000000000000000000000000000111111111111111111111111
1111111111111111000000000000000000000000000111111111111111111111
1111111111111111111100000000000000000000000000000001111111111111
1111111111111111111001110000000000000011000000000001111111111111
1111111111111111111111111110000000000011111100000000111111111111
1111111111111111111111111100000000000001111111100001111111111111
1111111111111111111111111000000000000000111111111111111111111111
1111111111111111111111111000000000000000011111111111111111111111
1111111111111111111111110000000000000000011111111111111111111111
1111111111111111111111110000000000000000001111111111111111111111
