1111111111111111111111111111111111111111111111111111111111111111
1111111111111111111111111110000011111111111111111111111111111111
1111111111111111111111111100000000000000011111111111111111111111
1111111111111111111111111100000000000000011111111111111111111111
1111111111111111111111111110000000000000111111111111111111111111
1111111111111011111111111110000000000000111111111111111111111111
1111111111110000111111111100000000000000111111111111111111111111
1111111111110000001111111100000000000001111111111111111111111111
1111111111100000001111111100000000000111111111111111111111111111
1111111111100000000111111000000000000011111111111111111111111111
1111111111000000000111110000000000000001111111111111111111111111
1111111111100000000111100000000000000000111111111111111111111111
1111111111110000011110000000000000000000011111111111111111111111
1111111111000000000011000000000000000000011111111111111111111111
1111111111100000000000000000000000000000011111111111111111111111
1111111111111111100000000000000000000000000000111111111111111111
1111111111111111111110000000000000000000000000000000111111111111
1111111111111111111110000000000000000011100000000000001111111111
1111111111111111111111100010000000000011111111100000011111111111
1111111111111111111111111100000000000001111111111111111111111111
1111111111111111111111111000000000000000111111111111111111111111
1111111111111111111111111000000000000000011111111111111111111111
1111111111111111111111110000000000000000011111111111111111111111
1111111111111111111111110000000000000000001111111111111111111111
