1111111111111111111111111111111111111111111111111111111111111111
1111111111111111111111111111000011111111111111111111111111111111
1111111111111111111111111110000000000000111111111111111111111111
1111111111111111111111111100000000000000111111111111111111111111
1111111111111111111111111110000000000000111111111111111111111111
1111111111111111111111111110000000000000111111111111111111111111
1111111111110110011111111100000000000000111111111111111111111111
1111111111110010001111111100000000000001111111111111111111111111
1111111111110000000111111100000000000111111111111111111111111111
1111111111100000000111111000000000000011111111111111111111111111
1111111111110000000111110000000000000001111111111111111111111111
1111111111100000000111110000000000000000111111111111111111111111
1111111111110000000111110000000000000000011111111111111111111111
1111111111000000000001100000000000000000011111111111111111111111
1111111111100000000000000000000000000000011111111111011111111111
1111111111111111100000000000000000000000000000000000001111111111
1111111111111111111111000000000000000000000000000000011111111111
1111111111111111111111111100000000000010111110011111111111111111
1111111111111111111111111100000000000011111111111111111111111111
1111111111111111111111111100000000000001111111111111111111111111
1111111111111111111111111000000000000000111111111111111111111111
1111111111111111111111110000000000000000111111111111111111111111
1111111111111111111111110000000000000000011111111111111111111111
1111111111111111111111100000000000000000001111111111111111111111
