1111111111111111111111111111111111111111111111111111111111111111
1111111111111111111111111110000011111111111111111111111111111111
1111111111111111111111111100000000000000111111111111111111111111
1111111111111111111111111000000000000000111111111111111111111111
1111111111111011111111111110000000000000111111111111111111111111
1111111111111001111111111100000000000000111111111111111111111111
1111111111101000111111111100000000000000111111111111111111111111
1111111111100000011111111100000000000001111111111111111111111111
1111111111010000011111111000000000000111111111111111111111111111
1111111110000000001111111000000000000111111111111111111111111111
1111111111000000011111110000000000000001111111111111111111111111
1111111111000000011111100000000000000000111111111111111111111111
1111111111010000011111000000000000000000011111111000111111111111
1111111110000000000001000000000000000000011111110000001111111111
1111111111110000000000000000000000000000011111110000001111111111
1111111111111111100000000000000000000000000000000000011111111111
1111111111111111111111000000000000000100000000000000000111111111
1111111111111111111111110000000000000011111100000000011111111111
1111111111111111111111111100000000000011111111111111111111111111
1111111111111111111111111000000000000011111111111111111111111111
1111111111111111111111111000000000000001111111111111111111111111
1111111111111111111111110000000000000000111111111111111111111111
1111111111111111111111100000000000000000011111111111111111111111
1111111111111111111111100000000000000000011111111111111111111111
