1111111111111111111111111111111111111111111111111111111111111111
1111111111111111111111111100001111111111111111111111111111111111
1111111111111111111111111000000000000000011111111111111111111111
1111111111111111111111110000000000000000111111111111111111111111
1111111111111110011111111000000000000000111111111111111111111111
1111111111111100011111111100000000000001111111111111111111111111
1111111111110100000011111100000000000001111111111111111111111111
1111111111110000000011111100000000000011111111111111111111111111
1111111111110000000011111000000000000011111111100001111111111111
1111111111110000000011111000000000000011111111000000011111111111
1111111111111000000011100000000000000000111110000000001111111111
1111111111111000000111100000000000000000111110000000011111111111
1111111111100000000011100000000000000000011111000000011111111111
1111111111111000000000000000000000000000011111100000111111111111
1111111111111111000000000000000000000000000000000000011111111111
1111111111111111110000000000000000000000000000000000011111111111
1111111111111111111100000000000000000000000000011111111111111111
1111111111111111111111100000000000000011111111111111111111111111
1111111111111111111111111000000000000011111111111111111111111111
1111111111111111111111111000000000000011111111111111111111111111
1111111111111111111111111000000000000001111111111111111111111111
1111111111111111111111110000000000000000111111111111111111111111
1111111111111111111111100000000000000000011111111111111111111111
1111111111111111111111100000000000000000011111111111111111111111
