1111111111111111111111111111111111111111111111111111111111111111
1111111111111111111111111000011111111111111111111111111111111111
1111111111111111111111111000000000000000011111111111111111111111
1111111111111111001111110000000000000000111111111111111111111111
1111111111111110001111111000000000000000111111111111111111111111
1111111111111110001111111100000000000001111111111111111111111111
1111111111110010000001111100000000000001111111111111111111111111
1111111111111000000001111100000000000011111111000011111111111111
1111111111111000000001111000000000000011111111000000111111111111
1111111111111000000001111000000000000011111110000000011111111111
1111111111111100000001100000000000000000111100000000011111111111
1111111111110000000111100000000000000000111100000000011111111111
1111111111110000000001100000000000000000011111000000111111111111
1111111111111100000000000000000000000000011111100001111111111111
1111111111111111100000000000000000000000000000000000011111111111
1111111111111111111000000000000000000000000000000000111111111111
1111111111111111111100000000000000000000000000111111111111111111
1111111111111111111111100000000000000011111111111111111111111111
1111111111111111111111111000000000000011111111111111111111111111
1111111111111111111111111000000000000011111111111111111111111111
1111111111111111111111111000000000000001111111111111111111111111
1111111111111111111111110000000000000000111111111111111111111111
1111111111111111111111100000000000000000011111111111111111111111
1111111111111111111111100000000000000000011111111111111111111111
