1111111111111111111111111111111111111111111111111111111111111111
1111111111111111111111110001111111111111111111111111111111111111
1111111111111111111111110000000000000000111111111111111111111111
1111111111111111110000010000000000000000111101111111111111111111
1111111111111111100000010000000000000000111001111111111111111111
1111111111111111000000001100000000000011100000011111111111111111
1111111111111110000000000100000000000011000000001111111111111111
1111111111111111000000000100000000000011000000001111111111111111
1111111111111111100000001100000000000011100000001111111111111111
1111111111111111110000001100000000000011100000001111111111111111
1111111111111111000000100000000000000000000000001111111111111111
1111111111111111000000000000000000000000100000001111111111111111
1111111111111111110000000000000000000000000000001111111111111111
1111111111111111111000000000000000000000000000111111111111111111
1111111111111111111100000000000000000000000011111111111111111111
1111111111111111111110000000000000000000000111111111111111111111
1111111111111111111111110000000000000000001111111111111111111111
1111111111111111111111110000000000000001111111111111111111111111
1111111111111111111111111100000000000001111111111111111111111111
1111111111111111111111111000000000000001111111111111111111111111
1111111111111111111111111000000000000001111111111111111111111111
1111111111111111111111110000000000000000111111111111111111111111
1111111111111111111111100000000000000000011111111111111111111111
1111111111111111111111100000000000000000011111111111111111111111
