1111111111111111111111111111111111111111111111111111111111111111
1111111111111111111110011111111111111111111101111111111111111111
1111111111111111111100000000000000000000000101111111111111111111
1111111111111111111100000000000000000000000000111111111111111111
1111111111111111111000000000000000000000000000111111111111111111
1111111111111111110000000000000000000000000000111111111111111111
1111111111111111110000000000000000000000000000111111111111111111
1111111111111111111000000000000000000000000000111111111111111111
1111111111111111111000000000000000000010000000111111111111111111
1111111111111111100000001000000000000011000000011111111111111111
1111111111111111111000000000000000000000000001111111111111111111
1111111111111111111000000000000000000000000001111111111111111111
1111111111111111111100000000000000000000000011111111111111111111
1111111111111111111110000000000000000000000111111111111111111111
1111111111111111111111000000000000000000000111111111111111111111
1111111111111111111111110000000000000001011111111111111111111111
1111111111111111111111100000000000000000011111111111111111111111
1111111111111111111111111000000000000000111111111111111111111111
1111111111111111111111111100000000000001111111111111111111111111
1111111111111111111111111100000000000011111111111111111111111111
1111111111111111111111111000000000000001111111111111111111111111
1111111111111111111111110000000000000000111111111111111111111111
1111111111111111111111110000000000000000011111111111111111111111
1111111111111111111111100000000000000000011111111111111111111111
