0000000000000000000000000000000000000001111110000000000000000000
0000000000000000000000000000000000000001111111100000000000000000
0000000000000000000000000000000000000001111111111111000000000000
0000000000000000000000000000000000011111111111111111110000000000
0000000000000000000000000000000001111111111111111111110000000000
0000000000000000000000000000000011111111111111111111111000000000
0000000000000000000000000000000111111111111111111111111100000000
0000000000000000000000000000000111111111111111111111111100000000
0000000000000000000000000000000011111111111111111111111110000000
0000000000000000000000000000000000011111111111111111111110000000
0000000000000000000000000000000000011111111111111111111110000000
0000000000000000000000000000000000001111111111111111111110000000
0000000000000000000000000000000000000111111111111111111110000000
0000000000000000000000000111100000000011101111111111111111000000
0000000000000000000000111111111000000011111111111111110111000000
0000000000000000000000111111111000000011111111111111110000000000
0000000000000000000000111111111000000001111111111111110000000000
0000000000000000000000001111111110000011111111111111000000000000
0000000000000000000000000011111111110111111111111111000000000000
0000000000000000000000000011111111111111111111111111100000000000
0000000000000000000000000111111111111111111111111111100000000000
0000000000000000000000000111111111111111111111111111110000000000
0000000000000000000000000111111111111111111111111111110000000000
0000000000000000000000001111111111111011111111111111111100000000
