0000000000000000000000000000000000000000000000000000000000000000
0000000000000000000000000000000000000000000000000000000000000000
0000000000000000000000000000000000000000000000000000000000000000
0000000000000000000000000000000000000000000000000000000000000000
0000000000000000000000000000000000000000000000000000000000000000
0000000000000000000000000000000000000000000000000000000000000000
0000000000000000000000000000000000000000000000000000000000000000
0000000000000000000000000000000000000000000000000000000000000000
0000000000000000000000000000000000000000000000000000000000000001
1000000000000000000000000000000000000000000000000000000000000011
1100000000000000000000000000000000000000000000000000000000000011
0000000000000000000000000000000000000000000000000000000000000111
0000000000000000000000000000000000000000000000000000000000001111
0000000000000000000000000000000000000000000000000000000000011111
1000000000000000000000000000000000000000000000000000000000111111
1111000000000000000000000000000000000000000000000000000011111111
1111110000000000000000000000000000000000000000000000000001111111
1111111100000000000000000000000000000000000000000000000111111111
1111111111000000000000000000000000000000000000000000001111111111
1111111111110000000001100000000000000000000000000001111111111111
1111111111110000000000000000000000000000000000000011111111111111
1111111111110000000000000000000000000000000000000011111111111111
1111111111111100000000000000000000000000000000000111111111111111
1111111111111100000000000000000000000000000000001111111111111111
