0000000000000000000000000000000000000000000000000000000000000000
0000000000000000000000000000000000000000000000000000000000000000
0000000000000000000000000000000000000000000000000000000000000000
0000000000000000000000000000000000000000000000000000000000000000
0000000000000000000000000000000000000000000000000000000000000000
0000000000000000000000000000000000000000000000000000000000000000
0000000000000000000000000000000000000000000000000000000000000000
0000000000000000000000000000000000000000000000000000000000000000
0000000000000000000000000000000000000000000000000000000000000000
0000000000000000000000000000000000000000000000000000000000000001
0000000000000000000000000000000000000000000000000000000000000011
0000000000000000000000000000000000000000000000000000000000000000
0000000000000000000000000000000000000000000000000000000000000000
0000000000000000000000000000000000000000000000000000000000000000
0000000000000000000000000000000000000000000000000000000000000101
0000000000000000000000000000000000000000000000000000000000011111
1000000000000000000000000000000000000000000000000000000000111111
1111110000000000000000000000000000000000000000000000000001111111
1111100000000000000000000000000000000000000000000000000011111111
1111100000000000000001000000000000000000000000000000000000111111
1111110000000000001111000000000000000000010000000000000000111111
1111111000000000000011000000000000000000010000000000000011111111
1111111110000000000001000000000000000000000000000000000111111111
1111111111100000000000000000000000000000000000000001111111111111
