0000000000000000000000000000000000000001111111000000000000000000
0000000000000000000000000000000000000000111111110100000000000000
0000000000000000000000000000000000000011111111111111100000000000
0000000000000000000000000000000000011111111111111111110000000000
0000000000000000000000000000000001111111111111111111111000000000
0000000000000000000000000000000011111111111111111111111100000000
0000000000000000000000000000000111111111111111111111111110000000
0000000000000000000000000000000111111111111111111111111110000000
0000000000000000000000000000000011111111111111111111111110000000
0000000000000000000000000000000000011111111111111111111111000000
0000000000000000000000000000000000011111111111111111111111000000
0000000000000000000000000000000000001111111111111111111111000000
0000000000000000000000000000000000000111111111111111111111000000
0000000000000000000000000111111000000011101111111111111111000000
0000000000000000000000011111111000000011111111111111111011000000
0000000000000000000000011111111000000011111111111111111000000000
0000000000000000000000011111111100000001111111111111111000000000
0000000000000000000000000111111111000011111111111111001000000000
0000000000000000000000000001111111100111111111111111100000000000
0000000000000000000000000011111111111111111111111111100000000000
0000000000000000000000000111111111111111111111111111110000000000
0000000000000000000000000111111111111111111111111111110000000000
0000000000000000000000000111111111111111111111111111111000000000
0000000000000000000000000111111111111011111111111111111110000000
