0000000000000000000000000000000000000001111111100000000000000000
0000000000000000000000000000000000000000111111111110000000000000
0000000000000000000000000000000000000011111111111111110000000000
0000000000000000000000000000000000011111111111111111111000000000
0000000000000000000000000000000001111111111111111111111000000000
0000000000000000000000000000000011111111111111111111111100000000
0000000000000000000000000000000111111111111111111111111110000000
0000000000000000000000000000000111111111111111111111111110000000
0000000000000000000000000000000011111111111111111111111111000000
0000000000000000000000000000000000011111111111111111111111000000
0000000000000000000000000000000000011111111111111111111111000000
0000000000000000000000000000000000001111111111111111111111000000
0000000000000000000000000000000000000111111111111111111111000000
0000000000000000000000000111111000000011101111111111111111000000
0000000000000000000000011111111100000011111111111111111011100000
0000000000000000000000011111111100000011111111111111111000000000
0000000000000000000000011111111100000001111111111111111000000000
0000000000000000000000000111111111000011111111111111101000000000
0000000000000000000000000001111111100111111111111111100000000000
0000000000000000000000000011111111111111111111111111100000000000
0000000000000000000000000011111111111111111111111111110000000000
0000000000000000000000000111111111111111111111111111110000000000
0000000000000000000000000111111111111111111111111111111000000000
0000000000000000000000000111111111101011111111111111111000000000
