1111111111111110000000000000000000000000000000000000000000000000
1100110011111110000000000000000000000000000000000000000000000000
1000000000001111000000000000000000000000000000000000000000000000
1110000000000111000000000000000000000000000000000000000000000000
1111000000000111100000000000000000000000000000000000000000000000
1111100000000111110000000000000000000000000000000000000000000000
1111100000000001111000000000000000000000000000000000000000000000
1111100000000000011100000000000000000000000000000000000000000000
1111110000000000001110000000000000000000000000000000000000000000
1111100000000000001111000000000000000000000000000000000000000000
1111100000000000001111000000000000000000000000000000000000000000
1111100000000000000111100000000000000000000000000000000000000000
1111110000000000000111000000000000000000000000000000000000000000
1111100000000000000100000000000000000000000000000000000000000000
1111100000000000000000000000000000000000000000000000000000000000
1111101000000000000010000000000000000000000000000000000000000000
1111110000000000000000000000000000000000000000000000000000000000
1111000000000000000000000000000000000000000000000000000000000000
1110000000000000000000000000000000000000000000000000000000000000
1100000000000000000000000000000000000000000000000000000000000000
1100000000000000000000100000000000000000000000000000000000000000
1111110000000000000000110000000000000000000000000000000000000000
1111111111000000000111111000000000000000000000000000000000000000
1111111111001000111111111100000000000000000000000000000000000000
