1111111111111111111111000000000000000000000000000000000000000000
1001110111111111111111100000000000000000000000000000000000000000
1000000000000011111111100000000000000000000000000000000000000000
1110000000000001111111100000000000000000000000000000000000000000
1110000000000000111111100000000000000000000000000000000000000000
1111000000000000111111000000000000000000000000000000000000000000
1111100000000001111111000000000000000000000000000000000000000000
1111100000000000011111000000000000000000000000000000000000000000
1111100000000000001110000000000000000000000000000000000000000000
1111000000000000001100000000000000000000000000000000000000000000
1110000000000000001000000000000000000000000000000000000000000000
1100000000000000000000000000000000000000000000000000000000000000
1100000000000000000000000000000000000000000000000000000000000000
1100000000000000000000000000000000000000000000000000000000000000
1111000000000000000000000000000000000000000000000000000000000000
1111001000000000000000000000000000000000000000000000000000000000
1111110000000000000000000000000000000000000000000000000000000000
1111100000000000000000000000000000000000000000000000000000000000
1110000000000000000000000000000000000000000000000000000000000000
1100000000000000000000000000000000000000000000000000000000000000
1100000000000000000000000000000000000000000000000000000000000000
1111000000000000000000000000000000000000000000000000000000000000
1111111111000000000000000000000000000000000000000000000000000000
1111111111001000110000000000000000000000000000000000000000000000
