1111111111111111111111111000000000000000000000000000000000000000
0011111111111111111111100000000000000000000000000000000000000000
1000000000111111111111000000000000000000000000000000000000000000
1100000000001111111111000000000000000000000000000000000000000000
1100000000000111111110000000000000000000000000000000000000000000
1111000000000111111110000000000000000000000000000000000000000000
1111000000000001111100000000000000000000000000000000000000000000
1111000000000000011100000000000000000000000000000000000000000000
1111000000000000001000000000000000000000000000000000000000000000
1100000000000000000000000000000000000000000000000000000000000000
1000000000000000000000000000000000000000000000000000000000000000
0000000000000000000000000000000000000000000000000000000000000000
0000000000000000000000000000000000000000000000000000000000000000
1111000000000000000000000000000000000000000000000000000000000000
1111000000000000000000000000000000000000000000000000000000000000
1111001100000000000000000000000000000000000000000000000000000000
1111110000000000000000000000000000000000000000000000000000000000
1111100000000000000000000000000000000000000000000000000000000000
1111000000000000000000000000000000000000000000000000000000000000
1110000000000000000000000000000000000000000000000000000000000000
1100000000000000000000000000000000000000000000000000000000000000
1111000000000000000000000000000000000000000000000000000000000000
1111111111000000000000000000000000000000000000000000000000000000
1111111111001000100000000000000000000000000000000000000000000000
