1111111111111111110000000000000000000000000000000000000000000000
1111111111111111110000000000000000000000000000000000000000000000
0011001111111111110000000000000000000000000000000000000000000000
0000000000011111110000000000000000000000000000000000000000000000
1100000000001111110000000000000000000000000000000000000000000000
1111000000001111110000000000000000000000000000000000000000000000
1111000000000011111000000000000000000000000000000000000000000000
1111000000000000110000000000000000000000000000000000000000000000
1110000000000000000000000000000000000000000000000000000000000000
1000000000000000000000000000000000000000000000000000000000000000
0000000000000000000000000000000000000000000000000000000000000000
0000000000000000000000000000000000000000000000000000000000000000
0000000001000000000000000000000000000000000000000000000000000000
0010000010000000000000000000000000000000000000000000000000000000
1110000010000000000000000000000000000000000000000000000000000000
1111001100000000000000000000000000000000000000000000000000000000
1111111000000000000000000000000000000000000000000000000000000000
1111110000000000000000000000000000000000000000000000000000000000
1111100000000000000000000000000000000000000000000000000000000000
1111000000000000000000000000000000000000000000000000000000000000
1110000000000000000000000000000000000000000000000000000000000000
1110000000000000000000000000000000000000000000000000000000000000
1111111100000000000011000000000000000000000000000000000000000000
1111111111001000111111000000000000000000000000000000000000000000
