1111110000000000110000000000000000000000000000000000000000000000
1111111000000000000000000000000000000000000000000000000000000000
0111001100000011100000000000000000000000000000000000000000000000
0000000000011111100000000000000000000000000000000000000000000000
1100000000001111100000000000000000000000000000000000000000000000
1100000000001111100000000000000000000000000000000000000000000000
1111000000000111100000000000000000000000000000000000000000000000
1111000000000000110000000000000000000000000000000000000000000000
1111000000000000000000000000000000000000000000000000000000000000
1110000000000000000000000000000000000000000000000000000000000000
1100000000000000000000000000000000000000000000000000000000000000
1000000000000000000000000000000000000000000000000000000000000000
1000000000000000000000000000000000000000000000000000000000000000
1000000010000000000000000000000000000000000000000000000000000000
1000000010000000000000000000000000000000000000000000000000000000
1111001100000000000000000000000000000000000000000000000000000000
1111111000000000000000000000000000000000000000000000000000000000
1111110000000000000000000000000000000000000000000000000000000000
1111100000000000000000000000000000000000000000000000000000000000
1111000000000000000000000000000000000000000000000000000000000000
1110000000000000000000000000000000000000000000000000000000000000
1110000000000000000000000000000000000000000000000000000000000000
1111111000000000000010000000000000000000000000000000000000000000
1111111110000000000000000000000000000000000000000000000000000000
