1111111111111000000000000000000000000000000000000000000000000000
1111111111111000000000000000000000000000000000000000000000000000
1111001111111000000000000000000000000000000000000000000000000000
0000000000011100000000000000000000000000000000000000000000000000
1100000000001100000000000000000000000000000000000000000000000000
1100000000001100000000000000000000000000000000000000000000000000
1111000000000111000000000000000000000000000000000000000000000000
1111000000000001100000000000000000000000000000000000000000000000
1111000000000000000000000000000000000000000000000000000000000000
1110000000000000000000000000000000000000000000000000000000000000
1100000000000000000000000000000000000000000000000000000000000000
1000000000000000000000000000000000000000000000000000000000000000
1000000000000000001000000000000000000000000000000000000000000000
1000000000000000000000000000000000000000000000000000000000000000
1100000010000000000000000000000000000000000000000000000000000000
1110001100000000000000000000000000000000000000000000000000000000
1111001000000000000000000000000000000000000000000000000000000000
1111100000000000000000000000000000000000000000000000000000000000
1111000000000000000000000000000000000000000000000000000000000000
1110000000000000000000000000000000000000000000000000000000000000
1110000000000000000000000000000000000000000000000000000000000000
1110000000000000000000000000000000000000000000000000000000000000
1111111000000000000000000000000000000000000000000000000000000000
1111111111000000111100000000000000000000000000000000000000000000
