1111111111000000000000000000000000000000000000000000000000000000
1111111111000000000000000000000000000000000000000000000000000000
1111101111000000000000000000000000000000000000000000000000000000
0000000000000000000000000000000000000000000000000000000000000000
1100000000000000000000000000000000000000000000000000000000000000
1100000000000000000000000000000000000000000000000000000000000000
1111000000000000000000000000000000000000000000000000000000000000
1111000000000000000000000000000000000000000000000000000000000000
1111000000000000000000000000000000000000000000000000000000000000
1110000000000000000000000000000000000000000000000000000000000000
1100000000000000000000000000000000000000000000000000000000000000
1000000000000000000000000000000000000000000000000000000000000000
1000000001000000000000000000000000000000000000000000000000000000
1000000000000000000000000000000000000000000000000000000000000000
1000000010000000000000000000000000000000000000000000000000000000
1100000000000000000000000000000000000000000000000000000000000000
1111101000000000000000000000000000000000000000000000000000000000
1111110000000000000000000000000000000000000000000000000000000000
1111100000000000000000000000000000000000000000000000000000000000
1111000000000000000000000000000000000000000000000000000000000000
1110000000000000000000000000000000000000000000000000000000000000
1110000000000000000000000000000000000000000000000000000000000000
1111111000000000000001000000000000000000000000000000000000000000
1111111111000000111111110000000000000000000000000000000000000000
