1111111111111000000000000000000000000000000000000000000000000000
1111111111110000000000000000000000000000000000000000000000000000
0011101111110000000000000000000000000000000000000000000000000000
0000000000010000000000000000000000000000000000000000000000000000
1100000000000000000000000000000000000000000000000000000000000000
1100000000000000000000000000000000000000000000000000000000000000
1111000000000000000000000000000000000000000000000000000000000000
1111100000000000000000000000000000000000000000000000000000000000
0011000000000000000000000000000000000000000000000000000000000000
1000000000000000000000000000000000000000000000000000000000000000
1100000000000000000000000000000000000000000000000000000000000000
1000000000000000000000000000000000000000000000000000000000000000
1000000000000000000000000000000000000000000000000000000000000000
1000000001000000000000000000000000000000000000000000000000000000
1000000010000000000000000000000000000000000000000000000000000000
1101100000000000000000000000000000000000000000000000000000000000
1111101000000000000000000000000000000000000000000000000000000000
1111110000000000000000000000000000000000000000000000000000000000
1111100000000000000000000000000000000000000000000000000000000000
1111000000000000000000000000000000000000000000000000000000000000
1110000000000000000000000000000000000000000000000000000000000000
1110000000000000000000000000000000000000000000000000000000000000
1111111000000000000001100000000000000000000000000000000000000000
1111111111000000111111111000000000000000000000000000000000000000
