1111111111100000000000000000000000000000000000000000000000000000
1110011000000000000000000000000000000000000000000000000000000000
0011100111000000000000000000000000000000000000000000000000000000
0000000000000000000000000000000000000000000000000000000000000000
1100000000000000000000000000000000000000000000000000000000000000
1100000000000000000000000000000000000000000000000000000000000000
1111000000000000000000000000000000000000000000000000000000000000
1111100000000000000000000000000000000000000000000000000000000000
1111000000000000000000000000000000000000000000000000000000000000
1110000000000000000000000000000000000000000000000000000000000000
1100000000000000000000000000000000000000000000000000000000000000
1000000000000000000000000000000000000000000000000000000000000000
1000000000000000000000000000000000000000000000000000000000000000
1000000001000000000000000000000000000000000000000000000000000000
1000000010000000000000000000000000000000000000000000000000000000
1101100000000000000000000000000000000000000000000000000000000000
1111100000000000000000000000000000000000000000000000000000000000
1111110000000000000000000000000000000000000000000000000000000000
1111100000000000000000000000000000000000000000000000000000000000
1111000000000000000000100000000000000000000000000000000000000000
1110000000000000000000100000000000000000000000000000000000000000
1110000000000000000000000000000000000000000000000000000000000000
1111111000000000000000000000000000000000000000000000000000000000
1111111111000000110111000000000000000000000000000000000000000000
