1110000000000000000000000000000000000000000000000000000000000000
1111000000000000000000000000000000000000000000000000000000000000
1000100000000000000000000000000000000000000000000000000000000000
1000000000000000000000000000000000000000000000000000000000000000
1110000000000000000000000000000000000000000000000000000000000000
1110000000000000000000000000000000000000000000000000000000000000
1111000000000000000000000000000000000000000000000000000000000000
1111100000000000000000000000000000000000000000000000000000000000
1111000000000000000000000000000000000000000000000000000000000000
1110000000000000000000000000000000000000000000000000000000000000
1100000000000000000000000000000000000000000000000000000000000000
1000000000000000001110000000000000000000000000000000000000000000
1000000000000000001110000000000000000000000000000000000000000000
1000000000000000001110000000000000000000000000000000000000000000
1000000000000000000100000000000000000000000000000000000000000000
1101100000000000000010000000000000000000000000000000000000000000
1111100000000000000010000000000000000000000000000000000000000000
1111110000000000000001000000000000000000000000000000000000000000
1111100000000000000000110000000000000000000000000000000000000000
1111000000000000000000110000000000000000000000000000000000000000
1110000000000000000000110011111100000000000000000000000000000000
1110000000000000000000011111111110000000000000000000000000000000
1111010000000000000000000111111000000000000000000000000000000000
1111111111000000000000000000000000000000000000000000000000000000
