1000000000000000000000000000000000000000000000000000000000000000
1110000000000000000000000000000000000000000000000000000000000000
1000100000000111111000000000000000000000000000000000000000000000
1000000000000111111000000000000000000000000000000000000000000000
1110000000001111111100000000000000000000000000000000000000000000
1110000000000111111100000000000000000000000000000000000000000000
1111100000000111111100000000000000000000000000000000000000000000
1111100000000001111100000000000000000000000000000000000000000000
1111100000000000011100000000000000000000000000000000000000000000
1111000000000000001100000000000000000000000000000000000000000000
1100000000000000001000000000000000000000000000000000000000000000
1100000000000000001000000000000000000000000000000000000000000000
1100000000000000001000000000000000000000000000000000000000000000
1000000000000000000000000000000000000000000000000000000000000000
1000000000000000000111000000000000000000000000000000000000000000
1100000000000000000011110000000000000000000000000000000000000000
1110000000000000000011111110111111000000000000000000000000000000
1100000000000000000001111111111111000000000000000000000000000000
1110100000000000000000111111111111000000000000000000000000000000
1111000000000000000000111111111110000000000000000000000000000000
1110000000000000000000011111111100000000000000000000000000000000
1110000000000000000000011111000000000000000000000000000000000000
1110000000000000000000111100000000000000000000000000000000000000
1111111111000000011111111000000000000000000000000000000000000000
