1111000001111111111100000000000000000000000000000000000000000000
1111000101111111111100000000000000000000000000000000000000000000
1000110011111111111100000000000000000000000000000000000000000000
1000000000001111111100000000000000000000000000000000000000000000
1110000000000111111100000000000000000000000000000000000000000000
1100000000000111111100000000000000000000000000000000000000000000
1100000000000111111100000000000000000000000000000000000000000000
1100000000000001111100000000000000000000000000000000000000000000
1100000000000000011100000000000000000000000000000000000000000000
1110000000000000001111000000000000000000000000000000000000000000
1110000000000000001111100000000000000000000000000000000000000000
1100000000000000001111111111111111000000000000000000000000000000
1100000000000000001111111111111111000000000000000000000000000000
1100000000000000001111111111111111000000000000000000000000000000
1100000000000000000111111111111111000000000000000000000000000000
1100110000000000000011111111111111000000000000000000000000000000
1111110000000000000011111111111110000000000000000000000000000000
1111110000000000000001111111111000000000000000000000000000000000
1111100000000000000000111111110000000000000000000000000000000000
1111000000000000000000111111111000000000000000000000000000000000
1110000000000000000000011111111000000000000000000000000000000000
1110000000000000000000011111111000000000000000000000000000000000
1110000000000000000000111111110000000000000000000000000000000000
1111111111000000111111111110110000000000000000000000001111110000
