1111111111111111111111111111111111111000000000000000000011111111
0111111111111111111111111111111111111100000000000000000100001111
0000111011111111111111111111111111111110000000000000000000011111
0000000000001111111111111111111111111110000000000000000000111111
0110000000000111111111111111111111111110000000000000000000111111
0111100000000011111111111111111111111110000000000000000000111111
1111100000000111111111111111111111111111000000000000000000111111
1111100000000001111111111111111111111111000000000000000011111111
1111100000000000011111111111101111111111100000000000000111111111
1111000000000000001111110011000111111111100000000000000011111111
1110000000000000001111100000000111111111100000000000000011111111
1100000000000000001111100000000111111111100000000000000011111111
1100000000000000001111110000000011111111100000000000000011111111
1100000000000000001111110000000011111111000000000000000000111111
1100000001000000000111111000000111111110000000000000000000011111
1110110000000000000111111110001111111110000000000000000000000110
1111110000000000000011111111111111111110000000000000000000000010
1111111000000000000001111111111111111110000000000000000000000001
1111110000000000000001111111111111111111100000000000000000000000
1111000000000000000000111111111111111111111000000000000000000000
1111000000000000000000111111111111111111111110000000000000000000
1110000000000000000000111111111111111111111110000000000000000000
1110000000000000000000111111111111111111111111100000000000011101
1111111101000000010111111111111111111111111111110010001111100111
