1111111111111111111111111111111111111111100000000000011111111111
1111111111111111111111111111111111111111110000000000111100001111
1000011011111111111111111111111111111111110000000001001000011111
1110000000001111111111111111111111111111110000000000000000111111
1110000000000111111111111111111111111111110000000000000000111111
1111100000000011111111111111111111111111110000000000000000111111
1111100000000011111111111111111111111111110000000000000000111111
1111100000000001111111111111111111111111110000000000000001111111
1111100000000000011111111111111111111111111000000000000011111111
1111000000000000001111111111111111111111111000000000000011111111
1110000000000000001111111111111111111111111100000000000011111111
1100000000000000001111111111111111111111111100000000000011111111
1100000000000000001111111111111111111111110010000000000011111111
1100000000000000001111111111111111111111100010000000000000111111
1100000001000000000111111111111111111111111010000000000000011111
1110110000000000000111111111111111111111111010000000000000000111
1111110000000000000011111111111111111111111110000000000000000011
1111111000000000000001111111111111111111111110000000000000000001
1111110000000000000001111111111111111111111110000000000000000001
1111000000000000000000111111111111111111111110000000000000000000
1111000000000000000000111111111111111111111110000000000000000000
1110000000000000000000111111111111111111111110000000000000000111
1110000000000000000000111111111111111111111111100000000000011111
1111111111000000010111111111111111111111111111100010001111111111
