1111111111111111111111111111111111111111111111111111111111111111
1111111111111111111111111111111111111111111111111111111111101111
1100011101111111111111111111111111111111111111111111011000001111
1110000000000111111111111111111111111111111111111100000000111111
1111000000000111111111111111111111111111111111111000000001111111
1111110000000011111111111111111111111111111111111000000000111111
1111110000000011111111111111111111111111111111111000000000111111
1111110000000001111111111111111111111111111111100000000000011111
1111100000000000011111111111111111111111111110000000000000000011
1111000000000000000111111111111111111111111110000000001000000000
1100000000000000000111111111111111111111111110000000000110000000
1100000000000000001111111111111111111111111110000000000011000000
1000000000100000001111111111111111111111111110000000000011000001
1000000000100000000111111111111111111111111100000000000001100011
1000001001000000000111111111111111111111111100000000000000111111
1111110000000000000011111111111111111111111100000000000000001111
1111110000000000000011111111111111111111111100000000000000000111
1111110000000000000001111111111111111111111000000000000000000011
1111100000000000000001111111111111111111111000000000000000000001
1111000000000000000000111111111111111111111000000000000000000001
1110000000000000000000111111111111111111111000000000000000000001
1110000000000000000000111111111111111111111000000000000000000111
1110000000000000000000111111111111111111111110000000000001111111
1111111111000000000111111111111111111111111111100100011111111111
