1111111111111111111111111111111111111111111111111111111111111111
1111111111111111111111111111111111111111111111111111111111101111
1110001101111111111111111111111111111111111111111111011000001111
1111000000000111111111111111111111111111111111111100000000111111
1111100000000011111111111111111111111111111111111000000001111111
1111110000000001111111111111111111111111111111111000000000111111
1111110000000001111111111111111111111111111111111000000000111111
1111110000000000111111111111111111111111111111100000000000001111
1111100000000000011111111111111111111111111110000000000000000001
1111000000000000000111111111111111111111111110000000000000000000
1100000000000000000111111111111111111111111110000000000000000000
1100000000000000001111111111111111111111111110000000000011110000
1000000000000000000111111111111111111111111110000000000011111100
1000000000100000000111111111111111111111111100000000000011111111
1000001001000000000011111111111111111111111100000000000000111111
1111110000000000000011111111111111111111111100000000000000011111
1111110000000000000001111111111111111111111000000000000000000111
1111111000000000000001111111111111111111111000000000000000000011
1111100000000000000000111111111111111111111000000000000000000011
1111000000000000000000111111111111111111110000000000000000000001
1110000000000000000000111111111111111111110000000000000000000001
1110000000000000000000111111111111111111111000000000000000000111
1111110000000000000000111111111111111111111110000000000011111111
1111111111000000000111111111111111111111111111100100011111111111
