1111111111111111111111111111111111111111111111111111111111111111
1111111110011111111111111111111111111111111111111111000001111111
1111111110000000111111111111111111111111111111110000000011111111
1111111111000000000111111111111111111111111111100000001111111111
1111111111000000000111111111111111111111111111100000000111111111
1111111111100000000111111111111111111111111111100000000111111111
1111111111100000000111111111111111111111111111000000000011111111
1111111110000000000011111111111111111111111110000000000001111111
1111111000000000000000111111111111111111111000000000000000011111
1111100000000000000000011111111111111111111000000000000000001111
1111000000000000000000011111111111111111111000000000000000000111
1111000000000000000000111111111111111111111000000000000000000011
1110000000000000000000011111111111111111111000000000000011000001
1110000011100000000000011111111111111111111000000000000011111111
1111111111000000000000001111111111111111110000000000000001111111
1111111110000000000000001111111111111111110000000000000000111111
1111111110000000000000001111111111111111110000000000000000011111
1111111111000000000000000111111111111111100000000000000000001111
1111111100000000000000000111111111111111100000000000000000001111
1111110000000000000000000011111111111111100000000000000000001111
1111100000000000000000000011111111111111100000000000000000001111
1111100000000000000000000011111111111111100000000000000000011111
1111111111100000000000000111111111111111111000000000000111111111
1111111111111000000010011111111111111111111111100100011111111111
