1111111111111111111111111111111111111111111111111111011111111111
1111111111100011111111111111111111111111111111111000001111111111
1111111111110000001111111111111111111111111111000000111111111111
1111111111110000000001111111111111111111111110000000011111111111
1111111111111000000001111111111111111111111110000000011111111111
1111111111110000000001111111111111111111111110000000001111111111
1111111111110000000001111111111111111111111110000000000111111111
1111111111000000000001111111111111111111111100000000000011111111
1111111100000000000000011111111111111111110000000000000000111111
1111110000000000000000001111111111111111100000000000000000011111
1111100000000000000000001111111111111111110000000000000000011111
1111000000000000000000001111111111111111110000000000000000001111
1111000000111000000000001111111111111111110000000000000000001111
1111000001111000000000001111111111111111110000000000000011011111
1111111111110000000000001111111111111111110000000000000111111111
1111111111100000000000000111111111111111110000000000000001111111
1111111111110000000000000111111111111111100000000000000000111111
1111111111100000000000000011111111111111100000000000000000011111
1111111100000000000000000011111111111111100000000000000000001111
1111111000000000000000000011111111111111100000000000000000001111
1111110000000000000000000001111111111111100000000000000000001111
1111110000000000000000000001111111111111100000000000000000111111
1111111111100000000000000011111111111111111000000000000111111111
1111111111111100000000001111111111111111111111000000111111111111
