0000000000000000000000000000000000000000011111110000000000000000
0000000000000000000000000000000000000000011111111111100000000000
0000000000000000000000000000000000000111111111111111111000000000
0000000000000000000000000000000000111111111111111111111100000000
0000000000000000000000000000000011111111111111111111111100000000
0000000000000000000000000000000111111111111111111111111110000000
0000000000000000000000000000000111111111111111111111111111000000
0000000000000000000000000000000111111111111111111111111111000000
0000000000000000000000000000000001111111111111111111111111100000
0000000000000000000000000000000000011111111111111111111111100000
0000000000000000000000000000000000111111111111111111111111100000
0000000000000000000000000000000000001111111111111111111111100000
0000000000000000000000000000111100000111111111111111111111100000
0000000000000000000000000111111111000011111111111111111111100000
0000000000000000000000001111111111000011111111111111111111100000
0000000000000000000000000111111111000011111111111111111101010000
0000000000000000000000000011111111100001111111111111111100000000
0000000000000000000000000000111111110001111111111111101100000000
0000000000000000000000000000111111111111111111111111100000000000
0000000000000000000000000001111111111111111111111111110000000000
0000000000000000000000000001111111111111111111111111110000000000
0000000000000000000000000001111111111111111111111111111000000000
0000000000000000000000000011111111101111111111111111111000000000
0000000000000000000000000011111111001111111111111111111100000000
