1111111111111111111111001111111111111111111111111111111111111111
1111111111111111111111000111111111111110000011111111111111111111
1111111111111111111000000111111111111110000111111111111111111111
1111111111111111111100000001111111111111000000011111111111111111
1111111111111111000000000001111111111110000000000111111111111111
1111111111111100000000000001111111111100000000000000111111111111
1111111111100000000000000001111111111000000000000000000000000000
1111110000000000000000000001111111111100000000000000000000000000
1100000000000000000000000111111111111111000000000000000000000000
0000000000000000000000011111111111111111100000000000000000000000
0000000000000001100000001111111111111111100000001111110000000000
0000000000001111100000000111111111111111000000001111111111111111
0000000011111111000000000011111111111100000000000011111111111111
0000111111111110000000000001111111111100000000000011111111111111
1111111111111111000000000011111111111100000000000111111111111111
1111111111111111000000000011111111111110000000000111111111111111
1111111111111110000000000111111111111111000000000000001111111111
1111111111111000000000001111111111111111100000000000000001111111
1111111111110000000000001111111111111111100000000000000000001111
1111111111000000000000001111111111111111110000000000000000000000
1111111000000000000000001111111111111111110000000000000000000000
1111000000000000000000001111111111111111110000000000000000000000
1100000000000000000000001111111111111111100000000000000000000000
0000000000000000000000001111111111111111000000000000000000000000
