1111111111111111111111100111111111111111111111111111111111111111
1111111111111111111111100011111111111100001111111111111111111111
1111111111111111111100100011111111111100001111111111111111111111
1111111111111111111100000001111111111100000011111111111111111111
1111111111111111100000000000111111111110000000001111111111111111
1111111111111110000000000001111111111000000000000001111111111111
1111111111110000000000000000111111111000000000000000000000000000
1111110000000000000000000000111111111000000000000000000000000000
1100000000000000000000000001111111111100000000000000000000000000
0000000000000000000000000111111111111111000000000000000000000000
0000000000000000000000001111111111111111100000001110000000000000
0000000000000111100000001100111111110011000000001111111100011111
0000000000111111000000000000111111110001000000001111111111111111
0000011111111111000000000000111111110000000000000111111111111111
0011111111111111000000000000111111110000000000000111111111111111
1111111111111111000000000000111111111000000000000111111111111111
1111111111111111000000000001111111111000000000000111111111111111
1111111111111100000000000011111111111111100000000000000111111111
1111111111110000000000011111111111111111100000000000000000111111
1111111111100000000000001111111111111111100000000000000000000111
1111111110000000000000001111111111111111110000000000000000000000
1111110000000000000000001111111111111111110000000000000000000000
1110000000000000000000001111111111111111110000000000000000000000
1000000000000000000000001111111111111111100000000000000000000000
