1111111111111111111111111001111111111111111111111111111111111111
1111111111111111111111111001111111111001111111111111111111111111
1111111111111111111110110001111111111000011111111111111111111111
1111111111111111111110000001111111111000011111111111111111111111
1111111111111111100000000000011111111100000000011111111111111111
1111111111111110000000000001111111111000000000000011111111111111
1111111111111000000000000000111111110000000000000000000011111111
1111111100000000000000000000011111110000000000000000000000000000
1100000000000000000000000000111111110000000000000000000000000000
0000000000000000000000000011111111111110000000000000000000000000
0000000000000000000000001111111111111111100000000000000000000000
0000000000000000000000001111001111001111000000001111000000000000
0000000000001111000000001110001111000011000000001111111100011111
0000000001111111000000000110000111000011000000000111111111111111
0001111111111110000000000000001111100000000000000111111111111111
1111111111111110000000000000001111100000000000000111111111111111
1111111111111110000000000000011111100000000000000111111111111111
1111111111111110000000000000011111110000000000000011111111111111
1111111111111000000000001111111111111111100000000000000011111111
1111111111100000000000011111111111111111110000000000000000011111
1111111111000000000000011111111111111111110000000000000000000011
1111111100000000000000011111111111111111110000000000000000000000
1111100000000000000000001111111111111111110000000000000000000000
1100000000000000000000001111111111111111110000000000000000000000
