1111111111111111111111111111111111111111111111111111111111111111
1111111111111111111111111111000011111111111111111111111111111111
1111111111111111111111111110000111100111111111111111111111111111
1111111111111111111111000000000111000011111111111111111111111111
1111111111111111111000000000011111000000000001111111111111111111
1111111111111111100000000000001111111000000000011111111111111111
1111111111111110000000000000011111100000000000000111111111111111
1111111111111100000000000000001111000000000000000011111111111111
1111111111111000000000000000001111000000000000000000111111111111
1111111110000000000000000000011111100000000000000000000000001111
1111100000000000000000000011111111111100000000000000000000000000
1000000000000000000000000111111111111100000000000000000000000000
0000000000000000000000000111110000111110000000000000000000000000
0000000000000000000000000011110000111100000000000000000000000000
0000000000000000000000000011000000001100000000000000000000000000
0000000000000000000000000000000000000000000000000000000000000000
0000000000000000000000000000000000000000000000000000001100000000
0000000111100000000000000000000000000000000000000011111111111111
1111111111111100000000000000000110000000000000000011111111111111
1111111111111000000000000001111111111000000000000000111111111111
1111111111100000000000011111111111111111100000000000000001111111
1111111111000000000000011111111111111111100000000000000000001111
1111111110000000000000011111111111111111100000000000000000000111
1111111000000000000000001111111111111111100000000000000000000001
