1111111111111111111111111111111111111111111111111111111111111111
1111111111111111111111111111100011111111111111111111111111111111
1111111111111111111111111110000011100111111111111111111111111111
1111111111111111111111000000000011000011111111111111111111111111
1111111111111111111000000000011111000000000001111111111111111111
1111111111111111100000000000000111111000000000011111111111111111
1111111111111111000000000000011111100000000000001111111111111111
1111111111111110000000000000001111000000000000000011111111111111
1111111111111100000000000000001111000000000000000001111111111111
1111111111110000000000000000011111100000000000000000001111111111
1111111100000000000000000011111111111100000000000000000000011111
1111100000000000000000000011111111111100000000000000000000000000
1100000000000000000000000011110000111100000000000000000000000000
0000000000000000000000000011110000111100000000000000000000000000
0000000000000000000000000011000000001100000000000000000000000000
0000000000000000000000000000000000000000000000000000000000000001
0000000000000000000000000000000000000000000000000000000000000000
1000000000000000000000000000000000000000000000000001110000000000
0000000001110000000000000000000110000000000000000011111111000000
1001111111111000000000000001111111111000000000000000111111111111
1111111111100000000000011111111111111111100000000000000001111111
1111111111000000000000011111111111111111100000000000000000011111
1111111110000000000000001111111111111111100000000000000000000111
1111111100000000000000001111111111111111100000000000000000000011
