1111111111111111111111111111111111111111111111111111111111111111
1111111111111111111111111111100011111111111111111111111111111111
1111111111111111111111111110000011000111111111111111111111111111
1111111111111111111111000000000111100011111111111111111111111111
1111111111111111111100000000011111000000000011111111111111111111
1111111111111111100000000000000111111000000000011111111111111111
1111111111111111000000000000011111100000000000001111111111111111
1111111111111110000000000000001111000000000000000111111111111111
1111111111111100000000000000001111000000000000000011111111111111
1111111111111000000000000000011111100000000000000001111111111111
1111111111100000000000000011111111111000000000000000001111111111
1111111100000000000000000011111111111000000000000000000000111111
1111100000000000000000000011110000111000000000000000000000000011
1110000000000000000000000011110000111000000000000000000000000000
1100000000000000000000000011000000001000000000000000000000000000
0000000000000000000000000000000000000000000000000000000000000000
0000000000000000000000000000000000000000000000000000000000111101
0000000000000000000000000000000000000000000000000000000000001111
1111000000000110000000000000000110000000000000000111000000000111
1110000000011000000000000001111111111000000000000000111000000111
1111001111110000000000011111111111111111100000000000000001101111
1111111111000000000000011111111111111111100000000000000000011111
1111111110000000000000001111111111111111100000000000000000000111
1111111100000000000000001111111111111111100000000000000000000011
