1111111111111111111111111111101111111111111111111111111111111111
1111111111111111111111111111001111111111111111111111111111111111
1111111111111111111111111110001111000111111111111111111111111111
1111111111111111111111000000011111100011111111111111111111111111
1111111111111111111000000000011111100000000001111111111111111111
1111111111111111100000000000001111111000000000011111111111111111
1111111111111111000000000000011111100000000000001111111111111111
1111111111111110000000000000011111100000000000000111111111111111
1111111111111110000000000000001111000000000000000111111111111111
1111111111111110000000000000011111100000000000000111111111111111
1111111111111100000000000011111111111100000000000011111111111111
1111111111111100000000001111111111111111000000000011111111111111
1111111111111000000000000111110000111110000000000011111111111111
1111111111111000000000000011110000111100000000000001111111111111
1111111111110000000000000011000000001100000000000001111111111111
1111111111110000000000000000000000000000000000000001111111111111
1111111111110000000000000000000000000000000000000001111111111111
1111111111110000000000000000000000000000000000000001111111111111
1111111111111000000000000000000100000000000000000011111111111111
1111111111111000000000000000000000000000000000000000111111111111
1111111111110000000000011110000111111110000000000000000001111111
1111111111100000000000011111111111111110000000000000000000011111
1111111111000000000000001111111111111111100000000000000000000111
1111111110000000000000001111111111111111100000000000000000000011
