1111111111111111110001100111111111111111111111111111111111111111
1111111111111111100000000000111111100111111111101111111111111111
1111111111111111110000000011111111100111111111100001111111111111
1111111111111111100000000000111111100111111100000001111111111111
1111111111111111100000000000111111100010000000000011111111111111
1111111111111111100000000001111111110000000000001111111111111111
1111111111111111000000000000011111100000000000001111111111111111
1111111111111111000000000000001111000000000000001111111111111111
1111111111111110000000000000001111100000000000000111111111111111
1111111111111110000000000000011111110000000000000111111111111111
1111111111111110000000000000011111100000000000000111111111111111
1111111111111110000000000000011101100000000000000111111111111111
1111111111111110000000000000010000100000000000000111111111111111
1111111111111100000000000000010000100000000000000011111111111111
1111111111111000000000000000000000000000000000000001111111111111
1111111111111000000000000000000000000000000000000001111111111111
1111111111111000000000000000000000000000000000000001111111111111
1111111111110000000000000000000110000000000000000000111111111111
1111111111110000000000000000001111000000000000000000111111111111
1111111111110000000000000011111111111100000000000000111111111111
1111111111111000000000000001111111111000000000000000000111111111
1111111111111000000000000100111111110010000000000000000001111111
1111111111110000000000000011111111111110000000000000000000111111
1111111111100000000000000011111111111110000000000000000000011111
