1111111111111111110001001101111111110111111111111111111111111111
1111111111111111100000000001111111100111111111110111111111111111
1111111111111111100000000111111111100111111111000000111111111111
1111111111111111100000000000111111100111111110000000111111111111
1111111111111111100000000011111111100110000011000111111111111111
1111111111111111110000000000111111110000000000001111111111111111
1111111111111111100000000000011111100000000000011111111111111111
1111111111111111100000000000001111000000000000011111111111111111
1111111111111111000000000000001111100000000000001111111111111111
1111111111111111000000000000011111100000000000001111111111111111
1111111111111111000000000000011111100000000000001111111111111111
1111111111111111000000000000011001100000000000001111111111111111
1111111111111111000000000000010000100000000000001111111111111111
1111111111111110000000000000000000000000000000000111111111111111
1111111111111110000000000000000000000000000000000111111111111111
1111111111111110000000000000000000000000000000000111111111111111
1111111111111100000000000000000000000000000000000011111111111111
1111111111111100000000000000000110000000000000000011111111111111
1111111111111110000000000000000110000000000000000011111111111111
1111111111111110000000000001110000111000000000000011111111111111
1111111111111100000000000011111001111100000000000000000111111111
1111111111111000000000000011111111111100000000000000000001111111
1111111111110000000000000011111111111110000000000000000000111111
1111111111110000000000000001111111111100000000000000000000011111
