1111111111111110000010000001111111111101111111111111111111111111
1111111111111100000000000011111111111011111111111110111111111111
1111111111111111100000000001111111110011111111111100011111111111
1111111111111111000000000000111111110011111111100000000111111111
1111111111111111000000000011111111110011000111110000001111111111
1111111111111111110000000000011111110000000000110001111111111111
1111111111111111000000000000001111100000000000000011111111111111
1111111111111111000000000000001111100000000000001111111111111111
1111111111111111000000000000001111000000000000000111111111111111
1111111111111111000000000000001111100000000000000111111111111111
1111111111111111000000000000001111000000000000001111111111111111
1111111111111111000000000000001111000000000000001111111111111111
1111111111111111000000000000000000000000000000001111111111111111
1111111111111111000000000000000000000000000000001111111111111111
1111111111111111000000000000000000000000000000001111111111111111
1111111111111111000000000000000000000000000000011111111111111111
1111111111111111000000000000000000000000000000011111111111111111
1111111111111111000000000000000100000000000000011111111111111111
1111111111111111000000000000001100000000000000011111111111111111
1111111111111111000000000000001110000000000000011111111111111111
1111111111111110000000000000001110000000000000011111111111111111
1111111111111100000000000000001110000000000000000001111111111111
1111111111110000000000000000011110000000000000000000000111111111
1111111111110000000000000011111111110000000000000000000001111111
