1111111111111100000000000000111111111101111111111111111111111111
1111111111111100000000000011111111111001111111111110111111111111
1111111111111111100000000000111111110001111111111110011111111111
1111111111111111000000000000111111110001111111110000000111111111
1111111111111111000000000001111111110001111111111000000111111111
1111111111111111110000000000011111111000000000011000111111111111
1111111111111111000000000000001111110000000000000001111111111111
1111111111111111000000000000000111100000000000000111111111111111
1111111111111111000000000000000111100000000000000111111111111111
1111111111111111000000000000001111100000000000000111111111111111
1111111111111111000000000000001111100000000000000111111111111111
1111111111111111000000000000001111000000000000000111111111111111
1111111111111110000000000000000000000000000000001111111111111111
1111111111111110000000000000000000000000000000001111111111111111
1111111111111110000000000000000000000000000000001111111111111111
1111111111111111000000000000000000000000000000001111111111111111
1111111111111110000000000000000000000000000000011111111111111111
1111111111111110000000000000000000000000000000011111111111111111
1111111111111110000000000000001100000000000000011111111111111111
1111111111111111000000000000011110000000000000011111111111111111
1111111111111110000000000000011100000000000000011111111111111111
1111111111111000000000000000011100000000000000001111111111111111
1111111111110000000000000000011100000000000000000000011111111111
1111111111100000000000000010111110000000000000000000000011111111
