1111111111111100000000000000111111111110011111111111111111111111
1111111111111111000000000011111111111100011111111111101111111111
1111111111111111000000000000011111111100111111111111100111111111
1111111111111111000000000000111111111000111111111100000001111111
1111111111111111110000000000011111111100111111111100000000111111
1111111111111111100000000000000111111100000000011110001111111111
1111111111111111000000000000000011111000000000000000011111111111
1111111111111111000000000000000011110000000000000000111111111111
1111111111111110000000000000000011110000000000000011111111111111
1111111111111110000000000000000111100000000000000011111111111111
1111111111111110000000000000001111100000000000000011111111111111
1111111111111110000000000000001111000000000000000011111111111111
1111111111111100000000000000000001000000000000000111111111111111
1111111111111100000000000000000000000000000000000111111111111111
1111111111111100000000000000000000000000000000000111111111111111
1111111111111100000000000000000000000000000000001111111111111111
1111111111111100000000000000000000000000000000001111111111111111
1111111111111100000000000000000000000000000000011111111111111111
1111111111111100000000000000010000000000000000011111111111111111
1111111111111100000000000000010000000000000000011111111111111111
1111111111111000000000000001111000000000000000011111111111111111
1111111111110000000000000000111000000000000000111111111111111111
1111111111000000000000000000111000000000000000011111111111111111
1111111111100000000000000001111000000000000000000000111111111111
