1111111111111111111110000000000000000001111111111111111111111111
1111111111111111110000000000000000000000111111111111111111111111
1111111111111111000000000000000000000111111111111111111111111111
1111111111111110000000000000000000000001111111110001111111111111
1111111111111100000000000000000000000000111111110000111111111111
1111111111111000000000000000000000000000111111100001111111111111
1111111111100000000000000000000000000000011111100001111111111000
1111111111000000000000000000000000000000011111100011111111111000
1111111110000000000000000000000000000000111111100010111111111100
1111111100000000000000000000000000000001111111000000000011110000
1111111000000000000000000000000000011111111100000000000001100000
1111110000000000000000000000111111111111100000000000000000000000
1111100000000000000000000000111111111000000000000000000000000011
1111000000000000000000000000000000000000000000000000000000011111
1110000000000000000000000000000000000000000000000000000001111111
1100000000000000000000000000000000000000000000000000000011111111
1000000000000000000000000000000000000000000000000000000111111111
1100000000000000000000000000000000000000000000000000011111111111
1100000000000000000000000000000000000000000000000000111111111111
1111100000000000000000000000000000000000000000000011111111111111
1111111110000000000000000000000000000000000000000111111111111111
1111111111111100000000000000000000000000000000011111111111111111
1111111111111111110000000000000000000000000000111111111111111111
1111111111111111111110000000000000000000000001111111111111111111
