1111111111111111000000000000000000000000000000111111111111111111
1111111111111100000000000000000000000000000000011111111111111111
1111111111110000000000000000000000000000000011111111111111111111
1111111111000000000000000000000000000000000001111111111111111111
1111111100000000000000000000000000000000000000111111111111111111
1111111000000000000000000000000000000000000000011111111111111111
1111100000000000000000000000000000000000000000011111110011111111
1110000000000000000000000000000000000000000000011111110001111111
1100000000000000000000000000000000000000000000011111100001111111
0000000000000000000000000000000000000000000000011111100011111111
0000000000000000000000000000111100000000000000111111000111111111
0000000000000000000000000001111111110000000001111110001111111111
0000000000000000000000000000011111111100001111111100000000001111
0000000000000000000000000000000111111111111111110000000000000111
0000000000000000000000000000000000011111111100000000000000000111
1100000000000000000000000000000000000000000000000000000000000000
1111100000000000000000000000000000000000000000000000000000000000
1111111100000000000000000000000000000000000000000000000000000000
1111111110000000000000000000000000000000000000000000000000111111
1111111111100000000000000000000000000000000000000000000001111111
1111111111110000000000000000000000000000000000000000000111111111
1111111111111100000000000000000000000000000000000000111111111111
1111111111111111000000000000000000000000000000000011111111111111
1111111111111111100000000000000000000000000000011111111111111111
