1111111111111111100000000000000000000000000000000111111111111111
1111111111111000000000000000000000000000000000000011111111111111
1111111111100000000000000000000000000000000000000001111111111111
1111111100000000000000000000000000000000000000000000111111111111
1111110000000000000000000000000000000000000000000111111111111111
1110000000000000000000000000000000000000000000000011111111111111
0000000000000000000000000000000000000000000000000011111111111111
0000000000000000000000000000000000000000000000000011111111111111
0000000000000000000000000000000000000000000000000011111111111111
0000000000000000000000000000000110000000000000000011111100111111
0000000000000000000000000000111111000000000000000011111000111111
0000000000000000000000000000011111100000000000000111110000111111
1000000000000000000000000000011111110000000000001111100001111111
1110000000000000000000000000011111110000000000111111000111111111
1111110000000000000000000000000111111100000011111110001111111111
1111111000000000000000000000000011111111111111111000000000011111
1111111100000000000000000000000000001111111100000000000000011111
1111111110000000000000000000000000000000000000000000000000011111
1111111110000000000000000000000000000000000000000000000000000000
1111111111000000000000000000000000000000000000000000000000000000
1111111111100000000000000000000000000000000000000000000000000000
1111111111110000000000000000000000000000000000000000000111111000
1111111111111100000000000000000000000000000000000000111111111111
1111111111111110000000000000000000000000000000001111111111111111
