1111111111111000000000000000000000000000000000000000011111111111
1111111100000000000000000000000000000000000000000000001111111111
1110000000000000000000000000000000000000000000000000001111111111
1000000000000000000000000000000000000000000000000000000111111111
0000000000000000000000000000000000000000000000000000000011111111
0000000000000000000000000000000000000000000000000000000011111111
1000000000000000000000000000000000000000000000000000000001111111
1100000000000000000000000000000000000000000000000000000001111111
1110000000000000000000000000000000000000000000000000001111111111
1111000000000000000000000000000001000000000000000000001111111111
1111110000000000000000000000000111111000000000000000001111111111
1111110000000000000000000000111111111000000000000000011111111111
1111110000000000000000000001111111100000000000000000011111111111
1111110000000000000000000011111111000000000000000000111110111111
1111110000000000000000000011111100000000000000000001111100111111
1111110000000000000000000011111000000000000000000111110000111111
1111111000000000000000000001111000000000000000011111000011111111
1111111000000000000000000000011110000000000011111100001111111111
1111111100000000000000000000000111111111111111100000111111111111
1111111100000000000000000000000000001111110000000000000111111111
1111111110000000000000000000000000000000000000000000000011111111
1111111111000000000000000000000000000000000000000000000111111110
1111111111000000000000000000000000000000000000000000000000000000
1111111111100000000000000000000000000000000000000000000000000000
