1111111100000000000000000000000000000000000000000000000000001111
1111111100000000000000000000000000000000000000000000000000000111
1111111000000000000000000000000000000000000000000000000000000111
1111111000000000000000000000000000000000000000000000000000001111
1111111111000000000000000000000000000000000000000000000000001111
1111111110000000000000000000000000000000000000000000000000001111
1111111100000000000000000000000000000000000000000000000000001111
1111111000000000000000000000000000000000000000000000000000001111
1111111000000000000000000000000000000000000000000000000000001111
1111110000000000000000000111111100000000000000000000000000001111
1111100000000000000000111111111111000000000000000000000000001111
1111100000000000000011100001111111100000000000000000000000001111
1111000000000000000011000000011111110000000000000000000000011111
1111000000000000000110000000001111111000000000000000000000111111
1111000000000000000110000000000001100000000000000000000011111111
1111000000000000000110000000000000000000000000000000001111111111
1111000000000000000011000000000000000000000000000000011111111111
1111000000000000000001100000000000000000000000000000111111111111
1111000000000000000000110000000000000000000000000011111111111111
1111000000000000000000011100000000000000000000011111001111111111
1111000000000000000000000011110000000000000111111000011111111111
1110000000000000000000000000001111111111111000000001111111111111
1111000000000000000000000000000000000000000000011111111111111111
1111110000000000000000000000000000000000000001111111111111111111
