1111111111111111110000000000000000000000000000011111111111111111
1111111111111100000000000000000000000000000000000111111111111111
1111111111110000000000000000000000000000000000000001111111111111
1111111111000000000000000000000000000000000000000000111111111111
1111111100000000000000000000000000000000000000000000011111111111
1111110000000000000000000000000000000000000000000000001011111111
1111100000000000000000000000000000000000000000000000000001111111
1111000000000000000000000000000000000000000000000000000000111111
1110000000000000000000000000000000000000000000000000000000000000
1000000000000000000000000000000000000000000000000000000000000000
0000000000000000000000000000000000000000000000000000000000000000
0000000000000000000000000000000000000000000000000000000000000000
0000000000000000000000000000000000000000000000000000000000000000
0000000000000000000000000000000000000000000000000000000000000011
1000000000000000000000000000000000000000000000000000000000001111
1110000000000000000000000000000000000000000000000000000000111111
1111011000000100000000000000000000000000000000000000000001111111
1111111000000010000000000000000000000000000000000000000011111111
1111111100000001000000000000000000000000000000000000000111111111
1111111110000000010000000000000000000000000000000000011111111111
1111111111100000000000000000000000000000000000000001111111111111
1111111111110000000001000000000000000000000000000111111111111111
1111111111111100000000001000000000000000000001111111111111111111
1111111111111111000000000000011111111111111111111111111111111111
