1111111111111111000000000000000000000000000000111111111111111111
1111111111111000000000000000000000000000000000001111111111111111
1111111111100000000000000000000000000000000000000011111111111111
1111111110000000000000000000000000000000000000000001111111111111
1111111000000000000000000000000000000000000000000000111111111111
1111110000000000000000000000000000000000000000000000011111111111
1111000000000000000000000000000000000000000000000000000011111111
1110000000000000000000000000000000000000000000000000000001111111
1000000000000000000000000000000000000000000000000000000001110011
0000000000000000000000000000000000000000000000000000000000000001
0000000000000000000000000000000000000000000000000000000000000001
0000000000000000000000000000000000000000000000000000000000000001
0000000000000000000000000000000000000000000000000000000000000001
1000000000000000000000000000000000000000000000000000000000000111
1100000000000000000000000000000000000000000000000000000000001111
1111110000000000000000000000000000000000000000000000000000111111
1111111000000000000000000000000000000000000000000000000011111111
1111111000000000000000000000000000000000000000000000000111111111
1111111100000000000000000000000000000000000000000000011111111111
1111111110000000000000000000000000000000000000000000111111111111
1111111111100000000000000000000000000000000000000011111111111111
1111111111110000000000000000000000000000000000011111111111111111
1111111111111100000000000000000000000000000111111111111111111111
1111111111111111100000000000011111111111111111111111111111111111
