0000000000000000000000000000000000000000111111111111111111111111
0000000000000000000000000000000000000000011111111111111111111111
0000000000000000000000000000000000000000011111111111111111111111
0000000000000000000000000000000000000000011111111111111111111111
0000000000000000000000000000000000000000001111111111111111111111
0000000000000000000000000000000000000000001111111111111111100000
0000000000000000000000000000000000000000011111111111111111110000
0000000000000000000000000000000000000000011111111111111111111000
0000000000000000000000000000000000000000011111111111111111111000
0000000000000000000000000000000000000000011111111111111111111111
0000000000000000000000000000000000000000111111111111111111111111
0000000000000000000000000000000000000000111111111111111111111110
0000000000000000000000000000000000000001111111111111111111111110
0000000000000000000000000000000000000011111111111111111111111111
0000000000000000000000000000000000001111111111111111111111111111
0000000000000000000000000000000000111111111111111111111111111111
0000000000000000000000000000000011111111111111111111111111111111
0000000000000000000000000000111111111111111111111111111111111110
1110000000000000000000011111111111111111111111111111111111111110
1111111111111101111111111111111111111111111111111111111111111100
1111111111111111111111111111111111111111111111111111111111111000
1111111111111111111111111111111111111111111111111111111111110000
1111111111111111111111111111111111111111111111111111111111110000
1111111111111111111111111111111111111111111111111111111111110000
