0000000000000000000000000000000000111111111111111111111111111111
0000000000000000000000000000000000111111111111111111111111111111
0000000000000000000000000000000000111111111111111111111111111111
0000000000000000000000000000000000111111111111111111111111111111
0000000000000000000000000000000000111111111111111111111111111111
0000000000000000000000000000000000111111111111111111111100000000
0000000000000000000000000000000001111111111111111111111100000000
0000000000000000000000000000000001111111111111111111111110000000
0000000000000000000000000000000011111111111111111111111111000000
0000000000000000000000000000000111111111111111111111111111110000
0000000000000000000000000000001111111111111111111111111111111000
0000000000000000000000000000111111111111111111111111111111110000
0000000000000000000000000001111111111111111111111111111111110000
0000000000000000000000001111111111111111111111111111111111111000
0000000000000000000001111111111111111111111111111111111111111000
0000000000000000111111111111111111111111111111111111111111111000
1111111111111111111111111111111111111111111111111111111111110000
1111111111111111111111111111111111111111111111111111111111110000
1111111111111111111111111111111111111111111111111111111111100000
1111111111111111111111111111111111111111111111111111111111100000
1111111111111111111111111111111111111111111111111111111111000000
1111111111111111111111111111111111111111111111111111111110000000
1111111111111111111111111111111111111111111111111111111110000000
1111111111111111111111111111111111111111111111111111111110000000
