0000000000000000000000000000011111111111111111111111111111111111
0000000000000000000000000000011111111111111111111111111111111111
0000000000000000000000000000111111111111111111111111111111111111
0000000000000000000000000000111111111111111111111111111111111111
0000000000000000000000000000111111111110111111111111111111111111
0000000000000000000000000001111111111110000000001111111111111111
0000000000000000000000000001111111111111000000000111111111111111
0000000000000000000000000111111111111111000000000011111111111111
0000000000000000000000000111111111111111100000000001111111111111
0000000000000000000000011111111111111111111000000001111111111111
0000000000000000000001111111111111111111110000000000111111111111
0000000000000000001111111111111111111111100000000000011111111111
0000000000000000111111111111111111111111100000000000011111111111
0000000000011111111111111111111111111111110000001000001111111111
1111111111111111111111111111111111111111110000001000001111111111
1111111111111111111111111111111111111111110000000100000111111111
1111111111111111111111111111111111111111110000000000001111111111
1111111111111111111111111111111111111111100000000000001111111111
1111111111111111111111111111111111111111100000000000111111111111
1111111111111111111111111111111111111111000000000000011111111111
1111111111111111111111111111111111111111000000000000001111111111
1111111111111111111111111111111111111110000000000000000111111111
1111111111111111111111111111111111111110000000000000000011111111
1111111111111111111111111111111111111110000000000000000001111111
