0000000000000000000000000000011111111111111111111111111111111111
0000000000000000000000000000011111111111111111111111111111111111
0000000000000000000000000000011111111111111111111111111111111111
0000000000000000000000000000111111111111111111111111111111111111
0000000000000000000000000000111111111110011111111111111111111111
0000000000000000000000000001111111111110000000011111111111111111
0000000000000000000000000001111111111110000000001111111111111111
0000000000000000000000000111111111111110000000000111111111111111
0000000000000000000000000111111111111111100000000011111111111111
0000000000000000000000011111111111111111110000000001111111111111
0000000000000000000001111111111111111111100000000001111111111111
0000000000000000001111111111111111111111000000000000111111111111
0000000000000000111111111111111111111111000000000000011111111111
0000000000011111111111111111111111111111100000010000011111111111
1111111111111111111111111111111111111111100000011000001111111111
1111111111111111111111111111111111111111100000000100001111111111
1111111111111111111111111111111111111111100000000100001111111111
1111111111111111111111111111111111111111000000000010001111111111
1111111111111111111111111111111111111111000000000001111111111111
1111111111111111111111111111111111111111000000000000111111111111
1111111111111111111111111111111111111110000000000000011111111111
1111111111111111111111111111111111111110000000000000001111111111
1111111111111111111111111111111111111110000000000000000111111111
1111111111111111111111111111111111111100000000000000000011111111
