0000000000000000000000000000111111111111111111111111111111111111
0000000000000000000000000000111111111111111111111111111111111111
0000000000000000000000000000111111111111111111111111111111111111
0000000000000000000000000000111111111111111111111111111111111111
0000000000000000000000000001111111110000111111111111111111111111
0000000000000000000000000011111111111000000011111111111111111111
0000000000000000000000000111111111110000000001111111111111111111
0000000000000000000000111001111111110000000001111111111111111111
0000000000000000000000000111111111111100000000111111111111111111
0000000000000000000010000000000100000000000000111111111111111111
0000000000000000000111110000000000000000000000011111111111111111
0000000000000000011111111111110000000000000000001111111111111111
0000000000000111111111111111111111111000000000000111111111111111
0000000011111111111111111111111111111100000000000111111111111111
1111111111111111111111111111111111111110000000000111111111111111
1111111111111111111111111111111111111110000000000111111111111111
1111111111111111111111111111111111111100000000000011111111111111
1111111111111111111111111111111111111100000000000011111111111111
1111111111111111111111111111111111111000000000000011111111111111
1111111111111111111111111111111111111000000000000111111111111111
1111111111111111111111111111111111110000000000000011111111111111
1111111111111111111111111111111111110000000000000001111111111111
1111111111111111111111111111111111100000000000000000111111111111
1111111111111111111111111111111111100000000000000000111111111111
