0000000000000000000000000000011111111111111111111111111111111111
0000000000000000000000000000011111111111111111111111111111111111
0000000000000000000000000000111111111111111111111111111111111111
0000000000000000000000000000011111111111111111111111111111111111
0000000000000000000000000000111111110001111111111111111111111111
0000000000000000000000000001111111110000000011111111111111111111
0000000000000000000000000011111111110000000001111111111111111111
0000000000000000000000000011111111110000000000111111111111111111
0000000000000000000000011111111111111100000000011111111111111111
0000000000000000000000000000111110000000000000011111111111111111
0000000000000000000010000000000000000000000000011111111111111111
0000000000000000001111011110000000000000000000001111111111111111
0000000000000001111111111111111111111000000000001111111111111111
0000000000111111111111111111111111111100000000001111111111111111
1111111111111111111111111111111111111110000000000111111111111111
1111111111111111111111111111111111111110000000000111111111111111
1111111111111111111111111111111111111100000000000111111111111111
1111111111111111111111111111111111111100000000000111111111111111
1111111111111111111111111111111111111000000000000111111111111111
1111111111111111111111111111111111111000000000000111111111111111
1111111111111111111111111111111111110000000000000011111111111111
1111111111111111111111111111111111110000000000000001111111111111
1111111111111111111111111111111111100000000000000000111111111111
1111111111111111111111111111111111100000000000000000111111111111
