0000000000000000000000000000011111111111111111111111111111111111
0000000000000000000000000000001111111111111111111111111111111111
0000000000000000000000000000011111111111111111111111111111111111
0000000000000000000000000000011111111111111111111111111111111111
0000000000000000000000000000111111111111111111111111111111111111
0000000000000000000000000000111111110000000001111111111111111111
0000000000000000000000000001111111111000000000011111111111111111
0000000000000000000000000011111111111100000000011111111111111111
0000000000000000000000000111111111111100000000001111111111111111
0000000000000000000000001111111111111111000000000111111111111111
0000000000000000000000111111111111111000000000000111111111111111
0000000000000000000111111111100001110000000000000111111111111111
0000000000000000011111111111000000000000000000000111111111111111
0000000000001111111111111111001110001111000000000111111111111111
1111111111111111111111111111111111111111000000000111111111111111
1111111111111111111111111111111111111111000000000111111111111111
1111111111111111111111111111111111111111000000000111111111111111
1111111111111111111111111111111111111110000000000111111111111111
1111111111111111111111111111111111111110000000000111111111111111
1111111111111111111111111111111111111100000000000011111111111111
1111111111111111111111111111111111111000000000000001111111111111
1111111111111111111111111111111111110000000000000001111111111111
1111111111111111111111111111111111110000000000000000111111111111
1111111111111111111111111111111111100000000000000000011111111111
