0000000000000000000000000000000000000111111111111111111111111111
0000000000000000000000000000000000000111111111111111111111111111
0000000000000000000000000000000000000111111111111111111111111111
0000000000000000000000000000000000000111111111111111111111111111
0000000000000000000000000000000000001111111111111111111111111111
0000000000000000000000000000000000001111111111111111111111111111
0000000000000000000000000000000000011111111111111111111111111111
0000000000000000000000000000000000111111111111111111111111111111
0000000000000000000000000000000011111111111111111111111111111111
0000000000000000000000000000000111111111111111111111111111111111
0000000000000000000000000000011111111111111111111111111111111111
0000000000000000000000000011111111111111111111111111111111111111
0000000000000000000000111111111111111111111111111111111111111111
0000000000000000011111111111111111111111111111111111111111111111
1110111111111111111111111111111111111111111111111111111111111111
1111111111111111111111111111111111111111111111111111111111111111
1111111111111111111111111111111111111111111111111111111111111111
1111111111111111111111111111111111111111111111111111111111111111
1111111111111111111111111111111111111111111111111111111111111111
1111111111111111111111111111111111111111111111111111111111111111
1111111111111111111111111111111111111111111111111111111111111111
1111111111111111111111111111111111111111111111111111111111111110
1111111111111111111111111111111111111111111111111111111111111100
1111111111111111111111111111111111111111111111111111111111111000
