1111111111111111111100000000000000000000000000000000000000000000
1111111111111111111100000000000000000000000000000000000000000000
1111111111111111111100000000000000000000000000000000000000000000
1111111111111111111110000000000000000000000000000000000000000000
1111111111111111111110000000000000000000000000000000000000000000
1111111111111111111110000000000000000000000000000000000000000000
1111111111111111111111000000000000000000000000000000000000000000
0001111111111111111111100000000000000000000000000000000000000000
0000111111111111111111110000000000000000000000000000000000000000
0000111111111111111111111100000000000000000000000000000000000000
0000011111111111111111111111000000000000000000000000000000000000
0000011111111111111111111111100000000000000000000000000000000001
0000001111111111111111111111111100000000000000000000000000001111
0000001111111111111111111111111111110000000000000000000011111111
0000001111111111111111111111111111111111111111111111111111111111
0000001111111111111111111111111111111111111111111111111111111111
0000000111111111111111111111111111111111111111111111111111111111
0000000111111111111111111111111111111111111111111111111111111111
0000000111111111111111111111111111111111111111111111111111111111
0000000111111111111111111111111111111111111111111111111111111111
0000000111111111111111111111111111111111111111111111111111111111
0000000111111111111111111111111111111111111111111111111111111111
0000000111111111111111111111111111111111111111111111111111111111
0000000111111111111111111111111111111111111111111111111111111111
