0000000000000000000000000000000000011111111100000000000000000000
0000000000000000000000000000000000000111111111111100000000000000
0000000000000000000000000000000000001111111111111111000000000000
0000000000000000000000000000000011111111111111111111100000000000
0000000000000000000000000000001111111111111111111111100000000000
0000000000000000000000000000011111111111111111111111110000000000
0000000000000000000000000000011111111111111111111111111000000000
0000000000000000000000000000111111111111111111111111111100000000
0000000000000000000000000000011111111111111111111111111100000000
0000000000000000000000000000000111111111111111111111111110000000
0000000000000000000000000000000001111111111111111111111110000000
0000000000000000000000000000000001111111111111111111111110000000
0000000000000000000000000000000000111111111111111111111110000000
0000000000000000000000000111110000001110111111111111111110000000
0000000000000000000000111111111000001110011111111111110111000000
0000000000000000000000111111111000000111111111111111110001000000
0000000000000000000000111111111100000111111111111111110000000000
0000000000000000000000001111111110000111111111111111110000000000
0000000000000000000000000011111111101111111111111111000000000000
0000000000000000000000000011111111111111111111111111100000000000
0000000000000000000000000111111111111111111111111111100000000000
0000000000000000000000000111111111111111111111111111110000000000
0000000000000000000000000111111111011111111111111111110000000000
0000000000000000000000001111111110011111111111111111111000100000
