1111111111111111111111111110000000000000000000000000000000000000
1111111111111111111111111110000000000000000000000000000000000000
1111111111111111111111111110000000000000000000000000000000000000
1111111111111111111111111110000000000000000000000000000000000000
1111111111111111111111111111000000000000000000000000000000000000
1111111111111111111111111111000000000000000000000000000000000000
1111100111111111111111111111100000000000000000000000000000000000
1100000001111111111111111111110000000000000000000000000000000000
1000000000111111111111111111111000000000000000000000000000000000
1000000000011111111111111111111100000000000000000000000000000000
1110000000011111111111111111111111000000000000000000000000000000
1111000000001111111111111111111111111000000000000000000000000000
1110000000001111111111111111111111111111000000000000000000000000
1110000000001111111111111111111111111111111000000000000000000000
1110000000000111111111111111111111111111111111111111111111111111
1110000000000111111111111111111111111111111111111111111111111111
1110000000000111111111111111111111111111111111111111111111111111
1110000000000111111111111111111111111111111111111111111111111111
1100000000000011111111111111111111111111111111111111111111111111
1100000000000011111111111111111111111111111111111111111111111111
1110000000000011111111111111111111111111111111111111111111111111
1110000000000111111111111111111111111111111111111111111111111111
1110000000000011111111111111111111111111111111111111111111111111
1100000000000011111111111111111111111111111111111111111111111111
