1111111111111111111111111111100000000000000000000000000000000000
1111111111111111111111111111100000000000000000000000000000000000
1111111111111111111111111111100000000000000000000000000000000000
1111111111111111111111111111110000000000000000000000000000000000
1111111111111111111111111111110000000000000000000000000000000000
1111111111111111111111111111110000000000000000000000000000000000
1111111001111111111111111111111000000000000000000000000000000000
1111000000011111111111111111111100000000000000000000000000000000
1110000000000111111111111111111110000000000000000000000000000000
1110000000000111111111111111111111100000000000000000000000000000
1111100000000111111111111111111111110000000000000000000000000000
1111110000000011111111111111111111111110000000000000000000000000
1111100000000011111111111111111111111111100000000000000000000000
1111100000000001111111111111111111111111111111000000000000000000
1111100000000001111111111111111111111111111111111111111111111111
1111110000000001111111111111111111111111111111111111111111111111
1111100000000001111111111111111111111111111111111111111111111111
1111100000000000111111111111111111111111111111111111111111111111
1111000000000000111111111111111111111111111111111111111111111111
1111100000000000111111111111111111111111111111111111111111111111
1111100000000000111111111111111111111111111111111111111111111111
1111100000000001111111111111111111111111111111111111111111111111
1111100000000000111111111111111111111111111111111111111111111111
1111000000000000111111111111111111111111111111111111111111111111
