0000000000000000000000000000000001111111110000000000000000000000
0000000000000000000000000000000000011111111111111000000000000000
0000000000000000000000000000000000011111111111111110000000000000
0000000000000000000000000000000011111111111111111111000000000000
0000000000000000000000000000001111111111111111111111000000000000
0000000000000000000000000000011111111111111111111111100000000000
0000000000000000000000000000111111111111111111111111110000000000
0000000000000000000000000000111111111111111111111111111000000000
0000000000000000000000000000111111111111111111111111111000000000
0000000000000000000000000000001111111111111111111111111000000000
0000000000000000000000000000000001111111111111111111111100000000
0000000000000000000000000000000011111111111111111111111100000000
0000000000000000000000000000000000111111111111111111111100000000
0000000000000000000000000000000000011100111111111111111100000000
0000000000000000000000111111110000011100111111111111111100000000
0000000000000000000001111111110000001101111111111111100100000000
0000000000000000000001111111110000001011111111111111000000000000
0000000000000000000000111111111100000111111111111111100000000000
0000000000000000000000000111111111001111111111111111000000000000
0000000000000000000000000111111111111111111111111111000000000000
0000000000000000000000000111111111111111111111111111100000000000
0000000000000000000000001111111111111111111111111111100000000000
0000000000000000000000001111111111111111111111111111110000000000
0000000000000000000000001111111111111111111111111111110000100000
