0000000000000000000000000000000011111111100000000000000000000000
0000000000000000000000000000000001111111111111111000000000000000
0000000000000000000000000000000000111111111111111110000000000000
0000000000000000000000000000000011111111111111111111000000000000
0000000000000000000000000000001111111111111111111111000000000000
0000000000000000000000000000011111111111111111111111100000000000
0000000000000000000000000000111111111111111111111111110000000000
0000000000000000000000000000111111111111111111111111110000000000
0000000000000000000000000000111111111111111111111111111000000000
0000000000000000000000000000011111111111111111111111111000000000
0000000000000000000000000000000001111111111111111111111000000000
0000000000000000000000000000000001111111111111111111111000000000
0000000000000000000000000000000000111111111111111111111000000000
0000000000000000000000000000000000011100011111111111111000000000
0000000000000000000000011110000000111000011111111111111000000000
0000000000000000000011111111100000011000111111111111011000000000
0000000000000000000011111111100000010001111111111111000000000000
0000000000000000000011111111110000010011111111111111100000000000
0000000000000000000001111111111100000111111111111111000000000000
0000000000000000000000000111111111111111111111111111000000000000
0000000000000000000000000111111111111111111111111111000000000000
0000000000000000000000001111111111111111111111111111100000000000
0000000000000000000000001111111111111111111111111111100000000000
0000000000000000000000001111111111111111111111111111100000000000
