0000000000000000000000000000001111111110000011000000000000000000
0000000000000000000000000000000111111111111111111000000000000000
0000000000000000000000000000000001111111111111111110000000000000
0000000000000000000000000000000011111111111111111110000000000000
0000000000000000000000000000001111111111111111111111000000000000
0000000000000000000000000000011111111111111111111111100000000000
0000000000000000000000000000111111111111111111111111110000000000
0000000000000000000000000000111111111111111111111111110000000000
0000000000000000000000000000111111111111111111111111111000000000
0000000000000000000000000000011111111111111111111111111000000000
0000000000000000000000000000000001111111111111111111111000000000
0000000000000000000000000000000001111111111111111111111000000000
0000000000000000000000000000000000111111111111111111111000000000
0000000000000000000000000000000000111100011111111111111000000000
0000000000000000000000000000000000111100001111111111111000000000
0000000000000000000000011100000000111000111111111110001000000000
0000000000000000000111111110000000010001111111111111000000000000
0000000000000000000111111111000000010011111111111111100000000000
0000000000000000000111111111100000000111111111111111000000000000
0000000000000000000011111111111100011111111111111110000000000000
0000000000000000000000001111111110011111111111111111000000000000
0000000000000000000000000111111111111111111111111111000000000000
0000000000000000000000001111111111111111111111111111100000000000
0000000000000000000000001111111111111111111111111111100000000000
