1111111111111111111111111111111111111111111111111111000000000000
1111111111111111111111111111111111111111111111111111110000000000
1111111111111111111111111111111111111111111111111111111000000000
1111111111111111111111111111111111100000000000111111111110000000
1111111111111111111111111111111110000000000000000011111111100000
1111111111111111111111111111111000000000000000000001111111111000
1111111111111111111111111111100000000000000000000000111111111111
1111111111111111111111111111000000000000000000000000011111111111
1111111111111111111111111111000000000000000000000000011111111111
1111111111111111111111111110000000000000000000000000011111111111
1111111111111111111111111110000000000000000000000000011111111111
1111111111111111111111111110000000000000000000000000111111111111
1111111111111111111111110000000000000000000000000011111111111111
1111111111111111111111000000000000000000000000000111111111111111
1111111111111111111000000000000000000000000000001111111111111111
1111111111111111000000000000000000000000000000000111111111111111
1111111111111000000000000000000000000000000000000000011111111111
1111111111100000000000000000000000000000000000000000001111111111
1111111110000000000000000000000000000000000000000000000011111111
1111111000000000000000000000000000000000000000000000000001111111
1110000000000000000000000000000000000000000000000000000000011111
0000000000000000000000000000000000000000000000000000000000000111
0000000000000000000000000000000000000000000000000000000000000001
0000000000000000000000000000000000000000000000000000000000000000
