1111111111111111111111111111111100000000000000000000000000000000
1111111111111111111111111111111100000000000000000000000000000000
1111111111111111111111111111111111110000000000000000000000000000
1111111111111111111111111111111100000000000000000000000000000000
1111111111111111111111111111111100000000000000000000000000000000
1111111111111111111111111111111100000100000000000000000000000000
1111111111111111111111111111111100001000000100000000000000000000
1111111111111111111111111111111100000000010000000000000000000000
1111111111111111111111111111001100000000000000000000000000000000
1111111111111111111111111110000000000000000000000000000000000000
1111111111111111111111111110000000000000000000000000000000000000
1111111111111111111111111111000000000000000000000000000000000000
1111111111111111111111111111100000000000000111100000000000000000
1111111111111111111111111111100000000000011110000000000000000000
1111111111111111111111111111000000000000011111111100000000000000
1111111111111111111111110000000000000001111111111111100000000000
1111111111111111111111000000000000000011111111111111111111000000
1111111111111111111100000000000000000111111111111111111111111111
1111111111111111111000000000000000000011111111111111111111111111
1111111111111111100000000000000000000000111111111111111111111111
1111111111111111000000000000000000000000011111111111111111111111
1111111111111100000000000000000000000000011111111111111111111111
1111111111111000000000000000000000000000011111111111111111111111
1111111111110000000000000000000000000000011111111111111111111111
