1111111111111111111111111111111000000000000000000000000000000000
1111111111111111111111111111111000000000000000000000000000000000
1111111111111111111111111111111010000000000000000000000000000000
1111111111111111111111111111111100000000000000000000000000000000
1111111111111111111111111111111000100000000000000000000000000000
1111111111111111111111111111111000010000000000000000000000000000
1111111111111111111111111111111000010000000000000000000000000000
1111111111111111111111111111111000010000100000000000000000000000
1111111111111111111111111111111000000001000000000000000000000000
1111111111111111111111111110001000000000000110000000000000000000
1111111111111111111111111110000000000000000000000000000000000000
1111111111111111111111111111000000000000000000000000000000000000
1111111111111111111111111111100000000000000111000000000000000000
1111111111111111111111111111000000000000111100000000000000000000
1111111111111111111111111111000000000000111111111000000000000000
1111111111111111111111100000000000000001111111111111000000000000
1111111111111111111111000000000000000111111111111111111100000000
1111111111111111111100000000000000001111111111111111111111111111
1111111111111111111000000000000000000111111111111111111111111111
1111111111111111100000000000000000000001111111111111111111111111
1111111111111110000000000000000000000000111111111111111111111111
1111111111111100000000000000000000000000011111111111111111111111
1111111111111000000000000000000000000000011111111111111111111111
1111111111100000000000000000000000000000011111111111111111111111
