1111111111111111111111111111111000000000000000000000000000000000
1111111111111111111111111111111000000000000000000000000000000000
1111111111111111111111111111111000000000000000000000000000000000
1111111111111111111111111111111110000000000000000000000000000000
1111111111111111111111111111110001000000000000000000000000000000
1111111111111111111111111111110000101000000000000000000000000000
1111111111111111111111111111110000110000000000000000000000000000
1111111111111111111111111111110000100001100000000000000000000000
1111111111111111111111111111110000000010000000000000000000000000
1111111111111111111111111100000000000000000110000000000000000000
1111111111111111111111111100000000000000000000000000000000000000
1111111111111111111111111110000000000000000000000000000000000000
1111111111111111111111111111000000000000000111000000000000000000
1111111111111111111111111110000000000001111100000000000000000000
1111111111111111111111111110000000000001111111110000000000000000
1111111111111111111111100000000000000011111111111110000000000000
1111111111111111111110000000000000000111111111111111111000000000
1111111111111111111100000000000000011111111111111111111111111100
1111111111111111110000000000000000001111111111111111111111111111
1111111111111111000000000000000000000011111111111111111111111111
1111111111111110000000000000000000000001111111111111111111111111
1111111111111000000000000000000000000000111111111111111111111111
1111111111110000000000000000000000000000111111111111111111111111
1111111111100000000000000000000000000000111111111111111111111111
