1111111111111111111111100000000000000000000000000000000000000000
1111111111111111111111100000000000000000000000000000000000000000
1111111111111111111111110000000000000000000000000000000000000000
1111111111111111111111110000000000000000000000000000000000000000
1111111111111111111111110000000000000000000000000000000000000000
1111111111111111111111111100000000000000000000000000000000000000
1111111111111111111111110010000000000000000000000000000000000000
1111111111111111111111100000110000000000000000000000000000000000
1111111111111111111111000001000000000000000000000000000000000000
1111111111111111111111000010000111000000000000000000000000000000
1111111111111111111111000000001000000000000000000000000000000000
1111111111111111111110000000000000010000000000000000000000000000
1111111111111111111000000000000001000000000000000000000000000000
1111111111111111111000000000000000000000000000000000000000000000
1111111111111111111100000000000000001000000000000000000000000000
1111111111111111111100000000000111111100000000000000000000000000
1111111111111111111000000000001111111111000000000000000000000000
1111111111111111110000000000001111111111111000000000000000000000
1111111111111100000000000000011111111111111111100000000000000000
1111111111110000000000000000111111111111111111111111000000000000
1111111111000000000000000000011111111111111111111111111111001000
1111111110000000000000000000000111111111111111111111111111111111
1111111000000000000000000000000011111111111111111111111111111111
1111110000000000000000000000000011111111111111111111111111111111
