1111111111111111110000000000000000000000000000000000000000000000
1111111111111111111000000000000000000000000000000000000000000000
1111111111111111110000000000000000000000000000000000000000000000
1111111111111111111000000000000000000000000000000000000000000000
1111111111111111111000000000000000000000000000000000000000000000
1111111111111111111000000000000000000000000000000000000000000000
1111111111111111111100000000000000000000000000000000000000000000
1111111111111111111100000000000000000000000000000000000000000000
1111111111111111111100000000000000000000000000000000000000000000
1111111111111110011111100000000000000000000000000000000000000000
1111111111111100001100000000000000000000000000000000000000000000
1111111111111000001000001100000000000000000000000000000000000000
1111111111111000010000110000000000000000000000000000000000000000
1111111111111000000001000000000000000000000000000000000000000000
1111111111111000000000000111000000000000000000000000000000000000
1111111111000000000000000000000000000000000000000000000000000000
1111111111000000000000000000010000000000000000000000000000000000
1111111111000000000000001111111110000000000000000000000000000000
1111111111000000000000111111111111110000000000000000000000000000
1111111111000000000001111111111111111100000000000000000000000000
1111111000000000000001111111111111111111110000000000000000000000
1111000000000000000111111111111111111111111111000000000000000000
1100000000000000000001111111111111111111111111111111110110000000
1000000000000000000000111111111111111111111111111111111111111111
