1111111111111110000000000000000000000000000000000000000000000000
1111111111111110000000000000000000000000000000000000000000000000
1111111111111110000000000000000000000000000000000000000000000000
1111111111111110000000000000000000000000000000000000000000000000
1111111111111111000000000000000000000000000000000000000000000000
1111111111111111000000000000000000000000000000000000000000000000
1111111111111111000000000000000000000000000000000000000000000000
1111111111111111100000000000000000000000000000000000000000000000
1111111111111111100000000000000000000000000000000000000000000000
1111111111111111100000000000000000000000000000000000000000000000
1111111111111111111000000000000000000000000000000000000000000000
1111111110000111100000000000000000000000000000000000000000000000
1111111110000110000100000000000000000000000000000000000000000000
1111111100000100001110000000000000000000000000000000000000000000
1111111100000000010000000000000000000000000000000000000000000000
1111111100000000000000110000000000000000000000000000000000000000
1111110000000000000110000000000000000000000000000000000000000000
1111000000000000000000000100000000000000000000000000000000000000
1111000000000000000000011111000000000000000000000000000000000000
1111100000000000001111111111111100000000000000000000000000000000
1111100000000000011111111111111111110000000000000000000000000000
1111000000000000111111111111111111111110000000000000000000000000
0000000000000001111111111111111111111111111100000000000000000000
0000000000000001111111111111111111111111111111111100000000000000
