1111111111110000000000000000000000000000000000000000000000000000
1111111111110000000000000000000000000000000000000000000000000000
1111111111110000000000000000000000000000000000000000000000000000
1111111111110000000000000000000000000000000000000000000000000000
1111111111111000000000000000000000000000000000000000000000000000
1111111111111000000000000000000000000000000000000000000000000000
1111111111111100000000000000000000000000000000000000000000000000
1111111111111100000000000000000000000000000000000000000000000000
1111111111111110000000000000000000000000000000000000000000000000
1111111111111110000000000000000000000000000000000000000000000000
1111111111111110000000000000000000000000000000000000000000000000
1111111111111111100000000000000000000000000000000000000000000000
1111111000111100010000000000000000000000000000000000000000000000
1111110000110000001100000000000000000000000000000000000000000000
1111110000100000110000000000000000000000000000000000000000000000
1111110000000011000000000000000000000000000000000000000000000000
1111100000000000000111000000000000000000000000000000000000000000
1110100000000000010000000000000000000000000000000000000000000000
1000000000000000000000110000000000000000000000000000000000000000
1000000000000000000111111110000000000000000000000000000000000000
1100000000000001111111111111111000000000000000000000000000000000
1100000000000011111111111111111111100000000000000000000000000000
1000000000000111111111111111111111111100000000000000000000000000
0000000000001111111111111111111111111111110000000000000000000000
