1111111110000000000000000000000000000000000000000000000000000000
1111111110000000000000000000000000000000000000000000000000000000
1111111110000000000000000000000000000000000000000000000000000000
1111111110000000000000000000000000000000000000000000000000000000
1111111111000000000000000000000000000000000000000000000000000000
1111111111000000000000000000000000000000000000000000000000000000
1111111111000000000000000000000000000000000000000000000000000000
1111111111100000000000000000000000000000000000000000000000000000
1111111111100000000000000000000000000000000000000000000000000000
1111111111110000000000000000000000000000000000000000000000000000
1111111111110000000000000000000000000000000000000000000000000000
1111111111110000000000000000000000000000000000000000000000000000
1111111111111100000000000000000000000000000000000000000000000000
1111000011110000000000000000000000000000000000000000000000000000
1111000011000011100000000000000000000000000000000000000000000000
1110000010000110000000000000000000000000000000000000000000000000
1110000000001000000000000000000000000000000000000000000000000000
1110000000000000111000000000000000000000000000000000000000000000
0100000000000010000010000000000000000000000000000000000000000000
0000000000000000000011100000000000000000000000000000000000000000
0000000000000000111111111000000000000000000000000000000000000000
0000000000001111111111111111000000000000000000000000000000000000
0000000000001111111111111111111100000000000000000000000000000000
0000000000011111111111111111111111110000000000000000000000000000
