0000000000000000000000000000000000000000000000000000000000000000
0000000000000000000000000000000000000000000000000000000000000000
0000000000000000000000000000000000000000000000000000000000000000
0000000000000000000000000000000000000000000000000000000000000000
0000000000000000000000000000000000000000000000000000000000000000
0000000000000000000000000000000000000000000000000000000000000000
0000000000000000000000000000000000000000000000000000000000000000
0000000000000000000000000000000000000000000000000000000000000000
0000000000000000000000000000000000000000000000000000000000000000
0000000000000000000000000000000000000000000000000000000000000000
0000000000000000000000000000000000000000000000000000000000000000
1000000000000000000000000000000000000000000000000000000000000000
1000000000000000000000000000000000000000000000000000000000000000
1100000000000000000000000000000000000000000000000000000000000000
1110000000000000000000000000000000000000000000000000000000000000
1111110000000000000000000000000000000000000000000000000000000000
1111000000000000000000000000000000000000000000000000000000000000
1100000101000000000000000000000000000000000000000000000000000000
1000011100000000000000000000000000000000000000000000000000000000
0000110000000000000000000000000000000000000000000000000000000000
0000000001110000000000000000000000000000000000000000000000000000
0000000000000000000000000000000000000000000000000000000000000000
0000000000001100000000000000000000000000000000000000000000000000
0000000111111111000000000000000000000000000000000000000000000000
