0000000000000000000001111111100000001111111100000000000000000000
0000000000000000000001111111111111111111111111000000000000000000
0000000000000000000000111111111111111111111111100000000000000000
0000000000000000000000000111111111111111111111111000000000000000
0000000000000000000000000011111111111111111111111100000000000000
0000000000000000000000000111111111111111111111111110000000000000
0000000000000000000000001111111111111111111111111111000000000000
0000000000000000000000001111111111111111111111111111000000000000
0000000000000000000000001111111111111111111111111111100000000000
0000000000000000000000000111111111111111111111111111100000000000
0000000000000000000000000011111111111111111111111111110000000000
0000000000000000000000000000000011111111111111111111110000000000
0000000000000000000000000000000011111111111111111111110000000000
0000000000000000000000000000000011111110111111111110110000000000
0000000000000000000000000000000011100110011111111110010000000000
0000000000000000000000000000000011100000111111111111000000000000
0000000000000000000000000000000001100011111111111111100000000000
0000000000000000000000000000000000100111111111111111110000000000
0000000000000000000000000000000000100111111111111111111000000000
0000000000000000000000000000000000001111111111111111001100000000
0000000000000000000000000000000000001111111111111111100100000000
0000000000000000000000000000000000001111111111111111100110000000
0000000000000111111100000000000000011111111111111111110011000000
0000000000001111111110000000000000011111111111111111110011000000
