0000000000000000000000000000000000000000000000000000000000000000
0000000000000000000000000000000000001111111100000000000000000000
0000000000000000000001111111111111111111111111000000000000000000
0000000000000000000001111111111111111111111111100000000000000000
0000000000000000000000111111111111111111111111110000000000000000
0000000000000000000000000111111111111111111111111100000000000000
0000000000000000000000000011111111111111111111111110000000000000
0000000000000000000000000111111111111111111111111110000000000000
0000000000000000000000000111111111111111111111111111000000000000
0000000000000000000000000111111111111111111111111111100000000000
0000000000000000000000000111111111111111111111111111100000000000
0000000000000000000000000011111111111111111111111111110000000000
0000000000000000000000000000000111111111111111111111110000000000
0000000000000000000000000000000111111111111111111111110000000000
0000000000000000000000000000000110011110011111111111100000000000
0000000000000000000000000000001110001100001111111111100000000000
0000000000000000000000000000001110000000001111111111100000000000
0000000000000000000000000000001110000000011111111111110000000000
0000000000000000000000000000000110000001111111111111111000000000
0000000000000000000000000000000010000011111111111111111110000000
0000000000000000000000000000000000000111111111111111111111000000
0000000000000000000000000000000000000011111111111111111111100000
0000000000000000000000000000000000000011111111111111111111110000
0000000000000000000000000000000000000111111111111111111111011000
