0000000000000000000000000000000000000000000000000000000000000000
0000000000000000000000000000000000000000000000000000000000000000
0000000000000000000000000000000000000000000000000000000000000000
0000000000000000000000000000000000000000000000000000000000000000
0000000000000000000000000000000000000000000000000000000000000000
0000000000000000000000000000000000000000000000000000000000000000
0000000000000000000000000000000000000000000000000000000000000000
0000000000000000000000000000000000000000000000000000000000000000
0000000000000000000000000000000000000000000000000000000000000000
0000000000000000000000000000000000000000000000000000000000000000
0000000000000000000000000000000000000000000000000000000000000000
0000000000000000000000000000000000000000000000000000000000000000
0000000000000000000000000000000000000000000000000000000000000000
0000000000000000000000000000000000000000000000000000000000000000
0000000000000000000000000000000000000000000000000000000000000000
0000000000000000000000000000000000000000000000000000000000000000
0000000000000000000000000000000001100000000000000000111000000000
0000000000111000000000000000000011110000000000000000111100000000
0000000001111100000000000000000011100000000000000000111100000000
0000000000111000000000000000000111110000000000000000111111111100
0000000000111000000000000000000011111100000000000000011110000000
0000000001111100000000000000000111000000000000000000001110000000
1110000000011100000000000000000111100000000000000000001110000000
1111111000111100000000000000000111110000000000000000111110000000
