0000000000000000000000000000000000000000000000000000000000000000
0000000000000000000000000000000000000000000000000000000000000000
0000000000000000000000000000000000000000000000000000000000000000
0000000000000000000000000000000000000000000000000000000000000000
0000000000000000000000000000000000000000000000000000000000000000
0000000000000000000000000000000000000000000000000000000000000000
0000000000000000000000000000000000000000000000000000000000000000
0000000000000000000000000000000000000000000000000000000000000000
0000000000000000000000000000000000000000000000000000000000000000
0000000000000000000000000000000000000000000000000000000000000000
0000000000000000000000000000000000000000000000000000000000000000
0000000000000000000000000000000000000000000000000000000000000000
0000000000000000000000000000000000000000000000000000000000000000
0000000000000000000000000000000000000000000000000000000000000000
0000000000000000000000000000000000000000000000000000000000000000
0000000000000000000000000000000011000000000000000000011000000000
0000000000111000000000000000000111100000000000000000111100000000
0000000000111100000000000000000111100000000000000000011100000000
0000000000111000000000000000000111110000000000000000111111110000
0000000000111000000000000000000111111000000000000000111110000000
0000000001111100000000000000000111000000000000000000011110000000
1100000000011100000000000000000111000000000000000000011110000000
1111111000011100000000000000000111110000000000000000011110000000
0011111111111110000000000000000111111000000000000000111111000000
