0000000000000000000000000000000000000000000000000000000000000000
0000000000000000000000000000000000000000000000000000000000000000
0000000000000000000000000000000000000000000000000000000000000000
0000000000000000000000000000000000000000000000000000000000000000
0000000000000000000000000000000000000000000000000000000000000000
0000000000000000000000000000000000000000000000000000000000000000
0000000000000000000000000000000000000000000000000000000000000000
0000000000000000000000000000000000000000000000000000000000000000
0000000000000000000000000000000000000000000000000000000000000000
0000000000000000000000000000000000000000000000000000000000000000
0000000000000000000000000000000000000000000000000000000000000000
0000000000000000000000000000000000000000000000000000000000000000
0000000000000000000000000000000000000000000000000000000000000000
0000000000000000000000000000000000000000000000000000000000000000
0000000000000000000000000000000000000000000000000000000000000000
0000000000011000000000000000000111000000000000000000111100000000
0000000000111100000000000000000111100000000000000000111100000000
0000000000111100000000000000000111100000000000000000011100000000
0000000000011000000000000000001111110000000000000000111111011100
0000000000111100000000000000000110001000000000000000011110000000
0000000000111100000000000000001110000000000000000000011110000000
1110000000011100000000000000001111100000000000000000011110000000
1111111111011110000000000000001111110000000000000000111110000000
0000111111111111000000000000001111111000000000000000111111000000
