0000000000000000000000000000000000000000000000000000000000000000
0000000000000000000000000000000000000000000000000000000000000000
0000000000000000000000000000000000000000000000000000000000000000
0000000000000000000000000000000000000000000000000000000000000000
0000000000000000000000000000000000000000000000000000000000000000
0000000000000000000000000000000000000000000000000000000000000000
0000000000000000000000000000000000000000000000000000000000000000
0000000000000000000000000000000000000000000000000000000000000000
0000000000000000000000000000000000000000000000000000000000000000
0000000000000000000000000000000000000000000000000000000000000000
0000000000000000000000000000000000000000000000000000000000000000
0000000000000000000000000000000000000000000000000000000000000000
0000000000000000000000000000000000000000000000000000000000000000
0000000000000000000000000000000010000000000000000000000000000000
0000000000011000000000000000001111000000000000000000010000000000
0000000000111100000000000000001111000000000000000000111100000000
0000000000011100000000000000011111000000000000000000111100000000
0000000000011000000000000000011111000000000000000000011100000000
0000000000111100000000000000001100000000000000000000111110001100
0000000000011100000000000000011110000000000000000000011110000000
1111001100011100000000000000011111000000000000000000011100000000
0011111111111110000000000000011111100000000000000000111100000000
0000011111111111000000000000001111111000000000000001111110000000
0000000001111111000000000000001000100000000000000001111111000000
