0000000000000000000000000000000000000000000000000000000000000000
0000000000000000000000000000000000000000000000000000000000000000
0000000000000000000000000000000000000000000000000000000000000000
0000000000000000000000000000000000000000000000000000000000000000
0000000000000000000000000000000000000000000000000000000000000000
0000000000000000000000000000000000000000000000000000000000000000
0000000000000000000000000000000000000000000000000000000000000000
0000000000000000000000000000000000000000000000000000000000000000
0000000000000000000000000000000000000000000000000000000000000000
0000000000000000000000000000000000000000000000000000000000000000
0000000000000000000000000000000000000000000000000000000000000000
0000000000000000000000000000000000000000000000000000000000000000
0000000000000000000000000000000000000000000000000000000000000000
0000000000001000000000000000001110000000000000000000000000000000
0000000000111100000000000000001111000000000000000000010000000000
0000000000011110000000000000111110000000000000000000111100000000
0000000000011100000000000000011111000000000000000000011100000000
0000000000011100000000000000011100000000000000000000011100000000
0000000000111100000000000000011100000000000000000000011110001110
0000000000011100000000000000011110000000000000000000011100000000
1111111100111100000000000000011111000000000000000000111100000000
0001111111111110000000000000011111110000000000000000111100000000
0000000111111111000000000000011111100000000000000001111110000000
0000000000011100000000000000000000100000000000000011111111100000
