0000000000000000000000000000000000000000000000000000000000000000
0000000000000000000000000000000000000000000000000000000000000000
0000000000000000000000000000000000000000000000000000000000000000
0000000000000000000000000000000000000000000000000000000000000000
0000000000000000000000000000000000000000000000000000000000000000
0000000000000000000000000000000000000000000000000000000000000000
0000000000000000000000000000000000000000000000000000000000000000
0000000000000000000000000000000000000000000000000000000000000000
0000000000000000000000000000000000000000000000000000000000000000
0000000000000000000000000000000000000000000000000000000000000000
0000000000000000000000000000000000000000000000000000000000000000
0000000000000000000000000000000000000000000000000000000000000000
0000000000000000000000000000000000000000000000000000000000000000
0000000000001000000000000000001111000000000000000000000000000000
0000000000111110000000000001111110000000000000000000011100000000
0000000000001100000000000001111110000000000000000000111100000000
0000000000011100000000000000011110000000000000000000011100000000
0000000000011100000000000000011100000000000000000000011111100000
0000000000111100000000000000011100000000000000000000011110001100
1110000000011100000000000000011110000000000000000000011100000000
0111111101111110000000000000011111000000000000000000111100000000
0000011111111111000000000000011111110000000000000001111110000000
0000000001111111000000000000011100100000000000000001111110000000
0000000000011100000000000000000000000000000000000011111111100000
