0000000000000000000000000000000000000000000000000000000000000000
0000000000000000000000000000000000000000000000000000000000000000
0000000000000000000000000000000000000000000000000000000000000000
0000000000000000000000000000000000000000000000000000000000000000
0000000000000000000000000000000000000000000000000000000000000000
0000000000000000000000000000000000000000000000000000000000000000
0000000000000000000000000000000000000000000000000000000000000000
0000000000000000000000000000000000000000000000000000000000000000
0000000000000000000000000000000000000000000000000000000000000000
0000000000000000000000000000000000000000000000000000000000000000
0000000000000000000000000000000000000000000000000000000000000000
0000000000000000000000000000000000000000000000000000000000000000
0000000000000000000000000000000000000000000000000000000000000000
0000000000011100000000000010000111000000000000000000000000000000
0000000000011110000000000001111110000000000000000000011110000000
0000000000001100000000000000011111000000000000000000011100000000
0000000000011100000000000000011100000000000000000000011100000000
0000000000111100000000000000011100000000000000000000011111111000
0000000000011100000000000000011110000000000000000000011110000000
1111101100011100000000000000011110000000000000000000111100000000
0001111111111110000000000000111111000000000000000000111100000000
0000000111111111000000000000111111110000000000000001111110000000
0000000000111110000000000000001000100000000000000011111110000000
0000000000011000000000000000000000000000000000000011111111000000
