0000000000000000000000000000000000000000000000000000000000000000
0000000000000000000000000000000000000000000000000000000000000000
0000000000000000000000000000000000000000000000000000000000000000
0000000000000000000000000000000000000000000000000000000000000000
0000000000000000000000000000000000000000000000000000000000000000
0000000000000000000000000000000000000000000000000000000000000000
0000000000000000000000000000000000000000000000000000000000000000
0000000000000000000000000000000000000000000000000000000000000000
0000000000000000000000000000000000000000000000000000000000000000
0000000000000000000000000000000010000000000000000011110000000000
0000000000001110000000000000000111100000000000000011110000000000
0000000000001111000000000000000011100000000000000111110000000000
0000000000000110000000000000111111100000000001010111110000000000
0000000000001110000000000000000111000000000000000111100000000000
0000000000001110000000000000000011000000000000000111000000000000
0111111100001111000000000000000111100000000000000111100000000000
0000001111111111100000000000001111100000000000001111110000000000
0000000000001111100000000000011111110000000000011111110000000000
0000000000001111111000000000001111110000000000011111111000000000
0000000000001111000000000000000100100000000000000100001000000000
0000000000011000000000000000000000100000000000000100001000000000
0000000000000100000000000000000100100000000000000100000000000000
0000000000000011000000000000000000000000000000000100000100000000
0000000000000011100000000000000000000000000000000100000100000000
