0000000000000000000000000000000000000000000000000000000000000000
0000000000000000000000000000000000000000000000000000000000000000
0000000000000000000000000000000000000000000000000000000000000000
0000000000000000000000000000000000000000000000000000000000000000
0000000000000000000000000000000000000000000000000000000000000000
0000000000000000000000000000000000000000000000000000000000000000
0000000000000000000000000000000000000000000000000000000000000000
0000000000000000000000000000000000000000000000000000000000000000
0000000000000100000000000000000011000000000000000001110000000000
0000000000011110000000000000000111100000000000000001111000000000
0000000000001111000000000000000011100000000000000011110000000000
0000000000000110000000000000001111100000000000110111110000000000
0000000000001110000000000000100011100000000000000011100000000000
0000000000000111000000000000000011100000000000000011100000000000
0011111110001111100000000000000111100000000000000111100000000000
0000000111111111100000000000000111110000000000001111110000000000
0000000000001111110000000000001111110000000000011111110000000000
0000000000001111111000000000000110110000000000011111111000000000
0000000000001100000000000000000100000000000000000010001000000000
0000000000000100000000000000000000010000000000000100001000000000
0000000000000010000000000000000100010000000000000100001000000000
0000000000000001100000000000000000000000000000000100001000000000
0000000000000111000000000000000000000000000000000110001000000000
0000000000000000000000000000000000000000000000000000000000000000
