0000000000000000000000000000000000000000000000000000000000000000
0000000000000000000000000000000000000000000000000000000000000000
0000000000000000000000000000000000000000000000000000000000000000
0000000000000000000000000000000000000000000000000000000000000000
0000000000000000000000000000000000000000000000000000000000000000
0000000000000000000000000000000000000000000000000000000000000000
0000000000000000000000000000000000000000000000000000000000000000
0000000000000000000000000000000000000000000000000000010000000000
0000000000000110000000000000000111100000000000000001111000000000
0000000000011111000000000000000011100000000000000001110000000000
0000000000000111000000000000000011100000000001000111110000000000
0000000000000110000000000000001111110000000000100011110000000000
0000000000001111000000000000000001100000000000000011100000000000
0001100000000111000000000000000001110000000000000011100000000000
0001111111110011100000000000000111110000000000000111100000000000
0000000011111111110000000000001111110000000000001111110000000000
0000000000001111110000000000001111110000000000011111110000000000
0000000000000111111000000000000000100000000000000111111000000000
0000000000001100000000000000000100000000000000000000001000000000
0000000000000100000000000000000100010000000000000100001000000000
0000000000000001000000000000000100000000000000000100001000000000
0000000000000001110000000000000000000000000000000100001000000000
0000000000000010000000000000000000000000000000000110000000000000
0000000000000000000000000000000000000000000000000000000000000000
