0000000000000000000000000000000000000000000000000000000000000000
0000000000000000000000000000000000000000000000000000000000000000
0000000000000000000000000000000000000000000000000000000000000000
0000000000000000000000000000000000000000000000000000000000000000
0000000000000000000000000000000000000000000000000000000000000000
0000000000000000000000000000000000000000000000000000000000000000
0000000000000000000000000000000000000000000000000000000000000000
0000000000000011000000000000000001111000000000000000110000000000
0000000000000111100000000000000001111000000000000001111000000000
0000000000000011100000000000000001111000000000000001110000000000
0000000000000011100000000000000001111100000001001111111000000000
0000000000000111100000000000000000011000000000000111110000000000
0000000000000111110000000000000000111000000000000011110000000000
0111111111111001110000000000000001111000000000000011110000000000
0000000111111011111000000000000111111000000000000111110000000000
0000000000011111111100000000000011111000000000001111111000000000
0000000000000111111100000000000010001000000000001111111000000000
0000000000000011000000000000000000001000000000000010010000000000
0000000000000011000000000000000000000000000000000010000000000000
0000000000000001100000000000000100001000000000000100010000000000
0000000000000001010000000000000000000000000000000100010000000000
0000000000000010010000000000000000000000000000000100010000000000
0000000000000000000000000000000000000000000000000000000000000000
0000000000000000000000000000000000000000000000000000000000000000
