0000000000000000000000000000000000000000000000000000000000000000
0000000000000000000000000000000000000000000000000000000000000000
0000000000000000000000000000000000000000000000000000000000000000
0000000000000000000000000000000000000000000000000000000000000000
0000000000000000000000000000000000000000000000000000000000000000
0000000000000000000000000000000000000000000000000000000000000000
0000000000000000100000000000000000111000000000000000000000000000
0000000000000011100000000000000000111000000000000000110000000000
0000000000000011110000000000000000111111100000000001111000000000
0000000000000001100000000000000000111100000000000001110000000000
0000000000000011100000000000000000011100000001000011110000000000
0000000000000011110000000000000000011100000000000111110000000000
0000100000000111110000000000000000111100000000000001110000000000
0001111111111001110000000000000001111100000000000001110000000000
0000000011111111111100000000000111111100000000000111110000000000
0000000000001111111110000000000011001000000000001111111000000000
0000000000000011111000000000000010000000000000001111111100000000
0000000000000011100000000000000000000000000000000011010000000000
0000000000000001100000000000000100000000000000000010010000000000
0000000000000001110000000000000000001000000000000000010000000000
0000000000000000010000000000000000000000000000000100010000000000
0000000000000000010000000000000000000000000000000010000000000000
0000000000000000000000000000000000000000000000000000000000000000
0000000000000000000000000000000000000000000000000000000000000000
