0000000000000000000000000000000000000000000000000000000000000000
0000000000000000000000000000000000000000000000000000000000000000
0000000000000000000000000000000000000000000000000000000000000000
0000000000000000000000000000000000000000000000000000000000000000
0000000000000000000000000000000000000000000000000000000000000000
0000000000000000000000000000000000000000000000000000000000000000
0000000000000000110000000000000000111000000000000000000000000000
0000000000000011110000000000000000111000000000000000110000000000
0000000000000001110000000000000000111001100000000001111000000000
0000000000000001110000000000000000011100000000000000111000000000
0000000000000011110000000000000000011100000000100111111000000000
0000000000000011110000000000000000011100000000000111110000000000
0111110000001101110000000000000000111110000000000001110000000000
0000011111111001111000000000000001111110000000000001110000000000
0000000000111111111100000000000011111110000000000111110000000000
0000000000000111111111000000000001000100000000001111111000000000
0000000000000011110000000000000010000100000000000111111000000000
0000000000000011100000000000000000000000000000000001010000000000
0000000000000001100000000000000000000000000000000010010000000000
0000000000000000110000000000000000000000000000000000010000000000
0000000000000000001000000000000000000000000000000100010000000000
0000000000000000000000000000000000000000000000000000000000000000
0000000000000000000000000000000000000000000000000000000000000000
0000000000000000000000000000000000000000000000000000000000000000
