0000000000000000000000000000000000000000000000000000000000000000
0000000000000000000000000000000000000000000000000000000000000000
0000000000000000000000000000000000000000000000000000000000000000
0000000000000000000000000000000000000000000000000000000000000000
0000000000000000000000000000000000000000000000000000000000000000
0000000000000000010000000000000000111000000000000000000000000000
0000000000000011110000000000000000111000000000000000011100000000
0000000000000001111000000000000000111001100000000000111110000000
0000000000000000110000000000000000011100000000000000011100000000
0000000000000011110000000000000000011100000000000001111110000000
0000000000000011110000000000000000011100000000001100011111000000
0011110000000001110000000000000000011110000000000000011100000000
0000011111110001111000000000000000111110000000000000111100000000
0000000001111111111100000000000000111111000000000011111100000000
0000000000000011111110000000000000100100000000000111111100000000
0000000000000010111000000000000000000100000000000001111000000000
0000000000000010010000000000000001000000000000000001001000000000
0000000000000000110000000000000001000000000000000000000000000000
0000000000000000011000000000000000000000000000000000000000000000
0000000000000000101000000000000000000000000000000100001000000000
0000000000000000000000000000000000000000000000000000000000000000
0000000000000000000000000000000000000000000000000000000000000000
0000000000000000000000000000000000000000000000000000000000000000
0000000000000000000000000000000000000000000000000000000000000000
