0000000000000000000000000000000000000000000000000000000000000000
0000000000000000000000000000000000000000000000000000000000000000
0000000000000000000000000000000000000000000000000000000000000000
0000000000000000000000000000000000000000000000000000000000000000
0000000000000000000000000000000000000000000000000000000000000000
0000000000000001000000000000000000011100000000000000001111000000
0000000000000011100000000000000000111000000000000000001111000000
0000000000000011110000000000000000111000000000000000001111000000
0000000000000001100000000000000000011110100000000000011111100110
0000000000000011110000000000000000011000000000000000001111000000
0000000000000011110000000000000000111000000000000000000111000000
0001111111100001110000000000000000111100000000000000001111000000
0000000111111111111000000000000000111110000000000000011111000000
0000000000011111111110000000000001111111000000000001111111000000
0000000000000001111111000000000000100100000000000000111110000000
0000000000000011100000000000000000000000000000000000000010000000
0000000000000011100000000000000000000000000000000000000000000000
0000000000000000010000000000000000000000000000000010000100000000
0000000000000000011000000000000000000000000000000100000100000000
0000000000000000111100000000000000000000000000000000000100000000
0000000000000000000000000000000000000000000000000000000000000000
0000000000000000000000000000000000000000000000000000000000000000
0000000000000000000000000000000000000000000000000000000000000000
0000000000000000000000000000000000000000000000000000000000000000
