0000000000000000000000000000000000000000000000000000000000000000
0000000000000000000000000000000000000000000000000000000000000000
0000000000000000000000000000000000000000000000000000000000000000
0000000000000000000000000000000000000000000000000000000000000000
0000000000000000000000000000000000000000000000000000000100000000
0000000000000001000000000000000000011100000000000000001111000000
0000000000000111100000000000000000011000000000000000001111000000
0000000000000011110000000000000000111000000000000000001111010000
0000000000000001100000000000000000011111100000000000001111100000
0000000000000011110000000000000000011000000000000000000111100000
0000110000000001110000000000000000111000000000000000000111000000
0000111111100001110000000000000000111100000000000000001111000000
0000000001111111111000000000000001111110000000000000011111100000
0000000000000111111100000000000001111110000000000000111111100000
0000000000000001111111000000000000100100000000000000110010000000
0000000000000011100000000000000000000000000000000000100010000000
0000000000000001100000000000000000100100000000000001000000000000
0000000000000000010000000000000000000000000000000010000100000000
0000000000000000011000000000000000000000000000000010000100000000
0000000000000000000000000000000000000000000000000000000000000000
0000000000000000000000000000000000000000000000000000000000000000
0000000000000000000000000000000000000000000000000000000000000000
0000000000000000000000000000000000000000000000000000000000000000
0000000000000000000000000000000000000000000000000000000000000000
