0000000000000000000000000000000000000000000000000000000000000000
0000000000000000000000000000000000000000000000000000000000000000
0000000000000000000000000000000000000000000000000000000000000000
0000000000000000000000000000000000000000000000000000000000000000
0000000000000000000000000000000000001000000000000000000100000000
0000000000000011000000000000000000011100000000000000001111000000
0000000000000111100000000000000000011000000000000000001111000000
0000000000000011100000000000000000111110000000000000001111111111
0000000000000011100000000000000000111111000000000000001111100000
0000000000000011110000000000000000111000000000000000000111100000
0011111000000001110000000000000000111000000000000000000111000000
0000001111110011111000000000000001111100000000000000001111000000
0000000000111111111100000000000001111110000000000000011111000000
0000000000000001111110000000000001101100000000000000111111100000
0000000000000001110000000000000001000100000000000000010010000000
0000000000000011100000000000000001000000000000000000000010000000
0000000000000000010000000000000000000100000000000000000000000000
0000000000000000001000000000000000000000000000000010000100000000
0000000000000000001100000000000000000000000000000000000100000000
0000000000000000000000000000000000000000000000000000000000000000
0000000000000000000000000000000000000000000000000000000000000000
0000000000000000000000000000000000000000000000000000000000000000
0000000000000000000000000000000000000000000000000000000000000000
0000000000000000000000000000000000000000000000000000000000000000
