0000000000000000000000000000000000000000000000000000000000000000
0000000000000000000000000000000000000000000000000000000000000000
0000000000000000000000000000000000000000000000000000000000000000
0000000000000000000000000000000000000011100000000000000000000000
0000000000000000000000000000000000011111111111111111110000000000
0000000000000000000000000000000000001111111111111111111100000000
0000000000000000000000000000000000001111111111111111111110000000
0000000000000000000000000000000000111111111111111111111110000000
0000000000000000000000000000000001111111111111111111111111000000
0000000000000000000000000000000011111111111111111111111111100000
0000000000000000000000000000000011111111111111111111111111100000
0000000000000000000000000000000011111111111111111111111111100000
0000000000000000000000000000000011111111111111111111111111100000
0000000000000000000000000000000000001111111111111111111111100000
0000000000000000000000000000000000000111111111111111111111100000
0000000000000000000000000000000000000111111111111111111111100000
0000000000000000000000000000000000000111111111111111111111100000
0000000000000000000000000000000000011110000001111111111111000000
0000000000000000000000000000000000011100000000111111111111100000
0000000000000000000000000000000000110000000000111111111111111000
0000000000000000000000000000000000100000000000111111111111111100
0000000000000000000000000000000001000000000001111111111111111111
0000000000000000000000000000000000000000000011111111111111111111
0000000000000000000000000000000000000000000011111111111111111111
