0000000000000000000000000000000000000000000000000000000000000000
0000000000000000000000000000000000000000000000000000000000000000
0000000000000000000000000000000000000000000000000000000000000000
0000000000000000000000000000000000100000000000000000000000000000
0000000000000011000000000000000001110000000000000000000111000000
0000000000000111100000000000000001110000000000000000001111000000
0000000000000011100000000000000011111000000000000000000111000000
0000000000000011000000000000000011111100000000000000001111101110
0000000000000111100000000000000011100000000000000000000111100000
0000000000000011100000000000000011110000000000000000000111000000
0001111111000011110000000000000011111000000000000000001111000000
0000000111111111111000000000000011111110000000000000011111000000
0000000000011111111100000000000011011000000000000000111111100000
0000000000000011110000000000000010000000000000000000111111000000
0000000000000011100000000000000000000000000000000000010010000000
0000000000000000100000000000000010000100000000000000000000000000
0000000000000000011000000000000000000000000000000000000100000000
0000000000000000001000000000000000000000000000000001000100000000
0000000000000000011100000000000000000000000000000000000000000000
0000000000000000000000000000000000000000000000000000000000000000
0000000000000000000000000000000000000000000000000000000000000000
0000000000000000000000000000000000000000000000000000000000000000
0000000000000000000000000000000000000000000000000000000000000000
0000000000000000000000000000000000000000000000000000000000000000
