0000000000000000000000000000000000000000000000000000000000000000
0000000000000000000000000000000000000000000000000000000000000000
0000000000000000000000000000000000000000000000000000000000000000
0000000000000010000000000000000011100000000000000000000000000000
0000000000001111000000000000000011100000000000000000000100000000
0000000000000111100000000000001111100000000000000000001111000000
0000000000000011000000000000000111100000000000000000001110000000
0000000000000111000000000000000111000000000000000000001110000000
0000000000000111000000000000000111000000000000000000001111000110
0001110000000011000000000000000111100000000000000000001110000000
0000111111000111110000000000000111110000000000000000011100000000
0000000011111111111000000000000111111100000000000000111110000000
0000000000011111111000000000000100000000000000000001111111000000
0000000000000011100000000000000000001000000000000011111111000000
0000000000000001100000000000000000000000000000000000011100000000
0000000000000000110000000000000010000000000000000000000100000000
0000000000000000011000000000000000000000000000000000000000000000
0000000000000001001100000000000000000000000000000001001000000000
0000000000000000010000000000000000000000000000000000000000000000
0000000000000000000000000000000000000000000000000000000000000000
0000000000000000000000000000000000000000000000000000000000000000
0000000000000000000000000000000000000000000000000000000000000000
0000000000000000000000000000000000000000000000000000000000000000
0000000000000000000000000000000000000000000000000000000000000000
