0000000000000000000000000000000000000000000000000000000000000000
0000000000000000000000000000000000000000000000000000000000000000
0000000000000000000000000000000000100000000000000000000000000000
0000000000000100000000000000000011100000000000000000000000000000
0000000000011111000000000000100011100000000000000000001110000000
0000000000000111000000000001011111100000000000000000011110000000
0000000000000110000000000000001110000000000000000000011100000000
0000000000001110000000000000000110000000000000000000011111000000
0000000000001110000000000000001110000000000000000001111100011100
1111110000000110000000000000001111000000000000000000111000000000
0001111110011111100000000000011111100000000000000001111000000000
0000000111111111110000000000111111100000000000000001111100000000
0000000000111111100000000000001000100000000000000011111110000000
0000000000000110000000000000000000000000000000000001111100000000
0000000000000110000000000000000000010000000000000001000000000000
0000000000000001000000000000000100000000000000000000001000000000
0000000000000000110000000000000000000000000000000100001000000000
0000000000000000000000000000000000000000000000000010001000000000
0000000000000000000000000000000000000000000000000000000000000000
0000000000000000000000000000000000000000000000000000000000000000
0000000000000000000000000000000000000000000000000000000000000000
0000000000000000000000000000000000000000000000000000000000000000
0000000000000000000000000000000000000000000000000000000000000000
0000000000000000000000000000000000000000000000000000000000000000
