0000000000000000000000000000000000000000000000000000000000000000
0000000000000000000000000000000000000000000000000000000000000000
0000000000000000000000000000000111000000000000000000000000000000
0000000000011100000000000000000111000000000000000000011000000000
0000000000011110000000000101100111000000000000000001111100000000
0000000000001100000000000001001111000000000000000000111000000000
0000000000001100000000000000001110000000000000000000111000000000
0000000000011100000000000000001110000000000000011011111011000000
0000000000001100000000000000001111000000000000000011110000000000
1111110000001110000000000000011111000000000000000011100000000000
0001111111001111000000000000111111000000000000000111110000000000
0000001111111111100000000000011111000000000000000111111000000000
0000000001111111000000000000001000000000000000001111111100000000
0000000000001100000000000000000000000000000000000010010000000000
0000000000000110000000000000001000100000000000000100000000000000
0000000000000001000000000000001000000000000000000000000000000000
0000000000000001100000000000000000000000000000001000010000000000
0000000000000000000000000000000000000000000000000100010000000000
0000000000000000000000000000000000000000000000000000000000000000
0000000000000000000000000000000000000000000000000000000000000000
0000000000000000000000000000000000000000000000000000000000000000
0000000000000000000000000000000000000000000000000000000000000000
0000000000000000000000000000000000000000000000000000000000000000
0000000000000000000000000000000000000000000000000000000000000000
