0000000000000000000000000000000000000000000000000000000000000000
0000000000000000000000000000000000000000000000000000000000000000
0000000000000000000000000000000110000000000000000000000000000000
0000000000010000000000000000001111000000000000000001110000000000
0000000001111100000000000000000111000000000000000011111000000000
0000000000011100000000000011111111000000000000000011110000000000
0000000000011000000000000000011110000000000010001111110000000000
0000000000111000000000000000001110000000000001000111110000000000
0000000000011100000000000000001110000000000000000111000000000000
1111100000011100000000000000011111000000000000001111000000000000
0011111111011111000000000000111111000000000000001111100000000000
0000011111111111100000000000111111000000000000011111110000000000
0000000011111111100000000000000000000000000000011111110000000000
0000000000011000000000000000000001000000000000001000100000000000
0000000000011100000000000000000001000000000000001000010000000000
0000000000000010000000000000001000000000000000000000010000000000
0000000000000011000000000000000000000000000000000000010000000000
0000000000000000000000000000000000000000000000001000010000000000
0000000000000000000000000000000000000000000000000000000000000000
0000000000000000000000000000000000000000000000000000000000000000
0000000000000000000000000000000000000000000000000000000000000000
0000000000000000000000000000000000000000000000000000000000000000
0000000000000000000000000000000000000000000000000000000000000000
0000000000000000000000000000000000000000000000000000000000000000
