0000000000000000000000000000000000000000000000000000000000000000
0000000000000000000000000000000000000000000000000000000000000000
0000000000000000000000000000000100000000000000000000000000000000
0000000000110000000000000000011110000000000000000011110000000000
0000000001111000000000000000001110000000000000000011110000000000
0000000000111100000000000010001111000000000000000011100000000000
0000000000111000000000000010011110000000000110111111100000000000
0000000000111000000000000000001110000000000000001111000000000000
0000000000111000000000000000001110000000000000001110000000000000
1111100000111100000000000000011110000000000000001111000000000000
0111111111011110000000000000111111000000000000011111000000000000
0000111111111111000000000001111111000000000000111111110000000000
0000000111111111100000000000010010000000000000111111100000000000
0000000000011000000000000000000000000000000000001000100000000000
0000000000111000000000000000000000000000000000010000100000000000
0000000000000100000000000000000000000000000000010000000000000000
0000000000000111000000000000000000000000000000010000000000000000
0000000000000000000000000000000000000000000000011000110000000000
0000000000000000000000000000000000000000000000000000000000000000
0000000000000000000000000000000000000000000000000000000000000000
0000000000000000000000000000000000000000000000000000000000000000
0000000000000000000000000000000000000000000000000000000000000000
0000000000000000000000000000000000000000000000000000000000000000
0000000000000000000000000000000000000000000000000000000000000000
