0000000000000000000000000000000000000000000000000000000000000000
0000000000000000000000000000000000000000000000000000000000000000
0000000000000000000000000000000000000000000000000000000000000000
0000000010000000000000000001111000000000000000001111000000000000
0000001111000000000000000000111100000000000000001111100000000000
0000001111100000000000000000111100000000000000001110000000000000
0000000011100000000000000111111100000000001101111111000000000000
0000000111000000000000000000111000000000000000011110000000000000
0000000011100000000000000000011100000000000000111100000000000000
1110000011110000000000000000111100000000000000111100000000000000
1111111101111000000000000001111110000000000001111110000000000000
0111111101111100000000000011111110000000000011111110000000000000
0000111111111110000000000000111100000000000111111111000000000000
0000000011111100000000000000100100000000000000100011000000000000
0000000011100000000000000000100100000000000000100001000000000000
0000000000010000000000000000100000000000000000000001000000000000
0000000000011000000000000000000000000000000000000001000000000000
0000000000011100000000000000000000000000000000100001000000000000
0000000000000000000000000000000000000000000000000000000000000000
0000000000000000000000000000000000000000000000000000000000000000
0000000000000000000000000000000000000000000000000000000000000000
0000000000000000000000000000000000000000000000000000000000000000
0000000000000000000000000000000000000000000000000000000000000000
0000000000000000000000000000000000000000000000000000000000000000
