0000000000000000000000000000000000000000000000000000000000000000
0000000000000000000000000000000000000000000000000000000000000000
0000000000000000000000010000000000000000000000010000000000000000
0000000000000000000000111100000000000000000001111000000000000000
1000000000000000000000111110000000000000000011111000000000000000
1100000000000000000000011100000000000000000001111000000000000000
1100000000000000000000111111000000000110001111110000000000000000
1100000000000000000011111110000000000011010111111000000000000000
1110000000000000001000001111000000000000000111100000000000000000
1111000000000000000000001111000000000000000111100000000000000000
1111000000000000000000011111000000000000000111100000000000000000
0111110000000000000000111111000000000000001111110000000000000000
0111111000000000000001111111100000000000011111110000000000000000
1111111100000000000000011111000000000000111111111000000000000000
1111111100000000000000010001000000000000001111110000000000000000
1110000000000000000000010000000000000000001100010000000000000000
0111000000000000000000010001100000000000001000001000000000000000
0001110000000000000000000000000000000000001000000000000000000000
0001111000000000000000000000000000000000001000010000000000000000
0001100000000000000000000000000000000000001100010000000000000000
0000000000000000000000000000000000000000000000000000000000000000
0000000000000000000000000000000000000000000000000000000000000000
0000000000000000000000000000000000000000000000000000000000000000
0000000000000000000000000000000000000000000000000000000000000000
