0000000000000000000000000000000000000000000000000000000000000000
0000000000000000000000000000000000000000000000000000000000000000
0000000000000000000000100000000000000000000000100000000000000000
0000000000000000000001111000000000000000000111110000000000000000
0000000000000000000001111000000000000000000111111000000000000000
0000000000000000000001111000000000000000000011110000000000000000
0000000000000000000001111110000000011000011111100000000000000000
0000000000000000000110111100000000000000111111110000000000000000
0000000000000000011000011110000000000000001111100000000000000000
1000000000000000000000011110000000000000001111000000000000000000
1100000000000000000000111110000000000000001111000000000000000000
1110000000000000000001111110000000000000011111100000000000000000
1111000000000000000011111110000000000000111111100000000000000000
1111100000000000000001111110000000000001111111110000000000000000
1111110000000000000000100100000000000000111111110000000000000000
1100000000000000000001000010000000000000011000100000000000000000
1000000000000000000001000010000000000000010000110000000000000000
1100000000000000000001100000000000000000010000100000000000000000
0111000000000000000000000000000000000000010000100000000000000000
0111100000000000000000000000000000000000010000110000000000000000
0000000000000000000000000000000000000000011000000000000000000000
0000000000000000000000000000000000000000000000000000000000000000
0000000000000000000000000000000000000000000000000000000000000000
0000000000000000000000000000000000000000000000000000000000000000
