0000000000000000000000000000000000000000000000000000000000000000
0000000000000000000000000000000000000000000000000000000000000000
0000000000000000000110000000000000000000000110000000000000000000
0000000000000000001111100000000000000000011111000000000000000000
0000000000000000001111100000000000000000111111000000000000000000
0000000000000000001111100000000000000000011111000000000000000000
0000000000000000011111110000001100000000011110000000000000000000
0000000000000000011111110000000001111111111110000000000000000000
0000000000000000000011110000000000000111111110000000000000000000
0000000000000000000011110000000000001111111100000000000000000000
0000000000000000000111111000000000000000111100000000000000000000
0000000000000000001111111000000000000001111110000000000000000000
0000000000000000011111111000000000000011111110000000000000000000
0000000000000000111111111000000000000111111110000000000000000000
1000000000000000001100110000000000001111111111000000000000000000
1000000000000000001000010000000000000111111111000000000000000000
0000000000000000001000010000000000000001100110000000000000000000
0000000000000000001000001000000000000001000010000000000000000000
0000000000000000001000011000000000000001000010000000000000000000
0000000000000000000000000000000000000001000010000000000000000000
0000000000000000000000000000000000000001000010000000000000000000
0000000000000000000000000000000000000011100110000000000000000000
0000000000000000000000000000000000000000000000000000000000000000
0000000000000000000000000000000000000000000000000000000000000000
