0000000000000000000000000000000000000000000000000000000000000000
0000000000000000000000000000000000000000000000000000000000000000
0000000000000000000000000000000000000000000000000000000000000000
0000000000000000000000000000000000000000000000011111100000000000
0000000000000000000000000000000000000000000000111111111111110000
0000000000000000000000000000000000000000000011111111111111111100
0000000000000000000000000000000000000000011111111111111111111110
0000000000000000000000000000000000000001111111111111111111111110
0000000000000000000000000000000000000011111111111111111111111111
0000000000000000000000000000000000000111111111111111111111111111
0000000000000000000000000000000000000111111111111111111111111111
0000000000000000000000000000000000000011111111111111111111111111
0000000000000000000000000000000000000000011111111111111111111111
0000000000000000000000000000000000000000011111111111111111111111
0000000000000000000000000000000000000000011111111111111111111111
0000000000000000000000000000000000000000001111111111111111111111
0000000000000000000000000000000000000000001110001111111111111111
0000000000000000000000000000000000000000001110001111111111111111
0000000000000000000000000000000000000000011100000111111111111110
0000000000000000000000000000000000000000010000000111111111111110
0000000000000000000000000000000000000000000000000111111111111111
0000000000000000000000000000000000000000000000001111111111111111
0000000000000000000000000000000000000000000000001111111111111111
0000000000000000000000000000000000000000000000001111111111111111
