0000000000000000000000000000000000000000000000000000000000000000
0000000000000000000000000000000000000000000000000000000000000000
0000000111000000000000000000000000000000000000000000000000000000
0000001111110000000000000000000001100000000000000000000000000000
0000001111111100111000000000000111110000000000000000000000000000
0000000111111111100000000000001111111000000000000000000000000000
0000000111111111100000000000001111111000000000000000000000000000
0000001111111111110000000000000111111100000000000000000000000000
0000000011111100000011000000000011110000000000000000000000000000
0000000001111110000000110000111111110000000000000000000000000000
0000000000111110000000011111111111111000000000000000000000000000
0000000000111110000000000111111111111000000000000000000000000000
0000000001111111000000011111111111111000000000000000000000000000
0000000011111111100000000000000111111000000000000000000000000000
0000000011111111100000000000000111111000000000000000000000000000
0000000111111111110000000000001111111100000000000000000000000000
0000011111111111110000000000011111111100000000000000000000000000
0000000111111111000000000000111111111110000000000000000000000000
0000000100000110000000000001111111111110000000000000000000000000
0000001100000110000000000011111111111111000000000000000000000000
0000001100000010000000000000011111111111000000000000000000000000
0000001000000010000000000000000110111000000000000000000000000000
0000001100000110000000000000000100011000000000000000000000000000
0000010000001100000000000000001100011000000000000000000000000000
