0000000000000000000000000000000000000000000000000000000000000000
0000000000000000000000000000000000000000000000000000000000000000
0000100000000000000000000000000000000000000000000000000000000000
0001111110000000000000000000001100000000000000000000000000000000
0001111111000111100000000000111111000000000000000000000000000000
0000111111111100000000000001111111100000000000000000000000000000
0000111111111100000000000001111111100000000000000000000000000000
0000111111111111000000000000111111100000000000000000000000000000
0001111111110000000000000000011111000000000000000000000000000000
0000001111110000001110000011011111000000000000000000000000000000
0000001111110000000011111111111111100000000000000000000000000000
0000000111110000000001111111111111100000000000000000000000000000
0000001111111000000001111111111111100000000000000000000000000000
0000001111111100000100000000011111100000000000000000000000000000
0000011111111110000000000000011111100000000000000000000000000000
0000011111111111000000000000111111100000000000000000000000000000
0000111111111111000000000001111111110000000000000000000000000000
0001111111111111000000000011111111110000000000000000000000000000
0001111111111000000000000011111111111000000000000000000000000000
0001100000110000000000001111111111111100000000000000000000000000
0001100000010000000000001111111111111100000000000000000000000000
0001100000010000000000000001111111111000000000000000000000000000
0001100000010000000000000000111011100000000000000000000000000000
0001100000011000000000000000110001100000000000000000000000000000
