0000000000000000000000000000000000000000000000000000000000000000
0000000000000000000000000000000000000000000000000000000000000000
0000000000000000000000000000000000000000000000000000000000000000
0111110000000000000000000000110000000000000000000000000000000000
1111110000011100000000000111111100000000000000000000000000000000
1111111111100000000000001111111110000000000000000000000000000000
0111111111100000000000001111111110000000000000000000000000000000
0111111111111000000000000111111110000000000000000000000000000000
1111111111000000000000000011111110000000000000000000000000000000
0011111110000001111000000001111100000000000000000000000000000000
0001111110000000011111111111111100000000000000000000000000000000
0001111110000000011111111111111110000000000000000000000000000000
0000111110000000111111111111111110000000000000000000000000000000
0001111111000001100110000011111110000000000000000000000000000000
0011111111100000000000000001111110000000000000000000000000000000
0011111111110000000000000001111110000000000000000000000000000000
0011111111111100000000000111111111000000000000000000000000000000
0111111111111110000000001111111111000000000000000000000000000000
1111111111111100000000001111111111100000000000000000000000000000
1111111111000000000000011111111111100000000000000000000000000000
1100000110000000000000111111111111110000000000000000000000000000
1100000011000000000000111111111111110000000000000000000000000000
1100000010000000000000000111111111000000000000000000000000000000
1100000011000000000000000011101110000000000000000000000000000000
