0000000000000000000000000000000000000000000000000000000000000000
0000000000000000000000000000000000000000000000000000000000000000
0000000000000000000000000000000000000000000000000000000000000000
1110000000000000000000000111000000000000000000000000000000000000
1111000011100000000001111111110000000000000000000000000000000000
1111111111100000000000111111111000000000000000000000000000000000
1111111100000000000001111111111000000000000000000000000000000000
1111111110000000000000011111111000000000000000000000000000000000
1111111111100000000000001111111000000000000000000000000000000000
1111110000001111100000001111110000000000000000000000000000000000
1111110000000011111111111111110000000000000000000000000000000000
1111110000000011111111111111111000000000000000000000000000000000
1111110000000111111111111111111000000000000000000000000000000000
1111111000001100011000001111111000000000000000000000000000000000
1111111100000000000000000111111100000000000000000000000000000000
1111111110000000000000000111111000000000000000000000000000000000
1111111111000000000000011111111100000000000000000000000000000000
1111111111110000000000111111111100000000000000000000000000000000
1111111111111000000001111111111100000000000000000000000000000000
1111111111100000000001111111111110000000000000000000000000000000
1111111000000000000011111111111110000000000000000000000000000000
0000110000000000000111111111111111000000000000000000000000000000
0000011000000000000111111111111111000000000000000000000000000000
0000011000000000000000011111111000000000000000000000000000000000
