0000000000000000000000000000000000000000000000000000000000000000
0000000000000000000000000000000000000000000000000000000000000000
0000000000000000000001110000000000000000000000000000000000000000
0000000000000000011111111100000000000000000000000000000000000000
0000000000000000011111111110000000000000000000000000000000000000
0111110000000000011111111110000000000000000000000000000000000000
1100000000000000001111111110000000000000000000000000000000000000
1100000000000000001111111110000000000000000000000000000000000000
1111000000000000000111111100000000000000000000000000000000000000
1001111000000001111111111100000000000000000000000000000000000000
0000111111000011111111111110000000000000000000000000000000000000
1000000111011111111111111110000000000000000000000000000000000000
0000000011111000111111111111000000000000000000000000000000000000
0000000000000000000011111111000000000000000000000000000000000000
1000000000000000000011111111100000000000000000000000000000000000
1100000000000000000001111111000000000000000000000000000000000000
1110000000000000000011111111000000000000000000000000000000000000
1111000000000000000111111111100000000000000000000000000000000000
1111110000000000001111111111100000000000000000000000000000000000
1111111100000000011111111111100000000000000000000000000000000000
1111111000000001111111111111100000000000000000000000000000000000
1100000000000011111111111111110000000000000000000000000000000000
1000000000000111111111111111110000000000000000000000000000000000
1000000000000111111111111111110000000000000000000000000000000000
