0000000000000000001100000000000000000000000000000000000000000000
0000000000000111111111000000000000000000000000000000000000000000
0000000000001111111111110000000000000000000000000000000000000000
0000000000000111111111110000000000000000000000000000000000000000
0000000000000111111111110000000000000000000000000000000000000000
0000000000000111111111110000000000000000000000000000000000000000
0000000000000111111111110000000000000000000000000000000000000000
0000000000000011111111111100000000000000000000000000000000000000
0000000000011111111111111100000000000000000000000000000000000000
0000000000111111111111111100000000000000000000000000000000000000
1100000011111111111111110000000000000000000000000000000000000000
1111111110000011111111110000000000000000000000000000000000000000
0001111000000001111111111000000000000000000000000000000000000000
0000000000000000111111111000000000000000000000000000000000000000
0000000000000000111111111100000000000000000000000000000000000000
0000000000000000011111111000000000000000000000000000000000000000
0000000000000000111111111000000000000000000000000000000000000000
0000000000000001111111111100000000000000000000000000000000000000
0000000000000011111111111100000000000000000000000000000000000000
0000000000000111111111111100000000000000000000000000000000000000
0000000000001111111111111100000000000000000000000000000000000000
0000000000011111111111111110000000000000000000000000000000000000
0000000001111111111111111110000000000000000000000000000000000000
0000000111111111111111111110000000000000000000000000000000000000
