0000000000000011111110000000000000000000000000000000000000000000
0000000000011111111111100000000000000000000000000000000000000000
0000000000001111111111100000000000000000000000000000000000000000
0000000000001111111111100000000000000000000000000000000000000000
0000000000001111111111110000000000000000000000000000000000000000
0000000000001111111111111111110000000000000000000000000000000000
0000000000001111111111111111110000000000000000000000000000000000
0011111000011111111111111111100000000000000000000000000000000000
0111110000111111111111111111000000000000000000000000000000000000
0011110011111111111111111000000000000000000000000000000000000000
0001111111111111111111110000000000000000000000000000000000000000
0001111100000111111111110000000000000000000000000000000000000000
0000000000000001111111111000000000000000000000000000000000000000
0000000000000001111111111000000000000000000000000000000000000000
0000000000000000111111111000000000000000000000000000000000000000
0000000000000000111111110000000000000000000000000000000000000000
0000000000000001111111111000000000000000000000000000000000000000
0000000000000011111111111000000000000000000000000000000000000000
0000000000000111111111111100000000000000000000000000000000000000
0000000000001111111111111100000000000000000000000000000000000000
0000000000011111111111111100000000000000000000000000000000000000
0000000000111111111111111100000000000000000000000000000000000000
0000000001111111111111111110000000000000000000000000000000000000
0000000111111111111111111110000000000000000000000000000000000000
