0000000000000000001111100000000000000000000000000000000000000000
0000000000000011111111111100000000000000000000000000000000000000
0000000000000111111111111000000000000000000000000000000000000000
0000000000000011111111111100000000000000000000000000000000000000
0000000001111111111111111100000000011111111100000000000000000000
0000000011110001111111111111111111111111100000000000000000000000
0000000111110000111111111111110000011111000000000000000000000000
0000000011110000111111111111110000111100000000000000000000000000
0000000011111111111111111111111111110000000000000000000000000000
0000000011111111111111111111000000000000000000000000000000000000
0000000001111001111111111111000000000000000000000000000000000000
0000000000000000011111111111000000000000000000000000000000000000
0000000000000000001111111111000000000000000000000000000000000000
0000000000000000001111111111000000000000000000000000000000000000
0000000000000000001111111111000000000000000000000000000000000000
0000000000000000000111111110000000000000000000000000000000000000
0000000000000000001111111110000000000000000000000000000000000000
0000000000000000011111111111000000000000000000000000000000000000
0000000000000000111111111111100000000000000000000000000000000000
0000000000000000111111111111110000000000000000000000000000000000
0000000000000001111111111111110000000000000000000000000000000000
0000000000000001111111111111111000000000000000000000000000000000
0000000000000011111111111111111000000000000000000000000000000000
0000000000000111111111111111111100000000000000000000000000000000
