0000000000000000111111111100000000000000000000000000000000000000
0000000000000001111111111100000000000000000000000000000000000000
0000000000000011111111111100000000000000000000000000000000000000
0000000000000001111111111110000000000000000000000000000000000000
0000000000000001111111111110000000000010100000000000000000000000
0000000000001111111111111110111111111111111111000000000000000000
0000000000011110011111111111111100000111110000000000000000000000
0000000000011110011111111111111100011111000000000000000000000000
0000000000011111111111111111111111111000000000000000000000000000
0000000000111111111111111111000000000000000000000000000000000000
0000000000011100011111111111000000000000000000000000000000000000
0000000000000000001111111111100000000000000000000000000000000000
0000000000000000000111111111100000000000000000000000000000000000
0000000000000000000111111111000000000000000000000000000000000000
0000000000000000000111111111000000000000000000000000000000000000
0000000000000000000111111110000000000000000000000000000000000000
0000000000000000001111111111000000000000000000000000000000000000
0000000000000000011111111111100000000000000000000000000000000000
0000000000000000011111111111110000000000000000000000000000000000
0000000000000000111111111111110000000000000000000000000000000000
0000000000000000111111111111111000000000000000000000000000000000
0000000000000001111111111111111000000000000000000000000000000000
0000000000000001111111111111111100000000000000000000000000000000
0000000000000011111111111111111110000000000000000000000000000000
