0000000000000000000000000000000100000000000000000000000000000000
0000000000000000000000000000001110000000000000000000000000000000
0000000000000000000000000000111111111110000000000000000000000000
0000000000000000000000000111111111111100000000000000000000000000
0000000000000000000000000011111111111100000000000000000000000000
0000000000000000000000000001111111111110000000000000000000000000
0000000000000000000000000001111111111100000000000000000000000000
0000000000000000000000000001111111111000000000000000000000000000
0000000000000000000000000001111111111010000000000000000000000000
0000000000000000000000001001111111111111111111100000010000000000
0000000000000000000000111111111111111111111000000111111111000000
0000000000000000000001111111111111111111111000001111110000000000
0000000000000000000111111101111111111000011111111110000000000000
0000000000000000001110000001111111111000000011110000000000000000
0000000000000000000000000001111111111000000000000000000000000000
0000000000000000000000000001111111111000000000000000000000000000
0000000000000000000000000011111111110000000000000000000000000000
0000000000000000000000000001111111100000000000000000000000000000
0000000000000000000000000011111111110000000000000000000000000000
0000000000000000000000000111111111111000000000000000000000000000
0000000000000000000000000111111111111100000000000000000000000000
0000000000000000000000000111111111111110000000000000000000000000
0000000000000000000000001111111111111111000000000000000000000000
0000000000000000000000001111111111111111000000000000000000000000
