0000000000000000000000000000000000101111000000000000000000000000
0000000000000000000000000000000011111111111000000000000000000000
0000000000000000000000000000000111111111111000000000000000000000
1000000000000000000000000000000011111111111000000000000000000000
1000000000000000000000000000000011111111111000000000000000000000
1110000000000000000000000000000011111111111000000000000000000000
1110000000000000000000000000000111111111111000000000000000000000
1110000000000111110000000000000111111111110000000000000000000000
1111000000000001111000000000111111111111111000000000000000000000
1111000000000000111100000111111111111111111000000000000000000000
1110000000000000001110011111100111111111110000000000000000000000
1100000000000000000111111000000111111111100000000000000000000000
1000000000000000000000000000001111111111000000000000000000000000
1000000000000000000000000000001111111111000000000000000000000000
1100000000000000000000000000001111111111000000000000000000000000
1000000000000000000000000000001111111110000000000000000000000000
1100000000000000000000000000001111111110000000000000000000000000
1110000000000000000000000000001111111111100000000000000000000000
1110000000000000000000000000011111111111110000000000000000000000
1111000000000000000000000000011111111111111000000000000000000000
1111000000000000000000000000011111111111111100000000000000000000
1111000000000000000000000000011111111111111110000000000000000000
1111100000000000000000000000111111111111111111000000000000000000
1111100000000000000000000000111111111111111111110000000000000000
