0000000000000000000000000000000000000000000000000000000000000111
0000000000000000000000000000000000000000000000000000000000000011
0000000000000000000000000000000000000000000000000000001111111111
0000000000000000000000000000000000000000000000000011111111111111
0000000000000000000000000000000000000000000000001111111111111111
0000000000000000000000000000000000000000000000011111111111111111
0000000000000000000000000000000000000000000000111111111111111111
0000000000000000000000000000000000000000000000111111111111111111
0000000000000000000000000000000000000000000000000111111111111111
0000000000000000000000000000000000000000000000000111111111111111
0000000000000000000000000000000000000000000000001111111111111111
0000000000000000000000000000000000000000000000000111111111111111
0000000000000000000000000000000000000000000000000011111111111111
0000000000000000000000000000000000000000000000000010001111111111
0000000000000000000000000000000000000000000000000110001111111111
0000000000000000000000000000000000000000000000000000001111111111
0000000000000000000000000000000000000000000000000000111111111111
0000000000000000000000000000000000000000000000000000111111111111
0000000000000000000000000000000000000000000000000000111111111111
0000000000000000000000000000000000000000000000000000111111111111
0000000000000000000000000000000000000000000000000000111111111111
0000000000000000000000000000000000000000000000000000111111111111
0000000000000000000000000000000000000000000000000001111111111111
0000000000000000000000000000000000000000000000000001111111111111
