0000000000000000000000000000000000000000000000000000000000000000
0000000000000000000000000000000000000000000000011100000000000000
0000000000000000000000000000000000000000001111111111100000000000
0000000000000000000000000000000000001111011111111111110000000000
0000100000000000000000000000000000000111111111111111110000000000
0011111000000000000000000000000000000000111111111111110000000000
1111111110000000000000000000000000000011111111111111110000000000
1111111111000000000000000000000000000001111111111111100000000000
0111111111000000000000000000001111100000111111111111000000000000
0001111111100000000000000000000011100011111111111111100000000000
0000111111000000000000000000000011111111111111111111110000000000
1101111111000000000000000000000011111100111111111111000000000000
1111111111110000000000000000000011110000111111111110000000000000
1111111111100000000000000000000000000000111111111100000000000000
0111111111100000000000000000000000000000111111111100000000000000
0001111111100000000000000000000000000000111111111100000000000000
0000011111110000000000000000000000000000011111111000000000000000
0000011111110000000000000000000000000000011111111100000000000000
0000111111111000000000000000000000000001111111111110000000000000
0001111111111000000000000000000000000001111111111111000000000000
0011111111111000000000000000000000000011111111111111000000000000
0011111111111100000000000000000000000111111111111111100000000000
0111111111111100000000000000000000001111111111111111110000000000
0111111111111110000000000000000000011111111111111111110000000000
