0000000000000000000000000000000000000000000000000000000000000000
0000000000000000000000000000000000000000000000000001000000000000
0000000000000000000000000000000000000000000001111111110000000000
0000000000000000000000000000000000000001100011111111111100000000
0000011000000000000000000000000000000000111111111111111100000000
0000111110000000000000000000000000000000001111111111111100000000
0011111111100000000000000000000000000000001111111111111100000000
0011111111100000000000000000000000000000011111111111111000000000
0001111111110000000000000000000001111100000111111111110000000000
0000011111110000000000000000000000111100011111111111111100000000
0000011111100000000000000000000000111111111111111111111100000000
0011111111110000000000000000000000111111101111111111111000000000
0011111111111000000000000000000000111100001111111111100000000000
1111111111111000000000000000000000000000001111111111100000000000
1000111111111000000000000000000000000000001111111111000000000000
0000011111111100000000000000000000000000001111111111100000000000
0000000111111100000000000000000000000000000111111111000000000000
0000000111111100000000000000000000000000000111111111000000000000
0000011111111110000000000000000000000000001111111111100000000000
0000011111111110000000000000000000000000011111111111110000000000
0000111111111110000000000000000000000000111111111111111000000000
0001111111111110000000000000000000000000111111111111111000000000
0001111111111111000000000000000000000001111111111111111100000000
0011111111111111000000000000000000000011111111111111111100000000
