0000000000000000000000000000000000000000000000000000000000000000
0000000000000000000000000000000000000000000000000000110000000000
0000000000000000000000000000000000000000000000011111111110000000
0000000000000000000000000000000000000000000000111111111111000000
0000000110000000000000000000000000000000001111111111111111000000
0000001111100000000000000000000000000000000111111111111111000000
0000111111111000000000000000000000000000000011111111111111000000
0000111111111100000000000000000000000000000111111111111110000000
0000011111111100000000000000000000111100000011111111111110000000
0000000111111100000000000000000000011110000111111111111111000000
0000000111111000000000000000000000001110111111111111111111000000
0000111111111110000000000000000000001111111001111111111110000000
1100111111111111000000000000000000001111000001111111111100000000
1111111111111110000000000000000000000000000001111111111000000000
1110000111111110000000000000000000000000000001111111111000000000
0000000011111111000000000000000000000000000001111111111000000000
0000000001111111000000000000000000000000000000111111110000000000
0000000001111111000000000000000000000000000001111111111000000000
0000000011111111100000000000000000000000000011111111111100000000
0000000111111111100000000000000000000000000111111111111110000000
0000001111111111100000000000000000000000000111111111111110000000
0000011111111111100000000000000000000000001111111111111111000000
0000111111111111110000000000000000000000011111111111111111000000
0000111111111111110000000000000000000000111111111111111111100000
