0000000000000000000000000000000000000000000000000000000000000000
0000000000000000000000000000000000000000000000000000011110000000
0000000000000000000000000000000000000000000000001111111111110000
0000000000000000000000000000000000000000000000001111111111110000
0000000000110000000000000000000000000000000000000111111111110000
0000000011111100000000000000000000000000000001111111111111111000
0000000111111111000000000000000000000000000001111111111111110000
0000000111111111000000000000000000000000000001111111111111100000
0000000011111111100000000000000000111100000000111111111111100000
0000000001111111000000000000000000011110000001111111111111111000
0000000001111110000000000000000000001110001111111111111111111000
1111100111111111111000000000000000000111111000011111111111100000
1111101111111111110000000000000000000010000000011111111111000000
0111111111111111110000000000000000000000000000011111111111000000
0011100001111111110000000000000000000000000000011111111111000000
0000000000011111111000000000000000000000000000001111111111000000
0000000000001111110000000000000000000000000000001111111110000000
0000000000011111110000000000000000000000000000001111111111000000
0000000000111111111000000000000000000000000000111111111111100000
0000000001111111111000000000000000000000000000111111111111100000
0000000011111111111000000000000000000000000001111111111111110000
0000000111111111111000000000000000000000000001111111111111110000
0000001111111111111000000000000000000000000011111111111111111000
0000001111111111111100000000000000000000000111111111111111111000
