0000000000000000000000000000000000000000000000000000000000000000
0000000000000000000000000000000000000000000000000000000000000000
0000000000000000000000000000000000000000000000000000000000000000
0000000000000000000000000000000000000000000000000000000000000000
0000000000000000000000000111111000000000000000000000000000000111
0000000000000000000000111111111000000111000000000000000000000011
0000000000000000000000011111111001001111100000000000000000000001
0000000000000000000000011111111111111111000000000000000000000001
0000000000000000000000001111111111111000000000000000000000000001
0000000000000000000000011111111111111000000000000000000000000000
0000000000000000000000111111111111111100000011111000000000000000
0000000000000000000000011111111110001100000000011110000011111111
0000000000000000000000000111111110000000000000001110001111111111
0000000000000000000000000011111110000000000000000011111100000011
0000000000000000000000000011111111000000000000000000000000000011
0000000000000000000000000001111110000000000000000000000000000001
0000000000000000000000000011111110000000000000000000000000000001
0000000000000000000000001111111111000000000000000000000000000001
0000000000000000000000001111111111000000000000000000000000000000
0000000000000000000000011111111111000000000000000000000000000011
0000000000000000000000111111111111000000000000000000000000000111
0000000000000000000011111111111111000000000000000000000000001111
0000000000000000000111111111111111000000000000000000000000011111
0000000000000000011111111111111111000000000000000000000001111111
