0000000000000000000000000000000000000000000000000000000000000000
0000000000000000000000000000000000000000000000000000000000000000
0000000000000000000000000000000000000000000000000000000000000000
0000000000000000000000000000000000000000000000000000000000000000
0000000000000000000000000000000000000000000000000000000000000000
1000000000000000000000000000000000011111110000000000000000000000
0000000000000000000000000000000000111111110000000000000110000000
0000000000000000000000000000000001111111110000001110001111000000
1000000000000000000000000000000000011111110000001110000000000000
0000000000000000000000000000000000011111110000011110000000000000
0000000000000000000000000000000000011111110011111110000000000000
0000000000000000000000000000000000111111111111111111100000000000
0000000000000000000000000000000000011111111110000000000000000000
0000000000000000000000000000000000000111111110000000000000000000
0000000000000000000000000000000000000011111110000000000000000000
0000000000000000000000000000000000000011111110000000000000000000
0000000000000000000000000000000000000011111100000000000000000000
0000000000000000000000000000000000000111111110000000000000000000
0000000000000000000000000000000000001111111111000000000000000000
0000000000000000000000000000000000001111111111000000000000000000
0000000000000000000000000000000000001111111111100000000000000000
0000000000000000000000000000000000011111111111100000000000000000
1000000000000000000000000000000000011111111111110000000000000000
1100000000000000000000000000000000111111111111111000000000000000
