0000000000000000000000000000000000000000000000000000000000000000
1000000000000000000000000000000000000000000000000000000000000000
0000000000000000000000000000000000000000000000000000000000000000
1100000000000000000000000000000000000000000000000000000000000000
1111000000000000000000000000000000000001100000000000000000000000
1110000000000000000000000000000000000001111111000000000000000000
1110000000000000000000000000000000000111111111000000000000000000
1111000000000000000000000000000000000011111111000000000000000000
1111000000000000000000000000000000000011111111000000111000111100
1000000000000000000000000000000000000011111110000000111010000100
1000000000000000000000000000000000000011111111001111111000000000
1110000000000000000000000000000000000011111111111111111000000000
1100000000000000000000000000000000000000111111111000000100000000
1000000000000000000000000000000000000000011111111000000000000000
1000000000000000000000000000000000000000011111110000000000000000
1000000000000000000000000000000000000000011111110000000000000000
1000000000000000000000000000000000000000011111100000000000000000
0000000000000000000000000000000000000000111111110000000000000000
1000000000000000000000000000000000000001111111111000000000000000
1110000000000000000000000000000000000001111111111000000000000000
1111000000000000000000000000000000000001111111111100000000000000
1111100000000000000000000000000000000011111111111100000000000000
1111110000000000000000000000000000000011111111111110000000000000
1111111000000000000000000000000000000111111111111110000000000000
