0000000000000000000000000000000000000000000000000000000000000000
0000000000000000000000000000000000000000000000000000000000000000
0001000000000000000000000000000000000000000000000000000000000000
0011100000000000000000000000000000000000000000000000000000000000
1111100000000000000000000000000000000000000000000000000000000000
1111111000000000000000000000000000000000000000001100000000000000
1111111110000000000000000000000000000000000000011111000000000000
1111111110000000000000000000000000000000000001111111110000000000
1111111110000000000000000000000000000000000001111111110000000000
1111111111000000000000000000000000000000000001111111100000000000
1111111111000000000000000000000000000000000011111111000000000000
0111111000000000000000000000000000000000000011111110000000011100
1111111100000000000000000000000000000000000011111111111001111010
1111111110000000000000000000000000000000000001111111111111111000
1111111110000000000000000000000000000000000000111111111001111000
1111111110000000000000000000000000000000000000111111110000000000
1111111110000000000000000000000000000000000000111111100000000000
1111111110000000000000000000000000000000000001111111000000000000
1111111110000000000000000000000000000000000001111111000000000000
1111111100000000000000000000000000000000000011111111100000000000
1111111110000000000000000000000000000000000011111111110000000000
1111111111100000000000000000000000000000000011111111111000000000
1111111111110000000000000000000000000000000011111111111100000000
1111111111111000000000000000000000000000000111111111111110000000
