0000000000000000000000000000000000000000000000000000000000000000
0000000000000000000000000000000000000000000000000000000000000000
0000000011000000000000000000000000000000000000000000000000000000
0000000011100000000000000000000000000000000000000000000000000000
0000001111100000000000000000000000000000000000000000000000000000
0111111111111000000000000000000000000000000000000000000110000000
0011111111111110000000000000000000000000000000000000001111000000
0011111111111100000000000000000000000000000000000001111111111000
0011111111111110000000000000000000000000000000000001111111111000
0001111111111110000000000000000000000000000000000001111111110000
0000111111111110000000000000000000000000000000000011111111000000
0000000111111000000000000000000000000000000000000011111110000000
0000001111111000000000000000000000000000000000000011111111010010
0001111111111110000000000000000000000000000000000111111111111011
0011111111111111000000000000000000000000000000000001111111111111
0011111111111110000000000000000000000000000000000001111111110011
0001111111111110000000000000000000000000000000000011111111000000
1111111111111111000000000000000000000000000000000011111110000000
0011111111111111000000000000000000000000000000000011111110000000
0111111111111110000000000000000000000000000000000111111111000000
1111111111111110000000000000000000000000000000001111111111100000
1111111111111111100000000000000000000000000000001111111111100000
1111111111111111110000000000000000000000000000001111111111110000
1111111111111111111000000000000000000000000000011111111111110000
