0000000000000000000000000000000000000000000000000000000000000000
0000000000000000000000000000000000000000000000000000000000000000
0000000000001100000000000000000000000000000000000000000000000000
0000000000011100000000000000000000000000000000000000000000000000
0000000001111110000000000000000000000000000000000000000000000000
0000011111111111100000000000000000000000000000000000000000011000
0000001111111111110000000000000000000000000000000000000001111100
0000011111111111110000000000000000000000000000000000000111111111
0000001111111111110000000000000000000000000000000000000111111111
0000000111111111111000000000000000000000000000000000001111111110
0000000011111111111000000000000000000000000000000000001111111000
0000000000111111100000000000000000000000000000000000001111110000
0000000000111111100000000000000000000000000000000000011111111110
0000000111111111111000000000000000000000000000000000011111111111
0000001111111111111000000000000000000000000000000000011111111111
0000001111111111111000000000000000000000000000000000011111111111
0000001111111111111000000000000000000000000000000000011111111000
0011111111111111111000000000000000000000000000000000111111100000
1100000011111111111100000000000000000000000000000000111111100000
1110011111111111111000000000000000000000000000000000111111110000
1111111111111111111100000000000000000000000000000001111111111000
1111111111111111111100000000000000000000000000000001111111111100
1111111111111111111111000000000000000000000000000011111111111100
1111111111111111111111000000000000000000000000000011111111111110
