0000000000000000000000000000000000000000000000000000000000000000
0000000000000000000000000000000000000000000000000000000000000000
0000000000000011000000000000000000000000000000000000000000000000
0000000000000110000000000000000000000000000000000000000000000000
0000000000111111100000000000000000000000000000000000000000000000
0000000111111111111000000000000000000000000000000000000000001000
0000000011111111111100000000000000000000000000000000000000111110
0000000111111111111100000000000000000000000000000000000111111111
0000000011111111111100000000000000000000000000000000000011111111
0000000001111111111110000000000000000000000000000000000111111110
0000000000111111111100000000000000000000000000000000000111111100
0000000000001111110000000000000000000000000000000000000111111100
0000000000011111111000000000000000000000000000000000001111111111
0000000011111111111110000000000000000000000000000000001111111111
0000000011111111111110000000000000000000000000000000001111111111
0000000011111111111100000000000000000000000000000000001111111111
0000000011111111111110000000000000000000000000000000011111111000
0011111111111111111110000000000000000000000000000000011111110000
1111000001111111111110000000000000000000000000000000011111110000
1111111111111111111110000000000000000000000000000000111111111100
1111111111111111111111100000000000000000000000000000111111111100
1111111111111111111111100000000000000000000000000000111111111110
1111111111111111111111100000000000000000000000000000111111111111
1111111111111111111111110000000000000000000000000001111111111111
