0000000000000000000000000000000000000000000000000000000000000000
0000000000000000000000000000000000000000000000000000000000000000
0000000000000001100000000000000000000000000000000000000000000000
0000000000000001100000000000000000000000000000000000000000000000
0000000000011111111000000000000000000000000000000000000000000000
0000000001111111111110000000000000000000000000000000000000001100
0000000000111111111110000000000000000000000000000000000000111111
0000000001111111111110000000000000000000000000000000000011111111
0000000000111111111111000000000000000000000000000000000011111111
0000000000011111111111000000000000000000000000000000000011111111
0000000000000111111110000000000000000000000000000000000011111110
0000000000000111111100000000000000000000000000000000000011111110
0000000000011111111111000000000000000000000000000000001111111111
0000000000111111111111100000000000000000000000000000000111111111
0000000000111111111111000000000000000000000000000000000111111111
0000000000111111111111000000000000000000000000000000001111111111
0000000001111111111111000000000000000000000000000000001111111000
0011111111111111111111100000000000000000000000000000001111111000
1111111000111111111111000000000000000000000000000000001111111000
1111111111111111111110000000000000000000000000000000011111111100
1111111111111111111111111100000000000000000000000000011111111110
1111111111111111111111111100000000000000000000000000011111111111
1111111111111111111111111000000000000000000000000000011111111111
1111111111111111111111111100000000000000000000000000111111111111
