0000000000000000000000000000000000000000000000000000000000000000
0000000000000000000000000000000000000000000000000000000000000000
0000000000000000011000000000000000000000000000000000000000000000
0000000000000000111000000000000000000000000000000000000000000000
0000000000111111111110000000000000000000000000000000000000001000
0000000000011111111111100000000000000000000000000000000000001100
0000000000011111111111100000000000000000000000000000000000111111
0000000000011111111111100000000000000000000000000000000011111111
0000000000001111111111110000000000000000000000000000000011111111
0000000000000111111111110000000000000000000000000000000011111111
0000000000000001111110000000000000000000000000000000000001111111
0000000000000001111110000000000000000000000000000000000001111111
0000000000001111111111110000000000000000000000000000001111111111
0000000000011111111111110000000000000000000000000000000111111111
0000000000011111111111110000000000000000000000000000000111111111
0000000000011111111111100000000000000000000000000000000111111110
0000000000111111111111110000000000000000000000000000001111111100
0001111111111111111111110000000000000000000000000000000111111000
0011101111011111111111100000000000000000000000000000001111111100
1111111110011111111111000000000000000000000000000000001111111110
1111111111111111111111111111000000000000000000000000001111111111
1111111111111111111111111111000000000000000000000000001111111111
1111111111111111111111111111000000000000000000000000001111111111
1111111111111111111111111110000000000000000000000000011111111111
