0000000000000000000000000000000000000000000000000000000000000000
0000000000000000000100000000000000000000000000000000000000000000
0000000000000000001101000000000000000000000000000000000000000000
0000000000000000011110000000000000000000000000000000000000000000
0000000000001111111111100000000000000000000000000000000000001000
0000000000000111111111111000000000000000000000000000000000011110
0000000000000111111111110000000000000000000000000000000001111111
0000000000000111111111111000000000000000000000000000000001111111
0000000000000011111111111000000000000000000000000000000001111111
0000000000000001111111111000000000000000000000000000000001111111
0000000000000000011111000000000000000000000000000000000001111111
0000000000000000111111100000000000000000000000000000000001111111
0000000000000111111111111100000000000000000000000000000111111111
0000000000000111111111111000000000000000000000000000000011111111
0000000000000111111111111000000000000000000000000000000011111111
0000000000001111111111111000000000000000000000000000000111111110
0000000000001111111111111000000000000000000000000000000111111100
0000011111111111111111111000000000000000000000000000000111111100
0001110111101111111111110000000000000000000000000000000111111110
1111111111000111111111100000000000000000000000000000001111111111
1111111111111111111111111111111000000000000000000000001111111111
1111111111111111111111111111111000000000000000000000001111111111
1111111111111111111111111111110000000000000000000000001111111111
0111111111111111111111111111100000000000000000000000001111111111
