0000000000000000000000000000000000000000000000000000000000000000
0000000000000000000000000000000000000000000000000000000000000000
0000000000000000000000000000001100000000000000000000000000000000
0000000000000000000000000000001100000000000000000000000000000000
0000000000000000000000000001111111000000000000000000000000000000
0000000000000000000000000111111111110000000000000000000001111100
0000000000000000000000000011111111110000000000000000000001110111
0000000000000000000000000111111111110000000000000000000000000111
0000000000000000000000000001111111111000000000000000000000000110
0000000000000000000000000001111111111000000000000000000000001100
0000000000000000000000000000011111000000000000000000000000011101
0000000000000000000000000000011110000000000000000000000000111111
0000000000000000000000000011111111110000000000000000000000000000
0000000000000000000000000111111111110000000000000000000000000001
0000000000000000000000001111111111110000000000000000000000000001
0000000000000000000000011111111111110000000000000000000000000000
0000000000000000000000111111111111110000000000000000000000000000
0000000000000000001111000111111111110000000000000000000000000001
1111111000010011111100000111111110000000000000000000000000000011
1111111111111111111111111111111110000000000000000000000000000111
1111111111111111111111111111111111000000000000000000000000001111
0000111111111111111111111111111111111111111111111110000000011111
0000000000111111111111111111111111111111111111111110000001111111
0000000000000000111111111111111111111111111111111100000011111111
