0000000000000000000000000000000000000000000000000000000000000000
0000000000000000000000000000000000000000000000000000000000000000
0000000000000000000000000000000011000000000000000000000000000000
0000000000000000000000000000000110000000000000000000000000000000
0000000000000000000000000000111111100000000000000000000000000000
0000000000000000000000000011111111111000000000000000000000000000
0000000000000000000000000001111111111100000000000000000000000000
0000000000000000000000000011111111111100000000000000000000000001
0000000000000000000000000001111111111110000000000000000000000111
0000000000000000000000000000111111111110000000000000000000000011
0000000000000000000000000000011111111100000000000000000000000000
0000000000000000000000000000001111100000000000000000000000000001
0000000000000000000000000001111111110000000000000000000000000000
0000000000000000000000000011111111111100000000000000000000000000
0000000000000000000000000111111111111100000000000000000000000000
0000000000000000000000001111111111111100000000000000000000000000
0000000000000000000000111111111111111100000000000000000000000000
0000000000000000001111000011111111111100000000000000000000000000
0001110000000011110000000001111111111100000000000000000000000000
1111111111000100000000000011111111111100000000000000000000000000
1111111111111111111111111111111111111000000000000000000000000001
1111111111111111111111111111111111111100000000000000000000000011
0001111111111111111111111111111111111110000000000111100000001111
0000000011111111111111111111111111111111111111111111111000000111
