0000000000000000000000000000000000000000000000000000000000000000
0000000000000000000000000000000000000000000000000000000000000000
0000000000000000000000000000000000000000000000000000000000001111
0000000000000000000000000000000000000000000000000000000000111111
0000000000000000000000000000000000000000000000000000000001111111
0000000000000000000000000000000000000000000000000000000001111111
0000000000000000000000000000000000000000000000000000000000111111
0000000000000000000000000000000000000000000000000000000001111111
0000000000000000000000000000000000000000000000000000000011111111
0000000000000000000000000000000000000000000000000000000011111111
0000000000000000000000000000000000000000000000000000000001111111
0000000000000000000000000000000000000000000000000000000000011111
0000000000000000000000000000000000000000000000000000000000011111
0000000000011110000000000000000000000000000000010000001111111111
0000000001111111110000011100000000000000000001111111111111111111
0000000000111111110000111111111111111111111111111111111111111111
0000000000000000000000111111111111111111111111111111111111111111
0000000000000000000000111111111111111111111000001111111111111111
0000000000000000000000011111111111111111110000001111111111111111
0000000000000000000000011111111111111111111000001111111111111111
0000000000000000000000011111111111111111111100011111111111111111
0000000000000000000000011111111111111111111100011111111111111111
0000000000000000000000011111111111111111111110011111111111111111
0000000000000000000000011111111111111111111110011111111111111111
