0000000000000000000000000000000000000000000000000000000000000000
0000000000000000000000000000000000000000000000000000000000000000
0000000000000000000000000000000000000000000000000000000000000000
0000000000000000000000000000000010000000000000000000000000000000
0000000000000000000000000000000110000000000000000000000000000000
0000000000000000000000000000011111000000000000000000000000000000
0000000000000000000000000111111111110000000000000000000000000000
0000000000000000000000000011111111111100000000000000000000000000
0000000000000000000000000011111111111000000000000000000000000000
0000000000000000000000000011111111111100000000000000000000000000
0000000000000000000000000001111111111110000000000000000000000011
0000000000000000000000000000111111111100000000000000000000000001
0000000000000000000000000000011111100000000000000000000000000001
0000000000000000000000000000011111100000000000000000000000000000
0000000000000000000000000011111111111100000000000000000000000000
0000000000000000000000000111111111111000000000000000000000000000
0000000000000000000000001111111111111100000000000000000000000000
0000000000000000000000111111111111111100000000000000000000000000
0000000000000000111111000011111111111100000000000000000000000000
1111111011111111000000000001111111111110000000000000000000000000
1111111111111111000000000011111111111110000000000000000000000000
1111111111111111111111111111111111111100000000000000000000000001
1111111111111111111111111111111111111100000000000000000000000111
0000111111111111111111111111111111111111110000000111111000000111
