0000000000000000000000000000000000000000000000000000000000000000
0000000000000000000000000000000000000000000000000000000000000000
0000000000000000000000000000000000000000000000000000000000000111
0000000000011111110000000000000000000000000000000000000000111111
0000000000011111111100000000000000000000000000000000000001111111
0000000000001111111000000000000000000000000000000000000011111111
0000000000000001110000000000000000000000000000000000000001111111
0000000000000000000000000000000000000000000000000000000011111111
0000000000000000000001111110000000000000000000000000001111111111
0000000000000000000001111111110000000000000000000000001111111111
0000000000000000000001111111111110000000000000000000000111111111
0000000000000000000011111111111111110000000000110000000001111111
0000000000000000000011111111111111111111111111110000000001111111
0000000000000000000111111111111111111111111111111111111111111111
0000000000000000001111111111111111111111000111111111111111111111
0000000000000000001111111111111111111110000000000111111111111111
0000000000000000011111111111111111111110000000001111111111111111
0000000000000000111111111111111111111111000000001111111111111111
0000000000000001111111111111111111111111000000011111111111111111
0000000000000001111111111111111111111111000000111111111111111111
0000000000000000000011111111111111111111000000111111111111111111
0000000000000000000000000000011111111110000001111111111111111111
0000000000000000000000000000000000000000000000111111111111111111
0000000000000000000000000000000000000000000000111111111111111111
