0000000000000000000000000000000000000000000000000000000000000000
0000000000000000000000000000000000000010000000000000000000000000
0000000000000000000000000000000000000110001100000000000000000000
0000000000000000000000000000000000000111000000000000000000000000
0000000000000000000000000000000000011111111000000000000000000000
0000000000000000000000000000000111111111111111000000000000000000
0000000000000000000000000000000111111111111110000000000000000000
0000000000000000000000000000000001111111111110000000000000000000
0000000000000000000000000000000001111111111111000000000000000000
0000000000000000000000000000000011111111111111100000000000000000
0000000000000001000000000000000011111111111111100000000000000000
0000000000000000111100000000000001111111111111000000000000000000
0000000000000000001110000000000000011111111000000000000000000000
0000000000000000001111100000000000011111111000000000000000000000
0000000000000000000111100000001111111111111111110000000000000000
0000000000000000000111100011111111111111111111110000000000000000
0000000000000000000111111111111111111111111111110000000000000000
0000000000000000000011111000000011111111111111110000000000000000
0000000000000000000000000000000011111111111111110000000000000000
0000000000000000000000000000000011111111111111110000000000000000
1111111110000000000000000000000011111111111111110000000000000000
1111111111100000000000000000000001111111111111110000000000000000
1111111111111111110000000000000001111111111111100000000000000000
1111111111111111111111111111111111111111111110000000000000000000
