0000000000000000000000000000000000000000000000000000000000000000
0000000000000000000000000000000000000001100000000000000000000000
0000000000000000000000000000000000000001110001000000000000000000
0000000000000000000000000000000000000001111000000000000000000000
0000000000000000000000000000000000000111111111111000000000000000
0000000000000000000000000000000000001111111111111100000000000000
0000000000000000000000000000000001111111111111111000000000000000
0000000000000000000000000000000000011111111111111100000000000000
0000000000000000000000000000000000001111111111111110000000000000
0000000000000000000000000000000000001111111111111111000000000000
0000000000000000000000000000000000001111111111111111000000000000
0000000000000000000000000000000000001111111111111110000000000000
0000000000000010011110000000000000000001111111110000000000000000
0000000000000000001111110000000000000000111111110000000000000000
0000000000000000000111111000000000011111111111111111100000000000
0000000000000000000011111000000111111111111111111111111000000000
0000000000000000000001111100111111111111111111111111111000000000
0000000000000000000000111111111100001111111111111111111000000000
0000000000000000000000001100000000000111111111111111111000000000
0000000000000000000000000000000000000111111111111111111000000000
0000001111110000000000000000000000000111111111111111111100000000
1111111111111000000000000000000000000011111111111111111100000000
1111111111111111111100000000000000000001111111111111111100000000
1111111111111111111111111110000000000011111111111111111000000000
