0000000000000000000000000000000000000000000000000000000000000000
0000000000000000000000000000000000000000000000000000000000000000
0000000000000000000000000000000000000000000000000000001111001110
0000000000000000000000000000000000000000000000000000000111000000
0000000000000000000000000000000000000000000000000000001111111100
0000000000000000000000000000000000000000000000000000011111111111
0000000000000000000000000000000000000000000000000001111111111111
0000000000000000000000000000000000000000000000000111111111111111
0000000000000000000000000000000000000000000000000001111111111111
0000000000000000000000000000000000000000000000000000111111111111
0000000000000000000000000000000000000000000000000001111111111111
0000000000000000000000000000000000000000000000000001111111111111
0000000000000000000000000000000000000000000000000000111111111111
0000000000000000000000000000000111000000000000000000011111111111
0000000000000000000000000011111111111110000000000000000111111111
0000000000000000000000000000000001111111000000000000000011111111
0000000000000000000000000000000000111111000000001111111111111111
0000000000000000000000000000000000011111100001111111111111111111
0000000000000000000000000000000000001111111111111111111111111111
0000000000000000000000000000000000001111111111110000111111111111
0000000000000000000000000000000000000011111000000000001111111111
0000000000000000000000000000000000000000000000000000001111111111
0000000000000000001111100000000000000000000000000000000111111111
0000011111111111111111111000000000000000000000000000000111111111
