0000000000000000000000000000000000000000000000000000000000000000
0000000000000000000000000000000000000000000000000000000000000000
0000000000000000000000000000000000000000000000000000000000000000
0000000000000000000000000000000000000000000000000000000000000000
0000000000000000000000000000000000000000000000000000000000000000
0000000000000000000000000000000000000000000000000000000000000000
0000000000000000000000000000000000000000000000000000000000000000
0000000000000000000000000000000000000000000000000000000000000000
0000000000000000000000000000000000000000000000000000000000000000
0000000000000000000000000000000000000000000000000000000000000000
0000000000000000000000000000000000000000000000010000000000000000
0000000000000000000000000000000000011000000000111000000000000000
0000000000000000000000000000000000111100000001111000000000000000
0000000000000000000000000000000001111110000001111000000000000000
0000000000000000000000000000000001111111000001111000000000000000
0000000000000000000000000000000011111111111111111000000000000000
0000000000000000000000000000000111111111111111111000000000000000
0000000000000000000000000000001111111111111111111100000000000001
0000000000000000000000000000011111111111111111111100000000000001
0000000000000000000000000000111111111111111111111100000000000001
0000000000000000000000000000111111111111111111111110000000000001
0000000000000000000000000000111111111111111111111110000000001111
0000000000000000000000000000011111111111111111111111111111001111
0000000000000000000000000000000000000011111111111111111111100011
