0000000000000000000000000000000000000000000000000000000000000000
0000000000000000000000000000000000000000000000000000000000000000
0000000000000000000000000000000000000000000000000000000000000000
0000000000000000000000000000000000000000000000000000000000000000
0000000000000000000000000000000000000000000000000000000000000000
0000000000000000000000000000000000000000000000000000000000000000
0000000000000000000000000000000000000000000000000000000000000000
0000000000000000000000000000000000000000000000000000000000000000
0000000000000000000000000000000000000000000000000000000000000000
0000000000000000000000000000000000000000000000000000000000000000
0000000000000000000000000000000000000000000000000000000000000000
0000000000000000000000000000000000000000000000000000000000000000
0000000000000000000000000000000000000000000000000000000000000000
0000000000000000000000000000000000000000000000000000000000000000
0000000000000000000000000000000000000000000000000000000000000000
0000000000000000000000000000000000000000000000000000000000000000
0000000000000000000000000000000000000000000000000010000000000000
0000000000000000000000000000000000000000000000000110000000000000
0000000000000000000000000000000000000000011100001110000000000000
0000000000000000000000000000000000000000111110011100000000000000
0000000000000000000000000000000000000011111111111110000000000000
0000000000000000000000000000000000000111111111111110000000000000
0000000000000000000000000000000000011111111111111110000000000000
0000000000000000000000000000000001111111111111111110000000000000
