0000000001111111111000111111111111111111110001111111111000000000
0000001111111111110001111111111111111111111000111111111110000000
0000001111111111100001111111111111111111111000011111111111000000
0000000111111111000000111111111111111111110000001111111111000000
0000000011111111000000111111111111111111110000001111111111100000
0000000001111111100001111111111111111111111000011111111111100000
0000000011111111100000011111111111111111100000011111111111000000
0000000111111111000000000111111111111110000000011111111111000000
0000001111111111000000000001111111111000000000001111111111000000
0000000111111110000000000000111111110000000000000111111111110000
0000000011111100000000000000001111000000000000000011111111111000
0000000001111100000000000000000110000000000000000011111111111110
0000000000011100000000000000000000000000000000000011111111111110
0000000000000000000000000000000000000000000000000011111110001100
0000000000000000000000000000000000000000000000000011111110000000
0000000000000000000000000000000000000000000000000011111110000000
0000000000000000000000000000000000000000000000000011111110000000
0000000000000000000000000000000000000000000000000011111110000000
0000000000000000000000000000000000000000000000000001111110000000
0000000000000000000000000000000000000000000000000000011111000000
0000000000000000000000000000000000000000000000000000000111000000
0000000000000000000000000000000000000000000000000000000011000000
0000000000000000000000000000000000000000000000000000100011000000
0000000000000000000000000000000000000000000000000111110111000000
