1111111111111111111111111111111111111111111111111111111111111111
1111111111111111111111111111111111111111111111111111111111111111
1111111111111111111111111111111111111111111111111111111111111111
1111111111111111111111111111111111111111111111111111111111111111
1111111111111111111111111111111111111111111111111111111111111111
1111111111111111111011111111111111111111111101111111111111111111
1111111111111111111001111111111111111111111001111111111111111111
1111111111111111110000011111111111111111100000111111111111111111
1111111111111111110000001111111111111111000000111111111111111111
1111111111111111110000000011111111111100000000111111111111111111
0011111111111111100000000000111111110000000000011111111111111111
0011111111111111000000000000001111000000000000001111111111111111
0011111111111110000000000000000110000000000000000111111111111111
0011111111111110000000000000000000000000000000000111111111111111
0111111111111110000000000000000000000000000000000111111111111111
1111111111111110000000000000000000000000000000000111111111111111
0111111111111110000000000000000000000000000000000111111111111111
0111111111111110000000000000000000000000000000000111111111111111
0011111111111000000000000000000000000000000000000001111111111111
0011111111000000000000000000000000000000000000000000001111111111
0011111100000000000000000000000000000000000000000000000011111111
0011111100001110000000000000000000000000000000000111000011111111
0111111110111111000000000000000000000000000000001111110111111111
0111111111111111000000000000000000000000000000001111111111111111
