1111111111111111111111111111111000000000000000000000000011111111
1111111111111111111111111111100000000000000000000000000011111111
1111111111111111111111111100000000000000000000000000000011111111
1111111111111111111111110000000000000000000000000000000111111111
1111111111111111111111100000000000000000000000000000000111111111
1111111111111111111111000000000000000000000000000000001111111111
1111111111110000001100000000000000000000000000000000000111111111
1111111111100000000000000000000000000000000000000000000111111111
1111111111100110000000000000000000000000000000000000000111111111
1111111111111111100000000000000000000000000000000000000111111111
1111111111111111000000000000000000000000000000000000000111111111
1111111111111111000000000000000000000000000000000000001111111111
1111111111111111100000000000000000000000000000000000001111111111
1111111111111111110000000000000000000000000000000000001111111111
1111111111111111111000000000000000000000000000000000000111111111
1111111111111111111111000000111111110000000000000000000000111111
1111111111111111111110001111111111111111000000000000001000001111
1111111111111111111111111111111111111111111111100000011110011111
1111111111111111111111111111111111111111111111111100001111111111
1111111111111111111111111111111111111111111111111111001111111111
1111111111111111111111111111111111111111111111111111111111111111
1111111111111111111111111111111111111111111111111111111111111111
1111111111111111111111111111111111111111111111111111111111111000
1111111111111111111111111111111111111111111111111111111110000000
