0000000000000000000000000000000000000000000000000000000000000000
0000000000000000000000000000000000000000000000000000000000000000
0000000000000000000000000000000000000000000000000000000000000000
0000000000000000000000000000000000000000000000000000000000000000
0000000000000000000000000000000000000000000000000000000000000000
0000000000000000000000000000000000000000000000000000000000000000
0000000000000000000000000000000000000000000000000000000000000000
0000000000000000000000000000000000000000000000000000000000000000
0000000000000000000000000000000000000000000000000000000000000000
0000000000000000000000000000000000000000000000000000000000000000
0000000000000000000000000000000000000000000000000000000000000000
0000000000000000000000000000000000000000000000000000000000000000
0000000000000000000000000000000000000000000000000000000000000000
0000000000000000000000000000000000000000000000000000000000000000
0000000000000000000000000001111111111000000000000000000000000000
0000000000000000011111101111111111111111100111100000000000000000
0000000000000111111111111111111111111111111111111111000000000000
0000000000111111111001111111111111111111111100111111111000000000
0000000111111111100011111111111111111111111110001111111110000000
0000011111111110000111111111111111111111111111000111111111100000
0000111111111000001111111111111111111111111111100001111111111000
0001111111110000011111111111111111111111111111100000111111111100
0011111111000000001111111111111111111111111111110000001111111110
0011111000000000001111111111111111111111111111100000000011111110
