0000000000000000000000001110000000000000000000000000000000000000
0000000000000000000111111111111000000000000000000000000000000000
0000000000000000000011111111111111111000000000000000000000000000
0000000000000000000001111111111111111111111100000000000000000000
0000000000000000000000111111111111111111111111100000000000000000
0000000000000000000000011111111111111111111110000000000000000000
0000000000000000000000011111111111111111111000000000000000000000
0000000000000000000000001111111111111111100000000000000000000000
0000000001100000000000000111111111111111000000000000000000000000
0000000001110000000000000111111111111110000000000000000000000000
0000000001111100000000000011111111111100000000000000000000000000
0000000001111110000000000011111111111100000000111111111110000000
0000000000111111000000000011111111111000000000111111111110000000
0000000000010000100000000001111111111000000001111111111110000000
0000000000000000000000000000000000000000000001111111111110000000
0000000000000000000000000000000000000000000011111111111110000000
0000000000000000000000000000000000000000000111111111111110000000
0000000000000000000000000000000000000000000001111111111110000000
0000000000000000000000000000000000000000000000011111111111000000
0000000000000000000000000000000000000000000000001111111111100000
0000000000000000000000000000000000000000000000001111111100110000
0000000000000000000000000000000000000000000000001111111100000000
0000000000000000000000000000000000000000000000001111111110000000
0000000000000000000000000000000000000000000000000111111110000000
