1111111111111110000000001111111111111111111100000000111111000000
1111111111111110000000000111111111111111110000000000111111110000
1111111111111111000000000111111111111111100000000001111111111000
1111111111111111100000000011111111111111000000000011111111111110
1111111111111111100000000011111111111110000000000111111111111111
1111111111111111110000000001111111111100000000011111111111111111
1111111111111111111000000001111111111000000000111111111111111111
1111111111111111111100000001111111111000000011111111111111111111
1111111111111111111100000000111111110000000111111111111111111111
1101111111111111111110000000111111110000000111111111111111111111
1000111111111111111110000000111111110000001111111111111111111111
0000011111111111111111000000111111110000001111111111111111111111
0000000011011111111111000000000000000000001111111111111111111111
0000000000011111111111100000000000000000011111111111111111111111
0000000000111111111111000000000000000000001111111111111111111111
0000000011111111111100000000000000000000000011111111111111111111
0000000001111111111000000000000000000000000001111111111111111111
0000000000111111111000000000000000000000000000111111111111111111
0000000000111111110000000000000000000000000000111111111111111111
0000000000011111100000000000000000000000000000011111111111111111
0000000000001111100000000000000000000000000000011111111111111111
0000000000001111100000000000000000000000000000011111111111111111
0000000000011111100000000000000000000000000000011111111111111111
0000000000011000000000000000000000000000000000111111111111111111
