1111111111111111111100000000001111111110000000000000000000111111
1111111111111111111110000000001111111100000000000000000011111111
1111111111111111111111000000000111111100000000000001111111111111
1111111111111111111111100000000111111000000000011111111111111111
1111111111111111111111110000000011111000000001111111111111111111
1111111111111111111111111000000011111000000001111111111111111111
1111111111111111111111111100000011111000000011111111111111111111
1111111111111111111111111100000001111000000011111111111111111111
1111111111111111111111111110000000000000000011111111111111111111
1111111111111111111111111000000000000000000111111111111111111111
1111111111111111111111100000000000000000000001111111111111111111
1111111111111111111111000000000000000000000000011111111111111111
1111111111111111111100000000000000000000000000000111111111111111
1111111111111111111100000000000000000000000000000011111111111111
1111111111111111111000000000000000000000000000000001111111111111
1111111111111111111000000000000000000000000000000001111111111111
1111111111111111111000000000000000000000000000000001111111111111
1111111111111111111100000000000000000000000000000001111111111111
1111111111111111111111000000000000000000000000000001111111111111
1111111111111111111111000000000000000000000000000001111111111111
1111111111111111111111000000000000000000000000000001111111111111
1111111111111111111111000000000000000000000000000001111111111111
1111111111111111111110000100000000000000000000000001111111111111
1111111111111111111110000000000000000000000000000001111111111111
