1111111111111111100000000000111110000000000011111111111111111111
1111111111111111111000000000011110000000000111111111111111111111
1111111111111111111110000000001110000000001111111111111111111111
1111111111111111111111100000001110000000001111111111111111111111
1111111111111111111111110000000111000000001111111111111111111111
1111111111111111111111111000000011000000001111111111111111111111
1111111111111111111111111100000011000000011111111111111111111111
1111111111111111111111111100000000000000011111111111111111111111
1111111111111111111111100000000000000000000011111111111111111111
1111111111111111111111000000000000000000000000011111111111111111
1111111111111111111110000000000000000000000000000111111111111111
1111111111111111111100000000000000000000000000000011111111111111
1111111111111111111000000000000000000000000000000011111111111111
1111111111111111110000000000000000000000000000000001111111111111
1111111111111111111000000000000000000000000000000001111111111111
1111111111111111111100000000000000000000000000000000111111111111
1111111111111111111111000000000000000000000000000000111111111111
1111111111111111111111100000000000000000000000000000111111111111
1111111111111111111111100000000000000000000000000000111111111111
1111111111111111111111100000000000000000000000000000111111111111
1111111111111111111111100000000000000000000000000000111111111111
1111111111111111111111100000000000000000000000000000111111111111
1111111111111111111111000000000000000000000000000000111111111111
1111111111111111111111000000000000000000000000000001111111111111
