1111111111111111111111111111111111111111111111111111111111111111
1111111111111111111111111111111111111111111111111111111111111111
1111111111111111111111111111111111111111111111111111111111111111
1111111111111111111111111111111111111111111111111111111111111111
1111111111111111111111111111111111001111000111111111111111111111
1111111111111111111111111111111111001100000111111111111111111111
1111111111111111111111111111111111000100011111111111111111111111
1111111111111111111111111111111111100000011110011111111111111111
1111111111111111111111111111111111100000001100001111111111111111
1111111111111111111111111111111111100000000000001111111111111111
1111111111111111111111111111111111000000000000011111111111111111
1111111111111111111111111111111111000000000000111111111111111111
1111111111111111111111111111111111000000000111111111111111111111
1111111111111111111111111111111110000000000011111111111111111111
1111111111111111111111111111111110000000000001111111111111111111
1111111111111111111111111111111100000000000001111111111111111111
1111111111111111111111111111111000000000000011111111111111111111
1111111111111111111111111111110000000000000011111111111111111111
1111111111111111111111111111110000000000000011111111111111111111
1111111111111111111111111111110000000000000011111111111111111111
1111111111111111111111111111111000000000000111111111111111111111
1111111111111111111111111111111111111100000111111111111111111111
1111111111111111111111111111111111111100000111111111111111111111
1111111111111111111111111111111111111100000111111111111111111111
