1111111111111111111111111111111111111111111111111111111111111111
1111111111111111111111111111111111111111111111111111111111111111
1111111111111111111111111111111111111111111111111111111111111111
1111111111111111111111111111111111111111111111111111111111111111
1111111111111111111111111111111111111110111111111111111111111111
1111111111111111111111111111111111111110001100001111111111111111
1111111111111111111111111111111111111100000100011111111111111111
1111111111111111111111111111111111111000000000111111111111111111
1111111111111111111111111111111111100000000000001111111111111111
1111111111111111111111111111111111000011000000001111111111111111
1111111111111111111111111111111111000000000000000111111111111111
1111111111111111111111111111111111000000000000000111111111111111
1111111111111111111111111111111111111100000000000111111111111111
1111111111111111111111111111111111111110010000000011111111111111
1111111111111111111111111111111111111100010000000001111111111111
1111111111111111111111111111111111111000110000000001111111111111
1111111111111111111111111111111111111011100000000011111111111111
1111111111111111111111111111111111111111100000000011111111111111
1111111111111111111111111111111111111110000000000000111111111111
1111111111111111111111111111111111111110000000000000111111111111
1111111111111111111111111111111111111111100000000111111111111111
1111111111111111111111111111111111111111000000000111111111111111
1111111111111111111111111111111111111111000010000111111111111111
1111111111111111111111111111111111111110000110000111111111111111
