1111111111111111111111111111111111111111111111111111111111111111
1111111111111111111111111111111111111111111111111111111111111111
1111111111111111111111111111111111111111111111111111111111111111
1111111111111111111111111111111111111111111111111111111111111111
1111111111111111111111111111111111111111111111111111111111111111
1111111111111111111111111111111111111111000110000111111111111111
1111111111111111111111111111111111111111100010001111111111111111
1111111111111111111111111111111100001111110000011111111111111111
1111111111111111111111111111111100001111100000000111111111111111
1111111111111111111111111111111110000111100000000011111111111111
1111111111111111111111111111111111000000110000000011111111111111
1111111111111111111111111111111111100000000000000011111111111111
1111111111111111111111111111111111111100000000000011111111111111
1111111111111111111111111111111111111111100000000000111111111111
1111111111111111111111111111111111111111001100000000111111111111
1111111111111111111111111111111111111110011100000000111111111111
1111111111111111111111111111111111111110110000000000111111111111
1111111111111111111111111111111111111111110000000000111111111111
1111111111111111111111111111111111111111000000000000011111111111
1111111111111111111111111111111111111111000000000000011111111111
1111111111111111111111111111111111111111110000000001111111111111
1111111111111111111111111111111111111111100001000011111111111111
1111111111111111111111111111111111111111100001000011111111111111
1111111111111111111111111111111111111111000011000011111111111111
