1111111111111111111111111111111111111111111111111111111111111111
1111111111111111111111111111111111111111111111111111111111111111
1111111111111111111111111111111111111111111111111111111111111111
1111111111111111111111111111111111111111111111111111111111111111
1111111111111111111111111111111111111111111111111111111111111111
1111111111111111111111111111111111111111111100000001111111111111
1111111111111111111111111111111111111111111110000000111111111111
1111111111111111111111111111111111111111111111110000011111111111
1111111111111111111111111111111111111111111111100000000111111111
1111111111111111111111111111111111111111111111100000000011111111
1111111111111111111111111111111111001100001111110000000011111111
1111111111111111111111111111111110000000000000000000000011111111
1111111111111111111111111111111111100000000000000000000001111111
1111111111111111111111111111111111111111111111111000000000111111
1111111111111111111111111111111111111111111111111000000000111111
1111111111111111111111111111111111111111111111111000000000111111
1111111111111111111111111111111111111111111111110000000000011111
1111111111111111111111111111111111111111111111100000000000011111
1111111111111111111111111111111111111111111111000000000000011111
1111111111111111111111111111111111111111111111000000000000011111
1111111111111111111111111111111111111111111111100000000000111111
1111111111111111111111111111111111111111111111000001000011111111
1111111111111111111111111111111111111111111111000011000011111111
1111111111111111111111111111111111111111111110000111000011111111
