1111111111111111111111111111111111111111111111111111111111111111
1111111111111111111111111111111111111111111111111111111111111111
1111111111111111111111111111111111111111111111111111111111111111
1111111111111111111111111111111111111111111111111111111111111111
1111111111111111111111111111111111111111111111111111111111111111
1111111111111111111111111111111111111111111111111111111110000111
1111111111111111111111111111111111111111111111111111100000000011
1111111111111111111111111111111111111111111111111111111100000000
1111111111111111111111111111111111111111111111111111111111000000
1111111111111111111111111111111111111111111111111111111110000000
1111111111111000000000000000000000000000011100000011111111000000
1111111111110000000000000000000000000000011100000000000000000000
1111111111111111111111111111111111111111111111110000000000000000
1111111111111111111111111111111111111111111111111111111111000000
1111111111111111111111111111111111111111111111111111111111000000
1111111111111111111111111111111111111111111111111111111111000000
1111111111111111111111111111111111111111111111111111111110000000
1111111111111111111111111111111111111111111111111111111110000000
1111111111111111111111111111111111111111111111111111111000000000
1111111111111111111111111111111111111111111111111111111000000000
1111111111111111111111111111111111111111111111111111111110000000
1111111111111111111111111111111111111111111111111111111100000000
1111111111111111111111111111111111111111111111111111111000001000
1111111111111111111111111111111111111111111111111111110000111000
