1111111111111111111111111111111111111111111111111111111111111111
1111111111111111111111111111111111111111111111111111111111111111
1111111111111111111111111111111111111111111111111111111111111111
1111111111111111111111111111111111111111111111111111111111111111
1111111111111111111111111111111111111111111111111111111111111111
1111111111111111111111111111111111111111111111111111111111111100
1111111111111111111111111111111111111111111111111111111111111110
1111111111111111111111111111111111111111111111111111111111111111
1111111111111111111111111111111111111111111111111111111000111111
1111111111111111111111111111111111111111111111111111110000011110
0000000000000000000000000000000000000000000000011111111000011111
0000000000000000000000000000000000000000000000001111111100000000
1111111111111111111111111111111111111111111111111111111110000000
1111111111111111111111111111111111111111111111111111111111111111
0011111111111111111111111111111111111111111111111111111111111111
0001111111111111111111111111111111111111111111111111111111111111
0000111111111111111111111111111111111111111111111111111111111111
0000011111111111111111111111111111111111111111111111111111111111
0000011111111111111111111111111111111111111111111111111111111110
0000011111111111111111111111111111111111111111111111111111111110
0000111111111111111111111111111111111111111111111111111111111110
1011111111111111111111111111111111111111111111111111111111111100
1111111111111111111111111111111111111111111111111111111111111100
1111111111111111111111111111111111111111111111111111111111111000
