1111111111111111111111111111111111111111111111111111111111111111
1111111111111111111111111111111111111111111111111111111111111111
1111111111111111111111111111111111111111111111111111111111111111
1111111111111111111111111111111111111111111111111111111111111111
1111111111111111111111111111111111111111111111111111111111111111
1111111111111111111111111111111111111111111111111111111111111111
0111111111111111111111111111111111111111111111111111111111111111
0001111111111111111111111111111111111111111111111111111111111100
0000011111111111111111111111111111111111111111111111111111111000
1000001111111111111111111111111111111111111111111111111111111000
0000000000000000000000000000000000000000000000000011111111111000
0000000000000000000000000000000000000000000000000011111111111000
0011100000011111111111111111111111111111111111111111111111111110
0001111000000111111111111111111111111111111111111111111111111111
0000011100000011111111111111111111111111111111111111111111111111
0000001110000001111111111111111111111111111111111111111111111111
0000001110000011111111111111111111111111111111111111111111111111
0000001111000011111111111111111111111111111111111111111111111111
0000011111001111111111111111111111111111111111111111111111111111
1111111111111111111111111111111111111111111111111111111111111111
1111111111111111111111111111111111111111111111111111111111111111
1111111111111111111111111111111111111111111111111111111111111111
1111111111111111111111111111111111111111111111111111111111111111
1111111111111111111111111111111111111111111111111111111111111111
