1100000000001111111111111111111111111111111111111111111111111111
1111000000000000111111111111111111111111111111111111111111111111
1000000000000000011111111111111111111111111111111111111111111111
1100000000000000000111111111111111111111111111111111111111111111
1110000000000001000001111111111111111111111111111111111111111111
1111000000000011110000011111111111111111111111111111111111111111
1110000000001111111100000111111111111111111111111111111111111111
1000000000000011111111000000111111111111111111111111111111111111
0000000000000000111111110000011111111111111111111111111111111111
0000000000000000000001111000001111111111111111111111111111111111
0000000000000000000000000000000000000000000000000000000011111111
0000000000000000000000000000000000000000000000000000000011111111
0000000000000000000000011111000111111111111111111111111111111111
0000000000000000000011111111011111111111111111111111111111111111
1000000000000011111111111111111111111111111111111111111111111111
1110000000111111111111111111111111111111111111111111111111111111
1111000000011111111111111111111111111111111111111111111111111111
1110000000011111111111111111111111111111111111111111111111111111
1110000111111111111111111111111111111111111111111111111111111111
1111111111111111111111111111111111111111111111111111111111111111
1111111111111111111111111111111111111111111111111111111111111111
1111111111111111111111111111111111111111111111111111111111111111
1111111111111111111111111111111111111111111111111111111111111111
1111111111111111111111111111111111111111111111111111111111111111
