1111111100000000011111111111111111111111111111111111111111111111
1111111000000000000011111111111111111111111111111111111111111111
1111110000000000000000111111111111111111111111111111111111111111
1111111000000000000000001111111111111111111111111111111111111111
1111111000000000000110000011111111111111111111111111111111111111
1111111000000000001111100000111111111111111111111111111111111111
1100000000000000111111111000001111111111111111111111111111111111
0000000000000000000000011110000011111111111111111111111111111111
0000000000000000000000000001000001111111111111111111111111111111
0000000000000000000000000000110000111111111111111111111111111111
0000000000000000000000000000000000000000000000000000000000111111
0000000000000000000000000000000000000000000000000000000000111111
0000000000000000001111111111111100111111111111111111111111111111
1100000000000000000111111111111111111111111111111111111111111111
1111110000000000111111111111111111111111111111111111111111111111
1111111100000000111111111111111111111111111111111111111111111111
1111111110000000111111111111111111111111111111111111111111111111
1111111100000011111111111111111111111111111111111111111111111111
1111111110011111111111111111111111111111111111111111111111111111
1111111111111111111111111111111111111111111111111111111111111111
1111111111111111111111111111111111111111111111111111111111111111
1111111111111111111111111111111111111111111111111111111111111111
1111111111111111111111111111111111111111111111111111111111111111
1111111111111111111111111111111111111111111111111111111111111111
