1111111111000000000111111111111111111111111111111111111111111111
1111111110000000000000111111111111111111111111111111111111111111
1111111100000000000000011111111111111111111111111111111111111111
1111111110000000000000000111111111111111111111111111111111111111
1111111100000000000000100001111111111111111111111111111111111111
1111111110000000000011111000011111111111111111111111111111111111
1110000000000000011111111110000111111111111111111111111111111111
1000000000000000000000000001000001111111111111111111111111111111
0000000000000000000000000000010000011111111111111111111111111111
0000000000000000000000000000011000011111111111111111111111111111
0000000000000000000000000000000000000000000000000000000000011111
0000000000000000000000000000000000000000000000000000000000011111
1000000000000000000001111111111111011111111111111111111111111111
1100000000000000000001111111111111111111111111111111111111111111
1111110000000000001111111111111111111111111111111111111111111111
1111111111000000001111111111111111111111111111111111111111111111
1111111111100000001111111111111111111111111111111111111111111111
1111111111100000111111111111111111111111111111111111111111111111
1111111111100011111111111111111111111111111111111111111111111111
1111111111111111111111111111111111111111111111111111111111111111
1111111111111111111111111111111111111111111111111111111111111111
1111111111111111111111111111111111111111111111111111111111111111
1111111111111111111111111111111111111111111111111111111111111111
1111111111111111111111111111111111111111111111111111111111111111
