1111111111110000000001111111111111111111111111111111111111111111
1111111111100100000000011111111111111111111111111111111111111111
1111111111000000000000000111111111111111111111111111111111111111
1111111111000000000000000001111111111111111111111111111111111111
1111111111000000000000000000011111111111111111111111111111111111
1111111111000000000000011100000111111111111111111111111111111111
1111100000000000011111111111000001111111111111111111111111111111
1110000000000000000000000000000000011111111111111111111111111111
1100000000000000000000000000001100001111111111111111111111111111
1000000000000000000000000000011110000111111111111111111111111111
0000000000000000000000000000000000000000000000000000000000001111
0000000000000000000000000000000000000000000000000000000000001111
1100000000000000000000011111111111111111111111111111111111111111
1110000000000000000000001111111111111111111111111111111111111111
1111110000000000000011111111111111111111111111111111111111111111
1111111111110000000011111111111111111111111111111111111111111111
1111111111111100000011111111111111111111111111111111111111111111
1111111111111000001111111111111111111111111111111111111111111111
1111111111111100011111111111111111111111111111111111111111111111
1111111111111111111111111111111111111111111111111111111111111111
1111111111111111111111111111111111111111111111111111111111111111
1111111111111111111111111111111111111111111111111111111111111111
1111111111111111111111111111111111111111111111111111111111111111
1111111111111111111111111111111111111111111111111111111111111111
