1111111111111111111111001111111111111111111111111111111111111111
1111111111111111111111100111111111111111111111111111111111111111
1111111111111111111111100111111111111111111111111111111111111111
1111111111111111111111110011111111111111111111111111111111111111
1111111111111111111111110011001111111111111111111111111111111111
1111111111111111111111111000000000001111111111111111111111111111
1111111111111111111111100000000000000000011111111111111111111111
1111111111111111111111110000000000000000011111111111111111111111
1111111111111111111111111000000000000000011111111111111111111111
1111111111111111111111111000000001111100111111111111111111111111
0000000000000000000000000000000000000000000000000000000000000000
0000000000000000000000000000000000000000000000000000000000000000
1111111111111111111000000000000000111111111111111111111111111111
1111111111111111110000000000000001111111111111111111111111111111
1111111111111111100000000000000000011111111111111111111111111111
1111111111111111100000000000000000001111111111111111111111111111
1111111111111111100000000000000000001111111111111111111111111111
1111111111111111100000000000000000011111111111111111111111111111
1111111111111111110000000000000000011111111111111111111111111111
1111111111111111111111000000000000011111111111111111111111111111
1111111111111111111111100011100110001111111111111111111111111111
1111111111111111111111111111111111000111111111111111111111111111
1111111111111111111111111111111111000111111111111111111111111111
1111111111111111111111111111111111100011111111111111111111111111
