1111111111111111111111000111111111111111111111111111111111111111
1111111111111111111111000111111111111111111111111111111111111111
1111111111111111111111100011111111111111111111111111111111111111
1111111111111111111111110011111111111111111111111111111111111111
1111111111111111111111110001111111111111111111111111111111111111
1111111111111111111111110001111111111111111111111111111111111111
1111111111111111111111111000111111111111111111111111111111111111
1111111111111111111111111000111111111111111111111111111111111111
1111111111111111111111111100010000000000000000001111111111111111
1111111111111111111111111100000000000000000000000011111111111111
0000000000000000000000000000000000000000000000000000000000000000
0000000000000000000000000000000000000000000000000000000000000000
1111111111111111111111111111000000000000001111111111111111111111
1111111111111111111111111111000000000000111111111111111111111111
1111111111111111111111111000000000000000011111111111111111111111
1111111111111111111111110000000000000000011111111111111111111111
1111111111111111111111100000000000000000011111111111111111111111
1111111111111111111111100000000000000000001111111111111111111111
1111111111111111111111110000000000000000000111111111111111111111
1111111111111111111111111000000000000000000111111111111111111111
1111111111111111111111111100000000000000001111111111111111111111
1111111111111111111111111111000000000000000111111111111111111111
1111111111111111111111111111111100000110000111111111111111111111
1111111111111111111111111111111100000111100011111111111111111111
