1111111111111111111110000011111111111111111111111111111111000000
1111111111111111111110000011111111111111111111111111111111111111
1111111111111111111111100001111111111111111111111111111111111111
1111111111111111111111100001111111111111111111111111111111111111
1111111111111111111111100000111111111111111111111111111111111111
1111111111111111111111100000111111111111111111111111111111111111
1111111111111111111111110000011111111111111111111111111111111111
1111111111111111111111110000011111111111111111111111111111111111
1111111111111111111111111000001000001111111111111111111111111111
1111111111111111111111111100000000000011000111000011111111111111
0000000000000000000000000000000000000000000000000000000000000000
0000000000000000000000000000000000000000000000000000000000000000
1111111100000000000111111111000000000000000000000000001111111111
1111111111111111111111111111000000000000000000000000001111111111
1111111111111111111111111111000000000000000000111111111111111111
1111111111111111111111111111000000000000000001111111111111111111
1111111111111111111111111110000000000000000001111111111111111111
1111111111111111111111111100000000000000000001111111111111111111
1111111111111111111111111100000000000000000001111111111111111111
1111111111111111111111111100000000000000000000111111111111111111
1111111111111111111111111110000000000000000000111111111111111111
1111111111111111111111111111100000000000000000111111111111111111
1111111111111111111111111111111000000000000001111111111111111111
1110111111111111111111111111111110000000000000011111111111111111
