1111111111111111111100000011111111111111111111111111110000000000
1111111111111111111110000011111111111111111111111111111111111111
1111111111111111111111000001111111111111111111111111111111111111
1111111111111111111111100000111111111111111111111111111111111111
1111111111111111111111100000111111111111111111111111111111111111
1111111111111111111111100000011111111111111111111111111111111111
1111111111111111111111100000011111111111111111111111111111111111
1111111111111111111111110000001111111111111111111111111111111111
1111111111111111111111110000000111111111111111111111111111111110
1110011111111100000111111000000000000010000111111111111111111000
0000000000000000000000000000000000000000000000000000000000000000
0000000000000000000000000000000000000000000000000000000000000000
0111111000000000000000111111000000000001000000000000000000111100
1111111111100001111111111110000000000000000000000000000001111111
1111111111111111111111111110000000000000000000000000000011111111
0111111111111111111111111110000000000000000000000111111111111111
0111111111111111111111111110000000000000000000001111111111111111
1111111111111111111111111110000000000000000000001111111111111111
1111111111111111111111111100000000000000000000011111111111111111
1111111111111111111111111110000000000000000000011111111111111111
1111111111111111111111111111000000000000000000001111111111111111
0111111111111111111111111111100000000000000000001111111111111111
1111111111111111111111111111111000000000000000001111111111111111
1100011111111100111111111111111100000000000000011111111111111111
