1111111111111111111000000000111111111111111111111111000000000000
1111111111111111111100000001111111111111111111111111111110000000
1111111111111111111111000000111111111111111111111111111111111111
1111111111111111111111100000011111111111111111111111111111111111
1111111111111111111111000000011111111111111111111111111111111111
1111111111111111111110000000001111111111111111111111111111111111
1111111111111111111111000000000111111111111111111111111111111110
1111111111111111111111100000000111111111111111111111111111111100
1111111111111111111111110000000000111111100111111111111111111100
0000000011110000000000000000000000000000000011111111110000000000
0000000000000000000000000000000000000000000000000000000000000000
0000000000000000000000000000000000000000000000000000000000000000
0001110000000000000000000110000000000000000000001111100000000000
0111111110000000011111111110000000000000011111111000000000011110
0111111111100011111111111100000000000000001110000000000000000110
0011111111111111111111111100000000000000000110000000000000000111
0011111111111111111111111000000000000000000001000000000000000111
1111111111111111111111110000000000000000000000000000001111111111
1111111111111111111111100000000000000000000000000000011111111111
1111111111111111111111100000000000000000000000000000011111111111
0111111111111111111111111100000000000000000000000000111111111111
0011111111111111111111111111000000000000000000000000011111111111
0111111111111111111111111111100000000000000000000000011111111111
1000001111111000011111111111110000000000000000000000011111111110
