1111111111111111110000000000000000111111111111111111000000000000
1111111111111111111000000000011111111111111111111111110000000000
1111111111111111111110000000011111111111111111111111111111000000
1111111111111111111111000000001111111111111111111111111111111100
1111111111111111111100000000001111111111111111111111111111111110
1111111111111111111100000000000111111111111111111111111111111110
1111111111111111111110000000000011111111111111111111111111111100
1111111111111111111111000000000000111111100111111111111111111000
0111001111111000011111000000000000000011000111111111111111000000
0000000001100000000000000000000000000000000000001100000000000000
0000000000000000000000000000000000000000000000000000000000000000
0000000000000000000000000000000000000000000000000000000000000000
0000100000000000000000000000000000000000000000000111000000000000
0011111000000000000011111100000000001111111000011111111000111000
0011111110000000111111111000000000000000001111111111111111111110
0011111111100111111111111000000000000000000011111111111110000010
0000111111111111111111110000000000000000000001111111001100000000
0000111111111111111111000000000000000000000000111111000000000000
1111111111111111111100000000000000000000000000000111100000000000
1111111111111111111000000000000000011000000000000001000000000000
0001111111111111111111100000000000000100000000000000000000000111
0001111111111111111111111000000000000000000000000000000000001111
0110001111111001111111111110000000000000000000000000000000011110
1000000111111000001111111111100000000000000000000000000000011110
