1111111111111111110000000000000000011111111111111111000000000000
1111111111111111110000000000011111111111111111111111110000000000
1111111111111111111110000000001111111111111111111111111110000000
1111111111111111111111000000001111111111111111111111111111110000
1111111111111111111000000000000111111111111111111111111111111110
1111111111111111111000000000000011111111111111111111111111111100
1111111111111111111100000000000001111111111111111111111111111000
1111111111111111111110000000000000011111100011111111111111110000
0111001111111000000110000000000000000000000011111111111110000000
0000000001100000000000000000000000000000000000000000000000000000
0000000000000000000000000000000000000000000000000000000000000000
0000000000000000000000000000000000000000000000000000000000000000
0000100000000000000000000000000000000000000000000111000000000000
0001111000000000000001111100000000000111100000001111111000111000
0011111110000000111111111000000000000111111111111111111111111100
0001111111000011111111110000000000000000000111111111111111111110
0000111111101111111111100000000000000000000001111111111111100001
0000011111111111111110000000000000000000000000111111111001000000
1111111111111111111000000000000000000000000000001111111000000000
1111111111111111110000000000000000011000000000000001111100000000
0000111111111111111111000000000000000100000000000000011000000000
0001111111111111111111110000000000000000000000000000000000000001
0010000111110001111111111100000000000000000000000000000000000000
1000000111111000001111111111000000000000000000000000000000000010
