1111111111111111110000000000000000011111111111111110000000000000
1111111111111111110000000000011111111111111111111111110000000000
1111111111111111111110000000001111111111111111111111111100000000
1111111111111111111111000000001111111111111111111111111111110000
1111111111111111111000000000000111111111111111111111111111111110
1111111111111111111000000000000011111111111111111111111111111100
1111111111111111111100000000000000111111110011111111111111111000
1111111111111111111110000000000000001111100011111111111111100000
0010000111110000000010000000000000000000000011111111111100000000
0000000001100000000000000000000000000000000000000000000000000000
0000000000000000000000000000000000000000000000000000000000000000
0000000000000000000000000000000000000000000000000000000000000000
0000100000000000000000000000000000000000000000000111000000000000
0001111000000000000001111100000000000111100000001111111000010000
0001111110000000111111111000000000000111111111111111111111111100
0001111111000011111111110000000000000011111111111111111111111100
0000111111001111111111100000000000000000000001111111111111111011
0000011111111111111110000000000000000000000000111111111111110000
1111011111111111110000000000000000000000000000001111111100000000
1111111111111111100000000000000000011000000000000001111110000000
0000111111111111111110000000000000000100000000000000011110000000
0000111111111111111111110000000000000001000000000000000000000000
0010000111110001111111111100000000000000000000000000000000000000
0000000111111000000111111111000000000000000000000000000000000000
