1111111111111111110000000000000000000000111111111111000000000000
1111111111111111110000000000000001111111111111111111110000000000
1111111111111111111000000000001111111111111111111111111100000000
1111111111111111111111000000000111111111111111111111111111110000
1111111111111111111100000000000011111111111111111111111111111110
1111111111111111110000000000000001111111111111111111111111111110
1111111111111111110000000000000000111111111101111111111111111100
1111111111111111111000000000000000001111111001111111111111110000
0110011111110001111100000000000000000001110001111111111111000000
0000000011100000000000000000000000000000000000011111000000000000
0000000000000000000000000000000000000000000000000000000000000000
0000000000000000000000000000000000000000000000000000000000000000
0000000000000000000000000000000000000000000000000100000000000000
0000111000000000000000000110000000000000000000001111100000000000
0001111110000000000111111100000000000111111000011111111111111000
0001111111000001111111111000000000000011111111111111111111111100
0000111111100111111111110000000000000001111111111111111111111111
0000011111111111111111000000000000000000111111111111111111111111
1110001111111111111100000000000000000000111111111111111111111111
1111111111111111000000000000000000000111111111111111111111111111
0000111111111111100000000000000000011111111111111000001111111111
0000111111111111111111000000000000000011111111110000000011111111
0010000111110011111111110000000000000000011111110000000000111110
1000000111110000111111111100000000000000011111110000000000000110
