1000011111100000000000000000000000000000000000001100000000000000
1111111111111111000000000000000000000000000000001111000000000000
1111111111111110000000000000000000000000000000011111111100000000
1111111111111111100000000000000000000000000000111111111111111111
1111111111111111110000000000000000000000000001111111111111111111
1111111111111111000000000000000000000000000111111111111111111111
1111111111111111100000000000000000000000111111111111111111111111
1111111111111111110000000000000000000111111111111111111111111111
1111111111111111110000000000000000000011111111111111111111111111
1111111111111000000000000000000000000000111111111111101111111111
1111111111111000000000000000000000000000001111111111100111111110
0110000011111000000000000000000000000000000000111111100000000000
0000000000011000000000000000000000000000000000000000000000000000
0000000000000000000000000000000000000000000000000000000000000000
0000000000000000000000000000000000000000000000000000000000000000
0000000001110000000000000000000000000000000000000000011100000000
0000000111111000000000000000000000000000000111111110111111111110
0000000111111000000000000000000000000000000111111111111111111111
1110000111111100000000000000000000000000000111111111111111111111
1111100111111000111111111111110000001111111111111111111111111111
0111111111111111111111111111000000011111111111111111111111111111
0000111111111111111111111000000000000111111111111111111111111111
0001111111111111111111000000000000000000111111111111111111111111
0000011111111111000000000000000000000000111111111111111111111111
