0100000001100000000000000000000000000000000000001100000000000000
0100111111110000000000000000000000000000000000000110000000000000
1111111111111111000000000000000000000000000000000111110000000000
1111111111111110000000000000000000000000000000001111111111111111
1111111111111111100000000000000000000000000000001111111111111111
1111111111111111110000000000000000000000000000111111111111111111
1111111111111110000000000000000000000000000001111111111111111111
1111111111111111000000000000000000000000000111111111111111111111
1111111111111111100000000000000000000000011111111111111111111111
1111111111111111100000000000000000000000111111111111111111111111
1111111111110000000000000000000000000000001111111111111100111111
1110011111100000000000000000000000000000000001111111111100011110
0000000111100000000000000000000000000000000000000111111100000000
0000000001000000000000000000000000000000000000000000000000000000
0000000000000000000000000000000000000000000000000000000000000000
0000000000001000000000000000000000000000000000000000000000000000
0000000000111100000000000000000000000000000000000001111100011000
0000000011111100000000000000000000000000001111111111111111111100
1110000111111110000000000000000000000000000111111111111111111110
1111100011111100000000000000000000000000000111111111111111111111
0111111011111000001111100000000000000000111111111111111111111111
0001111111111111111111111111110000111111111111111111111111111111
0000111111111111111111111110000000001111111111111111111111111111
0000111111111111111111110000000000000001111111111111111111111111
