0000000000000000000000000000000000000000000000000000000000000000
0000000000000000000000000000000000000000000000000000000000000000
0000000000000000000000000000000000000000000000000000000000000000
0000000000000000000000000000000000000000000000000000000000000000
0000000000000000000000000000000000000000000000000000000000000000
1000000000000000000000000000000000000000000000000000000000000000
1110000000000000000000000000000000000000000000000000000000000000
1111110000000000000000000000000000000000000000000000000000000000
1111110000000000000000000000000000000000000000000000000000000001
1111111110000000000000000000000000000000000001110000000000000111
1111111111100000000000000000000000000000000000000000000001111111
1111111111100000000000000000000000000000000000000000000000011111
1111111111100000000000000000000000000000000000000000000000001111
1111111111100000000000000000000000000000000000000000000000000011
1111111100000000000000000000000000000000000000000000000000000001
1111111100000000000000000000000000000000000000000000000000000000
1100011000000000000000000000000000000000000000000000000000000000
0000000000000000000000000000001110000000000000000000000000000000
0000000000000000000000000000001110000000000000000000000000000000
0000000000000000000000000001111110000000000000000000000000000000
0000000000000000000000000000011111000000000000000000000000000000
0000000000000000000000000000001111000000000000000000000000000000
0000000000001100000000000000001110000000000000000000011110000000
0000000000111100000000000000011110000000000000111111111111100001
