0000000000000000000000000000000000000000000000000000000000000000
0000000000000000000000000000000000000000000000000000000000000000
0000000000000000000000000000000000000000000000000000000000000000
0000000000000000000000000000000000000000000000000000000000000000
0000000000000000000000000000000000000000000000000000000000000000
0000000000000000000000000000000000000000000000000000000000000000
0000000000000000000000000000000000000000000000000000000000000000
0000000000000000000000000000000000000000000000000000000000000000
0000000000000000000000000000000000000000000000000000000000000000
1011000000000000000000000000000000000000000000000000000000000000
1111000000000000000000000000000000000000000000000000000000000000
1111100000000000000000000000000000000000000000000000000000000000
1111100000000000000000000000000000000000000000000000000000000000
1111100000000000000000000000001100000000000000000000000000000000
1111110000000000000000000000001110000000000000000000000000000000
1111111000000000000000000011111110000000000000000000000000000001
1111111000000000000000000001001111000000000000000000000000000000
1111100000000000000000000000011111000000000000000001111000000000
1111000000000000000000000000001111100000000000000000000000000000
0011000000000000000000000000011111000000000000000000000000000000
0000000000000000000000000000011111000000000000000000000000000000
0000000000000000000000000000001111000000000000000000000000000000
0000000000000000000000000000000110100000000000000000000000000000
0000000000000000000000000000000000111000000000000000000000000000
