0000000000000000000000000000000000000000000000000000000000000000
0000000000000000000000000000000000000000000000000000000000000000
0000000000000000000000000000000000000000000000000000000000000000
0000000000000000000000000000000000000000000000000000000000000000
0000000000000000000000000000000000000000000000000000000000000000
0000000000000000000000000000000000000000000000000000000000000000
0000000000000000000000000000000000000000000000000000000000000000
0000000000000000000000000000000000000000000000000000000000000000
0000000000000000000000000000000000000000000000000000000000000000
0000000000000000000000000000000000000000000000000000000000000000
0000000000000000000000000000000000000000000000000000000000000111
1000000000000000000000000000001110000000000000000000000000000011
1100000000000000000000000001111110000000000000000000000000000000
1100000000000000000000000001011110000000000000000000000000000000
1111000000000000000000000000011110000000000000000000000000000000
1111000000000000000000000000011110000000000000000000000000000000
1110000000000000000000000000011110000000000000000000000000000000
1110000000000000000000000000011111000000000000000000000000000000
1100000000000000000000000000011111000000000000000000000000000000
1000000000000000000000000000001111000000000000000000000000000000
1000000000000000000000000000001100000000000000000000000000000000
0000000000000000000000000000001110000000000000000000000000000000
0000000000000000000000000000001110000000000000000000000000000000
0000000000000000000000000000001111000000000000000000000000000000
