0000000000000000000000000000000000000000000000000000000000000000
0000000000000000000000000000000000000000000000000000000000000000
0000000000000000000000000000000000000000000000000000000000000000
0000000000000000000000000000000000000000000000000000000000000000
0000000000000000000000000000000000000000000000000000000000000000
0000000000000000000000000000000000000000000000000000000000000000
0000000000000000000000000000000000000000000000000000000000000000
0000000000000000000000000000000000000000000000000000000000000000
0000000000000000000000000000000000000000000000000000000000000000
0000000000000000000000000010011110000000000000000000000000000000
0000000000000000000000000011111110000000000000000000000000000000
0000000000000000000000000000011110000000000000000000000000000000
0000000000000000000000000000011100000000000000000000000000000000
0000000000000000000000000000011110000000000000000000000000000000
0000000000000000000000000000011110000000000000000000000000000000
0000000000000000000000000000011111000000000000000000000000000011
1100000000000000000000000001001111000000000000000000000000000111
1100000000000000000000000001001111000000000000000000000000001111
1000000000000000000000000001100110000000000000000000000000000011
1100000000000000000000000001100000000000000000000000000000000000
1000000000000000000000000011110000000000000000000000000000000000
0000000000000000000000000011110000000000000000000000000000000000
0000000000000000000000000000000000000000000000000000000000000000
0000000000000000000000000000000000000000000000000000000000000000
