0000000000000000000000000000000000000000000000000000000000000000
0000000000000000000000000000000000000000000000000000000000000000
0000000000000000000000000000000000000000000000000000000000000000
0000000000000000000000000000000000000000000000000000000000000000
0000000000000000000000000000000000000000000000000000000000000000
0000000000000000000000000000000000000000000000000000000000000000
0000000000000000000000000000000000000000000000000000000000000000
0000000000000000000000000000000000000000000000000000000000000000
0000000000000000000000000000000100000000000000000000000000000000
0000000000000000000000000010011110000000000000000000000000000000
0000000000000000000000000010011110000000000000000000000000000000
0000000000000000000000000000011100000000000000000000000000000000
0000000000000000000000000000111100000000000000000000000000000000
0000000000000000000000000000111110000000000000000000000000000000
0000000000000000000000000000011110000000000000000000000000000000
0000000000000000000000000000011111000000000000000000000000000000
0000000000000000000000000001001111000000000000000000000000000001
1000000000000000000000000001000111000000000000000000000000000011
1100000000000000000000000011100100000000000000000000000000000111
0000000000000000000000000011100000000000000000000000000000001111
1000000000000000000000000111110000000000000000000000000000000000
0000000000000000000000000000000000000000000000000000000000000000
0000000000000000000000000000000000000000000000000000000000000000
0000000000000000000000000000000000000000000000000000000000000000
