0000000000000000000000000000000000000000000000000000000000000000
0000000000000000000000000000000000000000000000000000000000000000
0000000000000000000000000000000000000000000000000000000000000000
0000000000000000000000000000000000000000000000000000000000000000
0000000000000000000000000000000000000000000000000000000000000000
0000000000000000000000000000000000000000000000000000000000000000
0000000000000000000000000000000000000000000000000000000000000000
0000000000000000000000000000000000000000000000000000000000000000
0000000000000000000000000010011110000000000000000000000000000000
0000000000000000000000000000011110000000000000000000000000000000
0000000000000000000000000000011111000000000000000000000000000000
0000000000000000000000000000111110000000000000000000000000000000
0000000000000000000000000001111110000000000000000000000000000000
0000000000000000000000000000011110000000000000000000000000000000
0000000000000000000000000010011110000000000000000000000000000000
0000000000000000000000000010011111000000000000000000000000000000
0000000000000000000000000011001111000000000000000000000000000000
0000000000000000000000000111100110000000000000000000000000000000
0000000000000000000000000111000000000000000000000000000000000000
0000000000000000000000000000000000000000000000000000000000000000
0000000000000000000000000000000000000000000000000000000000000000
0000000000000000000000000000000000000000000000000000000000000000
0000000000000000000000000000000000000000000000000000000000000000
0000000000000000000000000000000000000000000000000000000000000000
