0000000000000000000000000000000000000000000000000000000000000000
0000000000000000000000000000000000000000000000000000000000000000
0000000000000000000000000000000000000000000000000000000000000000
0000000000000000000000000000000000000000000000000000000000000000
0000000000000000000000000000000000000000000000000000000000000000
0000000000000000000000000000000000000000000000000000000000000000
0000000000000000000000000000000000000000000000000000000000000000
0000000000000000000000000000000000000000000000000000000000000000
0000000000000000000000000010011110000000000000000000000000000000
0000000000000000000000000010011110000000000000000000000000000000
0000000000000000000000000000011111000000000000000000000000000000
0000000000000000000000000000111111000000000000000000000000000000
0000000000000000000000000001111110000000000000000000000000000000
0000000000000000000000000000011110000000000000000000000000000000
0000000000000000000000000000011110000000000000000000000000000000
0000000000000000000000000000011111000000000000000000000000000000
0000000000000000000000000011001111000000000000000000000000000000
0000000000000000000000000011100110000000000000000000000000000000
0000000000000000000000000011100000000000000000000000000000000000
0000000000000000000000000000000000000000000000000000000000000000
0000000000000000000000000000000000000000000000000000000000000000
0000000000000000000000000000000000000000000000000000000000000000
0000000000000000000000000000000000000000000000000000000000000000
0000000000000000000000000000000000000000000000000000000000000000
