0000000000000000000000000000000000000000000000000000000000000000
0000000000000000000000000000000000000000000000000000000000000000
0000000000000000000000000000000000000000000000000000000000000000
0000000000000000000000000000000000000000000000000000000000000000
0000000000000000000000000000000000000000000000000000000000000000
0000000000000000000000000000000000000000000000000000000000000000
0000000000000000000000000000000000000000000000000000000000000000
0000000000000000000000000000000000000000000000000000000000000000
0000000000000000000000000010011110000000000000000000000000000000
0000000000000000000000000010011110000000000000000000000000000000
0000000000000000000000000000001111000000000000000000000000000000
0000000000000000000000000000011111000000000000000000000000000000
0000000000000000000000000001011110000000000000000000000000000000
0000000000000000000000000000011110000000000000000000000000000000
0000000000000000000000000000011110000000000000000000000000000000
0000000000000000000000000001111111000000000000000000000000000000
0000000000000000000000000001111111000000000000000000000000000000
0000000000000000000000000001110110000000000000000000000000000000
0000000000000000000000000011111000000000000000000000000000000000
0000000000000000000000000000000000000000000000000000000000000000
0000000000000000000000000000000000000000000000000000000000000000
0000000000000000000000000000000000000000000000000000000000000000
0000000000000000000000000000000000000000000000000000000000000000
0000000000000000000000000000000000000000000000000000000000000000
