0000000000000000000000000000000000000000000000000000000000000000
0000000000000000000000000000000000000000000000000000000000000000
0000000000000000000000000000000000000000000000000000000000000000
0000000000000000000000000000000000000000000000000000000000000000
0000000000000000000000000000000000000000000000000000000000000000
0000000000000000000000000000000000000000000000000000000000000000
0000000000000000000000000000000000000000000000000000000000000000
0000000000000000000000000000000001100000000000000000000000000000
0000000000000000000000000000000011110000000000000000000000000000
0000000000000000000000000000000011110000000000000000000000000000
0000000000000000000000000000111111110000000000000000000000000000
0000000000000000000000000000000011110000000000000000000000000000
0000000000000000000000000000000011111000000000000000000000000000
0000000000000000000000000000000111110000000000000000000000000000
0000000000000000000000000000000111110000000000000000000000000000
0000000000000000000000000000000111110000000000000000000000000000
0000000000000000000000000000000111111000000000000000000000000000
0000000000000000000000000000000111111000000000000000000000000000
0000000000000000000000000000000011101100000000000000000000000000
0000000000000000000000000000000011000110000000000000000000000000
0000000000000000000000000000000000000011100000000000000000000000
0000000000000000000000000000000000000011111000000000000000000000
0000000000000000000000000000000000000011111000000000000000000000
0000000000000000000000000000000000000000111000000000000000000000
