0000000000000000000000000000000000000000000000000000000000000000
0000000000000000000000000000000000000000000000000000000000000000
0000000000000000000000000000000000000000000000000000000000000000
0000000000000000000000000000000000000000000000000000000000000000
0000000000000000000000000000000000000000000000000000000000000000
0000000000000000000000000000000000000000000000000000000000000000
0000000000000000000000000000000000000000000000000000000000000000
0000000000000000000000000000000000110000000000000000000000000000
0000000000000000000000000000000011111000000000000000000000000000
0000000000000000000000000000000001111000000000000000000000000000
0000000000000000000000000000011111111000000000000000000000000000
0000000000000000000000000000011101111100000000000000000000000000
0000000000000000000000000000000001111100000000000000000000000000
0000000000000000000000000000000011111110000000000000000000000000
0000000000000000000000000000000011111100000000000000000000000000
0000000000000000000000000000000011111000000000000000000000000000
0000000000000000000000000000000011111000000000000000000000000000
0000000000000000000000000000000011111100000000000000000000000000
0000000000000000000000000000000011111100000000000000000000000000
0000000000000000000000000000000001100010000000000000000000000000
0000000000000000000000000000000001000011000000000000000000000000
0000000000000000000000000000000000000001110000000000000000000000
0000000000000000000000000000000000000001111100000000000000000000
0000000000000000000000000000000000000001111110000000000000000000
