0000000000000000000000000000000000000000000000000000000000000000
0000000000000000000000000000000000000000000000000000000000000000
0000000000000000000000000000000000000000000000000000000000000000
0000000000000000000000000000000000000000000000000000000000000000
0000000000000000000000000000000000000000000000000000000000000000
0000000000000000000000000000000000000000000000000000000000000000
0000000000000000000000000000000000000000000000000000000000000000
0000000000000000000000000000000000111000000000000000000000000000
0000000000000000000000000000000001111100000000000000000000000000
0000000000000000000000000000000000111100000000000000000000000000
0000000000000000000000000000001011111100000000000000000000000000
0000000000000000000000000000011101111100000000000000000000000000
0000000000000000000000000000000001111110000000000000000000000000
0000000000000000000000000000000001111110000000000000000000000000
0000000000000000000000000000000001111110000000000000000000000000
0000000000000000000000000000000011111100000000000000000000000000
0000000000000000000000000000000011111100000000000000000000000000
0000000000000000000000000000000011111100000000000000000000000000
0000000000000000000000000000000011111100000000000000000000000000
0000000000000000000000000000000001110110000000000000000000000000
0000000000000000000000000000000011100011000000000000000000000000
0000000000000000000000000000000000000001100000000000000000000000
0000000000000000000000000000000000000001111000000000000000000000
0000000000000000000000000000000000000001111110000000000000000000
