0000000000000000000000000000000000000000000000000000000000000000
0000000000000000000000000000000000000000000000000000000000000000
0000000000000000000000000000000000000000000000000000000000000000
0000000000000000000000000000000000000000000000000000000000000000
0000000000000000000000000000000000000000000000000000000000000000
0000000000000000000000000000000000000000000000000000000000000000
0000000000000000000000000000000000000000000000000000000000000000
0000000000000000000000000000000000011100000000000000000000000000
0000000000000000000000000000000000111110000000000000000000000000
0000000000000000000000000000000000011111000000000000000000000000
0000000000000000000000000000001000111111000000000000000000000000
0000000000000000000000000000001111111111000000000000000000000000
0000000000000000000000000000001100111111000000000000000000000000
0000000000000000000000000000000000011111000000000000000000000000
0000000000000000000000000000000000111111000000000000000000000000
0000000000000000000000000000000001111111100000000000000000000000
0000000000000000000000000000000000111111000000000000000000000000
0000000000000000000000000000000001111111000000000000000000000000
0000000000000000000000000000000001111111000000000000000000000000
0000000000000000000000000000000001111111000000000000000000000000
0000000000000000000000000000000001111110000000000000000000000000
0000000000000000000000000000000000111110000000000000000000000000
0000000000000000000000000000000000100011000000000000000000000000
0000000000000000000000000000000000000011100000000000000000000000
