0000000000000000000000000000000000000000000000000000000000000000
0000000000000000000000000000000000000000000000000000000000000000
0000000000000000000000000000000000000000000000000000000000000000
0000000000000000000000000000000000000000000000000000000000000000
0000000000000000000000000000000000000000000000000000000000000000
0000000000000000000000000000100000000000000000000000000000000000
0000000000000000000000000000000000000000000000000000000000000000
0000000000000000000000000000000000000111000000000000000000000000
0000000000000000000000000000000000011111100000000000000000000000
0000000000000000000000000000010000001111110000000000000000000000
0000000000000000000000000000001110001111110000000000000000000000
0000000000000000000000000000001111111111110000000000000000000000
0000000000000000000000000000001111011111110000000000000000000000
0000000000000000000000000000000000001111100000000000000000000000
0000000000000000000000000000000000001111100000000000000000000000
0000000000000000000000000000000111111111100000000000000000000000
0000000000000000000000000000000000111111100000000000000000000000
0000000000000000000000000000000000011111100000000000000000000000
0000000000000000000000000000000000011111100000000000000000000000
0000000000000000000000000000000000111111110000000000000000000000
0000000000000000000000000000000001111111110000000000000000000000
0000000000000000000000000000000001111111110000000000000000000000
0000000000000000000000000000000001111111000000000000000000000000
0000000000000000000000000000000001111100000000000000000000000000
