0000000000000000000000000000000000000000000000000000000000000000
0000000000000000000000000000000000000000000000000000000000000000
0000000000000000000000000000000000000000000000000000000000000000
0000000000000000000000000000000000000000000000000000000000000000
0000000000000000000000000000001000000000000000000000000000000000
0000000000000000000000000000001000000000000000000000000000000000
0000000000000000000000000000001000000000000000000000000000000000
0000000000000000000000000000000000000111100000000000000000000000
0000000000000000000000000000000000011111110000000000000000000000
0000000000000000000000000000001100000111110000000000000000000000
0000000000000000000000000000000011000111111000000000000000000000
0000000000000000000000000000000111111111111000000000000000000000
0000000000000000000000000000001111111111111000000000000000000000
0000000000000000000000000000000000001111110000000000000000000000
0000000000000000000000000000001000001111110000000000000000000000
0000000000000000000000000000001111101111110000000000000000000000
0000000000000000000000000000000011111111110000000000000000000000
0000000000000000000000000000000001111111110000000000000000000000
0000000000000000000000000000000001111111110000000000000000000000
0000000000000000000000000000000000011111110000000000000000000000
0000000000000000000000000000000000011111111000000000000000000000
0000000000000000000000000000001000111111111000000000000000000000
0000000000000000000000000000011000111111111000000000000000000000
0000000000000000000000000000011001111111110000000000000000000000
