0000000000000000000000000000000000000000000000000000000000000000
0000000000000000000000000000000000000000000000000000000000000000
0000000000000000000000000000000000000000000000000000000000000000
0000000000000000000000000000000000000000000000000000000000000000
0000000000000000000000000000000100000000000000000000000000000000
0000000000000000000000000000000100000000000000000000000000000000
0000000000000000000000000000000100000000000000000000000000000000
0000000000000000000000000000000000000111110000000000000000000000
0000000000000000000000000000000000011111111000000000000000000000
0000000000000000000000000000000100000111111000000000000000000000
0000000000000000000000000000000001100111111000000000000000000000
0000000000000000000000000000000011111111111000000000000000000000
0000000000000000000000000000001111111111111000000000000000000000
0000000000000000000000000000000000001111111000000000000000000000
0000000000000000000000000000000000001111110000000000000000000000
0000000000000000000000000000001110001111110000000000000000000000
0000000000000000000000000000000011111111110000000000000000000000
0000000000000000000000000000000011111111111000000000000000000000
0000000000000000000000000000000011111111111000000000000000000000
0000000000000000000000000000000000011111111000000000000000000000
0000000000000000000000000000000000011111111000000000000000000000
0000000000000000000000000000010000111111111000000000000000000000
0000000000000000000000000000010000111111111100000000000000000000
0000000000000000000000000000110000111111111000000000000000000000
