0000000000000000000000000000000000000000000000000000000000000000
0000000000000000000000000000000000000000000000000000000000000000
0000000000000000000000000000000000000000000000000000000000000000
0000000000000000000000000000000000000000000000000000000000000000
0000000000000000000000000000000010000000000000000000000000000000
0000000000000000000000000000000010000000000000000000000000000000
0000000000000000000000000000000010000000000000000000000000000000
0000000000000000000000000000000000000111110000000000000000000000
0000000000000000000000000000000000001111111100000000000000000000
0000000000000000000000000000000110000111111100000000000000000000
0000000000000000000000000000000001100011111100000000000000000000
0000000000000000000000000000000001111111111100000000000000000000
0000000000000000000000000000000111111111111100000000000000000000
0000000000000000000000000000000011011111111100000000000000000000
0000000000000000000000000000000000001111111000000000000000000000
0000000000000000000000000000011000000111111000000000000000000000
0000000000000000000000000000010111111111111000000000000000000000
0000000000000000000000000000000111111111111000000000000000000000
0000000000000000000000000000000111111111111000000000000000000000
0000000000000000000000000000000000001111111000000000000000000000
0000000000000000000000000000100000001111111100000000000000000000
0000000000000000000000000000000000011111111000000000000000000000
0000000000000000000000000000100000111111111100000000000000000000
0000000000000000000000000001100000111111111100000000000000000000
