0000000000000000000000000000000000000000000000000000000000000000
0000000000000000000000000000000000000000000000000000000000000000
0000000000000000000000000000000000000000000000000000000000000000
0000000000000000000000000000000000000000000000000000000000000000
0000000000000000000000000000000001000000000000000000000000000000
0000000000000000000000000000000000000000000000000000000000000000
0000000000000000000000000000000010000000000000000000000000000000
0000000000000000000000000000000010000011111000000000000000000000
0000000000000000000000000000000000001111111100000000000000000000
0000000000000000000000000000000110000111111100000000000000000000
0000000000000000000000000000000101100011111100000000000000000000
0000000000000000000000000000000001111011111100000000000000000000
0000000000000000000000000000000111111111111100000000000000000000
0000000000000000000000000000000011111111111100000000000000000000
0000000000000000000000000000000000001111111100000000000000000000
0000000000000000000000000000010000000111111000000000000000000000
0000000000000000000000000000011111111111111000000000000000000000
0000000000000000000000000000000111111111111000000000000000000000
0000000000000000000000000000000111111111111100000000000000000000
0000000000000000000000000000000111001111111100000000000000000000
0000000000000000000000000000000000001111111100000000000000000000
0000000000000000000000000000000000011111111100000000000000000000
0000000000000000000000000001000000011111111100000000000000000000
0000000000000000000000000001000000111111111110000000000000000000
