0000000000000000000000000000000000000000000000000000000000000000
0000000000000000000000000000000000000000000000000000000000000000
0000000000000000000000000000000000000000000000000000000000000000
0000000000000000000000000000000000000000000000000000000000000000
0000000000000000000000000000000001000000000000000000000000000000
0000000000000000000000000000000001000000000000000000000000000000
0000000000000000000000000000000000000000000000000000000000000000
0000000000000000000000000000000010000011111000000000000000000000
0000000000000000000000000000000010001111111110000000000000000000
0000000000000000000000000000000110000111111110000000000000000000
0000000000000000000000000000000100100011111110000000000000000000
0000000000000000000000000000000000111011111110000000000000000000
0000000000000000000000000000000011111111111110000000000000000000
0000000000000000000000000000000011111111111110000000000000000000
0000000000000000000000000000000000001111111100000000000000000000
0000000000000000000000000000010000000111111100000000000000000000
0000000000000000000000000000011110000111111000000000000000000000
0000000000000000000000000000000111111111111000000000000000000000
0000000000000000000000000000000111111111111100000000000000000000
0000000000000000000000000000001111101111111100000000000000000000
0000000000000000000000000000000000001111111100000000000000000000
0000000000000000000000000001000000001111111100000000000000000000
0000000000000000000000000001000000011111111100000000000000000000
0000000000000000000000000001000000011111111110000000000000000000
