0000000000000000000000000000000000000000000000000000000000000000
0000000000000000000000000000000000000000000000000000000000000000
0000000000000000000000000000000000000000000000000000000000000000
0000000000000000000000000000000000100000000000000000000000000000
0000000000000000000000000000000000100000000000000000000000000000
0000000000000000000000000000000000100000000000000000000000000000
0000000000000000000000000000000001000000000000000000000000000000
0000000000000000000000000000000001000011111110000000000000000000
0000000000000000000000000000000000001111111111000000000000000000
0000000000000000000000000000000011000111111111000000000000000000
0000000000000000000000000000000011100011111111000000000000000000
0000000000000000000000000000000100110001111111000000000000000000
0000000000000000000000000000000000111111111111000000000000000000
0000000000000000000000000000001001111111111111000000000000000000
0000000000000000000000000000000000111111111111000000000000000000
0000000000000000000000000000010000011111111111000000000000000000
0000000000000000000000000000010000000111111110000000000000000000
0000000000000000000000000000111110000111111100000000000000000000
0000000000000000000000000000001111111111111100000000000000000000
0000000000000000000000000000001111111111111110000000000000000000
0000000000000000000000000001011111111111111110000000000000000000
0000000000000000000000000000000000000111111110000000000000000000
0000000000000000000000000010000000001111111111000000000000000000
0000000000000000000000000010000000001111111111000000000000000000
