0000000000000000000000000000000000000000000000000000000000000000
0000000000000000000000000000000000000000000000000000000000000000
0000000000000000000000000000000000000000000000000000000000000000
0000000000000000000000000000000000010000000000000000000000000000
0000000000000000000000000000000000100000000000000000000000000000
0000000000000000000000000000000000100000000000000000000000000000
0000000000000000000000000000000000100000111111100000000000000000
0000000000000000000000000000000001000011111111111000000000000000
0000000000000000000000000000000001000111111111111100000000000000
0000000000000000000000000000000010000011111111111100000000000000
0000000000000000000000000000000111100011111111111100000000000000
0000000000000000000000000000000111100001111111111100000000000000
0000000000000000000000000000000100010001111111111100000000000000
0000000000000000000000000000001000011111111111111000000000000000
0000000000000000000000000000001001111111111111111000000000000000
0000000000000000000000000000010001111111111111111000000000000000
0000000000000000000000000000010000111111111111111000000000000000
0000000000000000000000000000100000011111111111110000000000000000
0000000000000000000000000000100000001111111111110000000000000000
0000000000000000000000000001111100000111111111110000000000000000
0000000000000000000000000001011111111111111111110000000000000000
0000000000000000000000000000011111111111111111100000000000000000
0000000000000000000000000010011111111111111111100000000000000000
0000000000000000000000000010111111111111111111110000000000000000
