0000000000000000000000000000000000000000000000000000000000000000
0000000000000000000000000000000000000000000000000000000000000000
0000000000000000000000000000000000000000000000000000000000000000
0000000000000000000000000000000000110000000000000000000000000000
0000000000000000000000000000000000100000000000000000000000000000
0000000000000000000000000000000000100000000000000000000000000000
0000000000000000000000000000000001000000111111110000000000000000
0000000000000000000000000000000001000011111111111100000000000000
0000000000000000000000000000000001000111111111111100000000000000
0000000000000000000000000000000010000011111111111110000000000000
0000000000000000000000000000000111000011111111111110000000000000
0000000000000000000000000000000111100001111111111110000000000000
0000000000000000000000000000000100010000111111111100000000000000
0000000000000000000000000000001000011111111111111100000000000000
0000000000000000000000000000001001111111111111111100000000000000
0000000000000000000000000000010001111111111111111100000000000000
0000000000000000000000000000010000111111111111111000000000000000
0000000000000000000000000000100000111111111111111000000000000000
0000000000000000000000000000100000011111111111111000000000000000
0000000000000000000000000001100000001111111111111000000000000000
0000000000000000000000000011111111101111111111111000000000000000
0000000000000000000000000001011111111111111111110000000000000000
0000000000000000000000000010011111111111111111110000000000000000
0000000000000000000000000010111111111111111111110000000000000000
