0000000000000000000000000000000000000000000000000000000000000000
0000000000000000000000000000000000000000000000000000000000000000
0000000000000000000000000000000000000000000000000000000000000000
0000000000000000000000000000000000100000000000000000000000000000
0000000000000000000000000000000000100000000000000000000000000000
0000000000000000000000000000000000100000000000000000000000000000
0000000000000000000000000000000001000000111111111000000000000000
0000000000000000000000000000000001000011111111111100000000000000
0000000000000000000000000000000000000011111111111110000000000000
0000000000000000000000000000000010000001111111111111000000000000
0000000000000000000000000000000111000011111111111111000000000000
0000000000000000000000000000000111100001111111111111000000000000
0000000000000000000000000000000100110000111111111110000000000000
0000000000000000000000000000001000011001111111111110000000000000
0000000000000000000000000000001000011111111111111100000000000000
0000000000000000000000000000010001111111111111111100000000000000
0000000000000000000000000000010001111111111111111100000000000000
0000000000000000000000000000100000111111111111111100000000000000
0000000000000000000000000000100000011111111111111100000000000000
0000000000000000000000000001100000001111111111111100000000000000
0000000000000000000000000011111110001111111111111100000000000000
0000000000000000000000000011111111111111111111111100000000000000
0000000000000000000000000010011111111111111111111000000000000000
0000000000000000000000000010011111111111111111110000000000000000
