0000000000000000000000000000000000000000000000000000000000000000
0000000000000000000000000000000000000000000000000000000000000000
0000000000000000000000000000000000000000000000000000000000000000
0000000000000000000000000000000000000000000000000000000000000000
0000000000000000000000000000000001100000000000000000000000000000
0000000000000000000000000000000001000000001111100000000000000000
0000000000000000000000000000000001000001111111111110000000000000
0000000000000000000000000000000010000011111111111111000000000000
0000000000000000000000000000000010000001111111111111100000000000
0000000000000000000000000000000010000001111111111111110000000000
0000000000000000000000000000000110000011111111111111110000000000
0000000000000000000000000000001111000000111111111111110000000000
0000000000000000000000000000001111100000111111111111110000000000
0000000000000000000000000000001000110001111111111111100000000000
0000000000000000000000000000001000011011111111111111100000000000
0000000000000000000000000000010000011111111111111111000000000000
0000000000000000000000000000010011111111111111111111000000000000
0000000000000000000000000000110001111111111111111111000000000000
0000000000000000000000000000100001111111111111111111000000000000
0000000000000000000000000001100000111111111111111111000000000000
0000000000000000000000000001100000011111111111111111100000000000
0000000000000000000000000011111110011111111111111111100000000000
0000000000000000000000000111111111111111111111111111100000000000
0000000000000000000000000010011111111111111111111111000000000000
