0000000000000000000000000000000000000000000000000000000000000000
0000000000000000000000000000000000000000000000000000000000000000
0000000000000000000000000000000000000000000000000000000000000000
0000000000000000000000000000000000000000000000000000000000000000
0000000000000000000000000000000001000000000000000000000000000000
0000000000000000000000000000000001000000011111111100000000000000
0000000000000000000000000000000001000001111111111111100000000000
0000000000000000000000000000000001000011111111111111110000000000
0000000000000000000000000000000011000001111111111111111000000000
0000000000000000000000000000000010000011111111111111111000000000
0000000000000000000000000000000010000011111111111111111100000000
0000000000000000000000000000000110000000111111111111111100000000
0000000000000000000000000000001111000000111111111111111000000000
0000000000000000000000000000011111100000111111111111111000000000
0000000000000000000000000000001111100011111111111111111000000000
0000000000000000000000000000001101110111111111111111110000000000
0000000000000000000000000000001000111111111111111111110000000000
0000000000000000000000000000001000111111111111111111110000000000
0000000000000000000000000000010011111111111111111111110000000000
0000000000000000000000000000010011111111111111111111110000000000
0000000000000000000000000000110011111111111111111111111000000000
0000000000000000000000000000110011111111111111111111111000000000
0000000000000000000000000001111111111111111111111111111000000000
0000000000000000000000000011111111111111111111111111111000000000
