0000000000000000000000000000000000000000000000000000000000000000
0000000000000000000000000000000000000000000000000000000000000000
0000000000000000000000000000000000000000000000000000000000000000
0000000000000000000000000000000000000000000000000000000000000000
0000000000001000000000000000000000000000000000000000000000000000
0000000000000000000000000000000001100000111111111100000000000000
0000000000000000000000000000000001000011111111111111100000000000
0000000000000000000000000000000001000111111111111111100000000000
0000000000000000000000000000000001000001111111111111110000000000
0000000000000000000000000000000011000011111111111111111000000000
0000000000000000000000000000000010000011111111111111111000000000
0000000000000000000000000000000010000000111111111111111000000000
0000000000000000000000000000100110000000111111111111111000000000
0000000000000000000000000001100110000000111111111111111000000000
0000000000000000000000000001111100000011111111111111110000000000
0000000000000000000000000000011100000111111111111111110000000000
0000000000000000000000000000001110001111111111111111110000000000
0000000000000000000000000000001111111111111111111111110000000000
0000000000000000000000000000111111111111111111111111110000000000
0000000000000000000000000000111111111111111111111111110000000000
0000000000000000000000000000111111111111111111111111111000000000
0000000000000000000000000000111111111111111111111111111000000000
0000000000000000000000000000111111111111111111111111111000000000
0000000000000000000000000001111111111111111111111111111000000000
