0000000000000000000000000000000000000000000000000000000000000000
0000000000000000000000000000000000000000000000000000000000000000
0000000000000000000000000000000000000000000000000000000000000000
0000000000000000000000000000000000000000000000000000000000000000
0000000000000000000000000000000000000000000000000000000000000000
0000000000000110000000000000000000000000111111111100000000000000
0000000000000000000000000000000001000011111111111111000000000000
0000000000000000000000000000000001000111111111111111100000000000
0000000000000000000000000000000001000011111111111111110000000000
0000000000000000000000000000000011000011111111111111111000000000
0000000000000000000000000000000010000011111111111111111000000000
0000000000000000000000000000000010000000111111111111111000000000
0000000000000000000000000100000010000000111111111111111000000000
0000000000000000000000001111100110000001111111111111110000000000
0000000000000000000000000111110110000011111111111111110000000000
0000000000000000000000000000111100000111111111111111110000000000
0000000000000000000000000000111110001111111111111111110000000000
0000000000000000000000000011111111111111111111111111110000000000
0000000000000000000000000011111111111111111111111111110000000000
0000000000000000000000000011111111111111111111111111110000000000
0000000000000000000000000011111111111111111111111111111000000000
0000000000000000000000000001111111111111111111111111111000000000
0000000000000000000000000001111111111111111111111111111000000000
0000000000000000000000000001111111111111111111111111111000000000
