0000000000000000000000000000000000000000000000000000000000000000
0000000000000000000000000000000000000000000000000000000000000000
0000000000000000000000000000000000000000000000000000000000000000
0000000000000000000000000000000000000000000000000000000000000000
0000000000000000000000000000000000000000000000000000000000000000
0000000000000000000000000000000000000001111111111100000000000000
0000000000000011000000000000000001000011111111111111000000000000
0000000000000000000000000000000001000111111111111111100000000000
0000000000000000000000000000000011000011111111111111110000000000
0000000000000000000000000000000010000011111111111111110000000000
0000000000000000000000000000000010000011111111111111111000000000
0000000000000000000000000000000010000001111111111111111000000000
0000000000000000000000011000000010000000111111111111111000000000
0000000000000000000000011111000110000001111111111111110000000000
0000000000000000000000001111100110000011111111111111110000000000
0000000000000000000000000001100100000111111111111111110000000000
0000000000000000000000000001111100001111111111111111100000000000
0000000000000000000000000111111101111111111111111111110000000000
0000000000000000000000001111111111111111111111111111110000000000
0000000000000000000000001111111111111111111111111111110000000000
0000000000000000000000000111111111111111111111111111110000000000
0000000000000000000000000111111111111111111111111111111000000000
0000000000000000000000000011111111001111111111111111111000000000
0000000000000000000000000001111110001111111111111111111000000000
