0000000000000000000000000000000000000000000000000000000000000000
0000000000000000000000000000000000000000000000000000000000000000
0000000000000000000000000000000000000000000000000000000000000000
0000000000000000000000000000000000000000000000000000000000000000
0000000000000000000000000000000000000000000000000000000000000000
0000000000000000000000000000000000000001111111111100000000000000
0000000000000000000000000000000011000111111111111111000000000000
0000000000000000001000000000000011000111111111111111100000000000
0000000000000000000000000000000010000011111111111111110000000000
0000000000000000000000000000000010000011111111111111110000000000
0000000000000000000000000000000010000011111111111111110000000000
0000000000000000000000000000000010000001111111111111110000000000
0000000000000000000011100000000010000000111111111111110000000000
0000000000000000000011111000000110000001111111111111110000000000
0000000000000000000000001100000110000011111111111111110000000000
0000000000000000000000000111100100000111111111111111100000000000
0000000000000000000000011111111101111111111111111111100000000000
0000000000000000000000111111111111111111111111111111100000000000
0000000000000000000000111111111111111111111111111111110000000000
0000000000000000000000111111111111111111111111111111110000000000
0000000000000000000000111111111111111111111111111111110000000000
0000000000000000000000011111111100011111111111111111110000000000
0000000000000000000000001111111000001111111111111111110000000000
0000000000000000000000000111110000001111111111111111111000000000
