0000000000000000000000000000000000000000000000000000000000000000
0000000000000000000000000000000000000000000000000000000000000000
1110000000000000000000000000000000000000000000000000000000000000
0000000000000000000000000000000000000000000000000000000000000000
0000000000000000000000000000000000000000000000000000000000000000
0000000000000000000000000000000000000001111111111100000000000000
0000000000000000000000000000000100000111111111111111000000000000
0000000000000000000000000000000100001111111111111111100000000000
0000000000000000000100000000000100000011111111111111110000000000
0000000000000000000000000000000100000011111111111111110000000000
0000000000000000000000000000000100000111111111111111110000000000
0000000000000000000000000000000100000011111111111111110000000000
0000000000000010000000000000000100000000111111111111110000000000
1000000000000000111110000000001100000001111111111111110000000000
1111000000000000000011000000001100000011111111111111110000000000
1111111100000000000001111100001100000111111111111111100000000000
1111111100000000000111111110001111111111111111111111100000000000
1111110000000000001111111111001111111111111111111111100000000000
0000000000000000001111111111111111111111111111111111100000000000
0000000000000000001111111111111100111111111111111111110000000000
0000000000000000001111111111111000111111111111111111110000000000
0000000000000000001111111111110000011111111111111111110000000000
0000000000000000000011111111110000001111111111111111110000000000
0000000000000000000000111100110000001111111111111111110000000000
