0000000000000000111000000000000000000000000000000000000000000000
0000000000000001111100000000000000000000000000000000000000000000
0000000000000011111111000000000000000000000000000000000000000000
0000000000000111111111000000000000000000000000000000000000000000
0000000000000111111111100000000000000000000000000000000000000000
0000000000000011111110000000000000000111111111111000000000000000
0000000000000111111100000000011000001111111111111110000000000000
0000000000000111111100000000011000011111111111111111000000000000
0000000000000011111000000000011000001111111111111111000000000000
0000000000000011111000000000011000000111111111111111100000000000
0000000000000011111100000000010000001111111111111111100000000000
0000000000001111111111000000010000000111111111111111100000000000
0000000000111111111111110000010000000011111111111111100000000000
0000000111111111111111111100011000000011111111111111000000000000
0001111111111111111111111111111000000011111111111111000000000000
0111111111111111111111111111111110001111111111111111000000000000
0111111111111111111111111111111111111111111111111111000000000000
0011111111111111111111111111111111111111111111111111000000000000
0000111111111111111111111111111101111111111111111111000000000000
0000000000000000111111111111110001111111111111111111100000000000
0000000000000000111111111111100001111111111111111111100000000000
0000000000000000111111111111100000011111111111111111100000000000
0000000000000000111111111100100000011111111111111111100000000000
0000000000000000011111111001100000011111111111111111100000000000
