0000000000000011011101100000000000000000000000000000000000000000
0000000000000000111111100000000000000000000000000000000000000000
0000000000000000111111110000000000000000000000000000000000000000
0000000000000000111111111000000000000000000000000000000000000000
0000000000000000111111110000000000000000000000000000000000000000
0000000000000000111111111000100000001111111111110000000000000000
0000000000000000111111111000100000111111111111111000000000000000
0000000000000000001111110000100001111111111111111100000000000000
0000000000000000001111100000100000111111111111111110000000000000
0000000000000000000111100000100000011111111111111110000000000000
0000000000000000001111110000100000011111111111111110000000000000
0000000000000000011111111100100000001111111111111110000000000000
0000000000000001111111111111100000000101111111111110000000000000
0000000000000111111111111111110000000111111111111110000000000000
0000000000011111111111111111111111101111111111111110000000000000
0000000111111111111111111111111111111111111111111110000000000000
0000111111111111111111111111111111111111111111111110000000000000
0111111111111111111111111111111111111111111111111110000000000000
0001111111111111111111111111111111111111111111111110000000000000
0000000011111111111111111111111111111111111111111110000000000000
0000000000000000000011111111110011111111111111111110000000000000
0000000000000000000011111111000001111111111111111110000000000000
0000000000000000000111110010000000111111111111111111000000000000
0000000000000000001111100011000000111111111111111110000000000000
