0000000000000001100001110000000000000000000000000000000000000000
0000000000000000011111100000000000000000000000000000000000000000
0000000000000000111111110000000000000000000000000000000000000000
0000000000000000011111110000000000000000000000000000000000000000
0000000000000000001111110000000000000000000000000000000000000000
0000000000000000001111110000000000111111111111000000000000000000
0000000000000000000001111111000001111111111111110000000000000000
0000000000000000000001111111000011111111111111111000000000000000
0000000000000000000000111111000011111111111111111000000000000000
0000000000000000000000111111000000111111111111111100000000000000
0000000000000000000000111110000001111111111111111100000000000000
0000000000000000000111111111000000111111111111111100000000000000
0000000000000000001111111111000000001011111111111100000000000000
0000000000000000111111111111100000011111111111111000000000000000
0000000000000011111111111111110000011111111111111000000000000000
0000000000111111111111111111111101111111111111111000000000000000
0000000111111111111111111111111111111111111111111000000000000000
0000011111111111111111111111111111111111111111111000000000000000
0000011111111111111111111111111111111111111111111000000000000000
0000000111111111111111111111111111111111111111111100000000000000
0000000000000011111111111111111111111111111111111100000000000000
0000000000000000000001111100000011111111111111111100000000000000
0000000000000000000001111100000011111111111111111100000000000000
0000000000000000000111111100000001111111111111111100000000000000
