0000000000000000000011111000000000000000000000000000000000000000
0000000000000000000011111100000000000000000000000000000000000000
0000000000000000000011111110000000000000000000000000000000000000
0000000000000000000011111111000000000000000000000000000000000000
0000000000000000000011111111100000000000000000000000000000000000
0000000000000000000001111111000001111111111110000000000000000000
0000000000000000000111111111100111111111111111000000000000000000
0000000000000000000000111111101111111111111111100000000000000000
0000000000000000000000011111000111111111111111110000000000000000
0000000000000000000000011111000011111111111111110000000000000000
0000000000000000000000111111000011111111111111110000000000000000
0000000000000000000011111111110001111111111111110000000000000000
0000000000000000000111111111111000101111111111110000000000000000
0000000000000000001111111111111100111111111111110000000000000000
0000000000000000111111111111111111111111111111110000000000000000
0000000000000001111111111111111111111111111111110000000000000000
0000000000001111111111111111111111111111111111110000000000000000
0000000000111111111111111111111111111111111111110000000000000000
0000000001111111111111111111111111111111111111110000000000000000
0000000001111111111111111111111111111111111111110000000000000000
0000000000111111111111111111111111111111111111110000000000000000
0000000000000000000000011110001111111111111111111000000000000000
0000000000000000000000011100000111111111111111111000000000000000
0000000000000000000000011100000111111111111111111000000000000000
