0000000000000000000000000000000000000000000000000000000000000000
0000000000000000000000000000000111000000000000000000000000000000
0000000000000000000000000000001111111100000000000000000000000000
0000000000000000000000000000111111111110000000000000000000000000
0000000000000000000000000001111111111110000000000000000000000000
0000000000000000000000000000011111111100000000000000000000000000
0000000000000000000000000000001111111100000000000000000000000000
0000000000000000000000000000000111111110000000000000000000000000
0000000000000000000000000000000011111100000000000000000000000000
0000000000000000000000000000000010111100000000000000000000000000
0000000000000000000000000000000110111100000000000000000000000000
0000000000000000000000000000000111111110000000000000000000000000
0000000000000000000000000000001111111111000000000000000000000000
0000000000000000000000000000001111111111110000000000000000000000
0000000000000000000000000000001111111111110000000000000000000000
0000000000000000000000000000001111111111111100000000000000000000
0000000000000000000000000000111111111111111110000000000000000000
0000000000000000000000000001111111111111111110000000000000000000
0000000000000000000000000111111111111111111111000000000000000000
0000000000000000000000011111111111111111111111100000000000000000
0000000000000000000000000011111111111111111111000000000000000000
0000000000000000000000000000000111111111111110000000000000000000
0000000000000000000000000000000001111101111000000000000000000000
0000000000000000000000000000000001111000000000000000000000000000
