0000000000000000000000000000000000000000000000000000000000000000
0000000000000000000000000000000000001111111000000000000000000000
0000000000000000000000000000000000001111110000000000000000000000
0000000000000000000000000000000000111111110000000000000000000000
0000000000000000000000000000000000111111111000000000000000000000
0000000000000000000000000000000000110011111000000000000000000000
0000000000000000000000000000000000111111111000000000000000000000
0000000000000000000000000000000000111111111110000000000000000000
0000000000000000000000000000000111111111111111100000000000000000
0000000000000000000000000000000110111111110011111000000000000000
0000000000000000000000000000000110001111110110000000000000000000
0000000000000000000000000000000110001111111000000000000000000000
0000000000000000000000000000000110011111111000000000000000000000
0000000000000000000000000000001111111111111100000000000000000000
0000000000000000000000000000001111111111111111000000000000000000
0000000000000000000000000011111111111111111111111111000000000000
0000000000000000000001111111111111111111111111111111111000000000
0000000000000000000001111111111111111111111111111111111100000000
0000000000000000000001111111111111111111111111111111111100000000
0000000000000000000000011111111111111111111111111111111100000000
0000000000000000000000000111111111111111111111111111110000000000
0000000000000000000000000000111111111111111111111110000000000000
0000000000000000000000000000001111111111111100000000000000000000
0000000000000000000000000000000000111111000000000000000000000000
