0000000000000000000000000000000000000000000000000000000000000000
0000000000000000000000000000000000000011000000000000000000000000
0000000000000000000000000000000000001111111000000000000000000000
0000000000000000000000000000000000000011111110000000000000000000
0000000000000000000000000000000000000111111111100000000000000000
0000000000000000000000000000000000000111111111001000000000000000
0000000000000000000000000000000000001000111101100100000000000000
0000000000000000000000000000000000110000111111110100000000000000
0000000000000000000000000000000011000001111111111100000000000000
0000000000000000000000000000000010000001110111110000000000000000
0000000000000000000000000000000110000011000011110000000000000000
0000000000000000000000000000000110000110000011111000000000000000
0000000000000000000000000000000110011000000111110000000000000000
0000000000000000000000000000000111100000011111111000000000000000
0000000000000000000000000000001111000001111111111100000000000000
0000000000000000000000000000001111000001111111111100000000000000
0000000000000000000000000000000010000111111111111110000000000000
0000000000000000000000000000000000001111111111111110000000000000
0000000000000000000000000000000000011111111111111111000000000000
0000000000000000000000000000000000111111111111111111100000000000
0000000000000000000000000000000001111111111111111111110000000000
0000000000000000000000000000000011111111111111111111111000000000
0000000000000000000000000000000011111111111111111111111100000000
0000000000000000000000000000000000000011111111111111111110000000
