0000000000000000000000000000000000000000000000000000000000000000
0000000000000000000000000000000000000001110000000000000000000000
0000000000000000000000000000000000000011111100000000000000000000
0000000000000000000000000000000000000001111111000000000000000000
0000000000000000000000000000000000000001111111110000000000000000
0000000000000000000000000000000000000011111111110100000000000000
0000000000000000000000000000000000000010011110010001000000000000
0000000000000000000000000000000000000110001111111001100000000000
0000000000000000000000000000000010001100011111111111100000000000
0000000000000000000000000000000010001000111011111100000000000000
0000000000000000000000000000000110000000111001111000000000000000
0000000000000000000000000000000110000001100001111100000000000000
0000000000000000000000000000000110000110000001111100000000000000
0000000000000000000000000000000111001000000111111110000000000000
0000000000000000000000000000001111100000011111111110000000000000
0000000000000000000000000000001111000000011111111111000000000000
0000000000000000000000000000000010000001111111111111000000000000
0000000000000000000000000000000000000001111111111111100000000000
0000000000000000000000000000000000000011111111111111100000000000
0000000000000000000000000000000000000011111111111111110000000000
0000000000000000000000000000000000000111111111111111111000000000
0000000000000000000000000000000000000111111111111111111100000000
0000000000000000000000000000000000000111111111111111111110000000
0000000000000000000000000000000000000111111111111111111111000000
