0000000000000000000000000000000000000000000000000000000000000000
0000000000000000000000000000000000000000111100000000000000000000
0000000000000000000000000000000000000001111111000000000000000000
0000000000000000000000000000000000000000111111110000000000000000
0000000000000000000000000000000000000000111111111000000000000000
0000000000000000000000000000000000000000111111111101000000000000
0000000000000000000000000000000000000000101111100100010000000000
0000000000000000000000000000000000000001000111111100001000000000
0000000000000000000000000000000010000001000111111111001100000000
0000000000000000000000000000000010000001001111111110000000000000
0000000000000000000000000000000110000011001110111110000000000000
0000000000000000000000000000000110000000111000011110000000000000
0000000000000000000000000000000110000000100000011111000000000000
0000000000000000000000000000000111000011000001111111000000000000
0000000000000000000000000000001111001100000111111111100000000000
0000000000000000000000000000001111100000001111111111100000000000
0000000000000000000000000000000010000000001111111111100000000000
0000000000000000000000000000000000000000011111111111110000000000
0000000000000000000000000000000000000000111111111111110000000000
0000000000000000000000000000000000000000111111111111111000000000
0000000000000000000000000000000000000000111111111111111000000000
0000000000000000000000000000000000000000111111111111111100000000
0000000000000000000000000000000000000000111111111111111111000000
0000000000000000000000000000000000000000011111111111111111000000
