0000000000000000000000000000000000000000000000001111111000000000
0000000000000000000000000000000000000000000000001111111110000000
0000000000000000000000000000000000000000000000000111111111000000
0000000000000000000000000000000000000000000000000111111111000000
0000000000000000000000000000000000000000000000001111111111100000
0000000000000000000000000000000000000000000000001011111111110000
0000000000000000000000000000000000000000000000010001111111110000
0000000000000000000000000000000000000000000000010000001111111000
0000000000000000000000000000000010000000000000100000001111111111
0000000000000000000000000000000010000000000000100000011111111111
0000000000000000000000000000000110000000000000110000011111111100
0000000000000000000000000000000110000000000000110000111111111100
0000000000000000000000000000000110000000000000011000011111111110
0000000000000000000000000000001111000000000000000000011111111110
0000000000000000000000000000001111000000000000000000111111111111
0000000000000000000000000000001111000000000000000001111111111111
0000000000000000000000000000000010000000000000000111111111111111
0000000000000000000000000000000000000000000000011111111111111111
0000000000000000000000000000000000000000000000001111111111111111
0000000000000000000000000000000000000000000000001111111111111111
0000000000000000000000000000000000000000000000011111111111111111
0000000000000000000000000000000000000000000000111111111111111111
0000000000000000000000000000000000000000000001111111111111111111
0000000000000000000000000000000000000000000011111111111111111111
