0000000000000000000000000000000000000000000000000000001111111111
0000000000000000000000000000000000000000000000000000000111111111
0000000000000000000000000000000000000000000000000000000111111111
0000000000000000000000000000000000000000000000000000001111111111
0000000000000000000000000000000000000000000000000000011111111111
0000000000000000000000000000000000000000000000000000010001111111
0000000000000000000000000000000000000000000000000000110000111111
0000000000000000000000000000000000000000000000000001100000011111
0000000000000000000000000000000010000000000000000011000000011111
0000000000000000000000000000000010000000000000000010000000011111
0000000000000000000000000000000110000000000000000110000000110011
0000000000000000000000000000000110000000000000000100000011000001
0000000000000000000000000000000110000000000000000100000110000000
0000000000000000000000000000000111000000000000001110000000000001
0000000000000000000000000000001111000000000000000000000000000011
0000000000000000000000000000001111000000000000000000000000001111
0000000000000000000000000000000010000000000000000000000000111111
0000000000000000000000000000000000000000000000000000000000111111
0000000000000000000000000000000000000000000000000000000011111111
0000000000000000000000000000000000000000000000000000000111111111
0000000000000000000000000000000000000000000000000000011111111111
0000000000000000000000000000000000000000000000000000111111111111
0000000000000000000000000000000000000000000000000001111111111111
0000000000000000000000000000000000000000000000000011111111111111
