0000000000000000000000000000000000000000000000000000000000000111
0000000000000000000000000000000000000000000000000000000000000111
0000000000000000000000000000000000000000000000000000000000000111
0000000000000000000000000000000000000000000000000000000000001111
0000000000000000000000000000000000000000000000000000000000011101
0000000000000000000000000000000000000000000000000000000000011000
0000000000000000000000000000000000000000000000000000000000110000
0000000000000000000000000000000000000000000000000000000001100000
0000000000000000000000000000000010000000000000000000000011000000
0000000000000000000000000000000010000000000000000000000110000001
0000000000000000000000000000000110000000000000000000001100000001
0000000000000000000000000000000110000000000000000000011000000110
0000000000000000000000000000000110000000000000000000110000011100
0000000000000000000000000000000111000000000000000011100001100100
0000000000000000000000000000001111000000000000000000000000111000
0000000000000000000000000000001111000000000000000000000000100000
0000000000000000000000000000000010000000000000110000011110000000
0000000000000000000000000000000000000000000000000000111000000000
0000000000000000000000000000000000000000000000000000000000000000
0000000000000000000000000000000000000000000000000000000000000001
0000000000000000000000000000000000000000000000000000000000000011
0000000000000000000000000000000000000000000000000000000000000111
0000000000000000000000000000000000000000000000000000000000011111
0000000000000000000000000000000000000000000000000000000000011111
