0000000000000000000000000000000000000000000000000000000000000000
0000000000000000000000000000000000000000000000000000000000000000
0000000000000000000000000000000000000000000000000000000000000000
0000000000000000000000000000000000000000000000000000000000000000
0000000000000000000000000000000000000000000000000000000000000000
0000000000000000000000000000000000000000000000000000000000000001
0000000000000000000000000000000000000000000000000000000000000001
0000000000000000000000000000000000000000000000000000000000000011
0000000000000000000000000000000110000000000000000000000000000110
0000000000000000000000000000000010000000000000000000000000001100
0000000000000000000000000000000110000000000000000000000000011000
0000000000000000000000000000000110000000000000000000000000110000
0000000000000000000000000000001110000000000000000000000011000011
0000000000000000000000000000001110000000000000000000000110000111
0000000000000000000000000000001111000000000000000000011111111100
0000000000000000000000000000001111000000000000000000000000000111
0000000000000000000000000000000100000000000000000000000000000111
0000000000000000000000000000000000000000000000000000000000001100
0000000000000000000000000000000000000000000000000000000000111000
0000000000000000000000000000000000000000000011111111111111110000
0000000000000000000000000000000000000000000000000000000011000000
0000000000000000000000000000000000000000000000000000011100000000
0000000000000000000000000000000000000000000000001111000000000000
0000000000000000000000000000000000000000000000000000000000000000
