0000000000000000000000000000000000000000000000000000000000000000
0000000000000000000000000000000000000000000000000000000000000000
0000000000000000000000000000000000000000000000000000000000000000
0000000000000000000000000000000000000000000000000000000000000000
0000000000000000000000000000000000000000000000000000000000000000
0000000000000000000000000000000000000000000000000000000000000000
0000000000000000000000000000000000000000000000000000000000000000
0000000000000000000000000011100000000000000000000000000000000000
0000000000000000000000000001100000000000000000000000000000000000
0000000000000000000000000001100000000000000000000000000000000000
0000000000000000000000000011100000000000000000000000000000000000
0000000000000000000000000011010000000000000000000000000000000000
0000000000000000000000000011100000000000000000000000000000000000
0000000000000000000000000111100000000000000000000000000000000000
0000000000000000000000000111110000000000000000000000000000000000
0000000000000000000000001111110000000000000000000000000000000000
0000000000000000000000001111110000000000000000000000000000000000
0000000000000000000000001111111000000000000000000000000000000000
0000000000000000000000001111111000000000000000000000000000000000
0000000000000000000000000001100000000000000000000000000000000000
0000000000000000000000000001100000000000000000000000000000000000
0000000000000000000000000000000000000000000000000000000000000000
0000000000000000000000000000000000000000000000000000000000000000
0000000000000000000000000000000000000000000000000000000000000000
