0000000000000000000000000000000000000000000000000000000000000000
0000000000000000000000000000000000000000000000000000000000000000
0000000000000000000000000000000000000000000000000000000000000000
0000000000000000000000000000000000000000000000000000000000000000
0000000000000000000000000000000000000000000000000000000000000000
0000000000000000000000000000000000000000000000000000000000000000
0000000000000000000000000000000000000000000000000000000000000000
0000000000000000000000001111000000000000000000000000000000000000
0000000000000000000000000010000000000000000000000000000000000000
0000000000000000000000000110000000000000000000000000000000000000
0000000000000000000000001111000000000000000000000000000000000000
0000000000000000000000000111100000000000000000000000000000000000
0000000000000000000000001111000000000000000000000000000000000000
0000000000000000000000001111000000000000000000000000000000000000
0000000000000000000000011111100000000000000000000000000000000000
0000000000000000000000011111100000000000000000000000000000000000
0000000000000000000000111111100000000000000000000000000000000000
0000000000000000000000111111100000000000000000000000000000000000
0000000000000000000000111111110000000000000000000000000000000000
0000000000000000000000111111110000000000000000000000000000000000
0000000000000000000000000011000000000000000000000000000000000000
0000000000000000000000000011000000000000000000000000000000000000
0000000000000000000000000000000000000000000000000000000000000000
0000000000000000000000000000000000000000000000000000000000000000
