0000000000000000000000000000000000000000000000000000000000000000
0000000000000000000000000000000000000000000000000000000000000000
0000000000000000000000000000000000000000000000000000000000000000
0000000000000000000000000000000000000000000000000000000000000000
0000000000000000000000000000000000000000000000000000000000000000
0000000000000000001111000000000000000000000000000000000000000000
0000000000000000011111110000000000000000000000000000000000000000
0000000000000000011111111000000000000000000000000000000000000000
0000000000000000000111000000000000000000000000000000000000000000
0000000000000000001111000000000000000000000000000000000000000000
0000000000000000011111100000000000000000000111100000000000000000
0000000000000000011111000000000000000000011111110000000000000000
0000000000000000011111000000000000000000111111111110000000000000
0000000000000000011111000000000000000000000111110000000000000000
0000000000000000111111000000000000000000000111100000000000000000
0000000000000001111111000000000000000000001111110000000000000000
0000000000000001111111100000000000000000010111111000000000000000
0000000000000001111111100000000000000000110011111100000000000000
0000000000000001111111110000000000000010000111110010100000000000
0000000000000011111111110000000000000000000111110000000000000000
0000000000000011111111110000000000000000001111111000000000000000
0000000000000011111111111000000000000000001111111000000000000000
0000000000000011111111111000000000000000001111111100000000000000
0000000000000011111111111000000000000000000010110000000000000000
