0000000000000000000000000000000000000000000000000000000000000000
0000000000000000000000000000000000000000000000000000000000000000
0000000000000000000000000000000000000000000000000000000000000000
0000000000000000000000000000000000000000000000000000000000000000
0000000000000000000000000000000000000000000000000000000000000000
0000000000000000011111100000000000000000000000000000000000000000
0000000000000000011111110000000000000000000000000000000000000000
0000000000000000111111111000000000000000000000000000000000000000
0000000000000000000111000000000000000000000000000000000000000000
0000000000000000001111000000000000000000000001111000000000000000
0000000000000000011111110000000000000000010011111100000000000000
0000000000000001111111111000000000000000001111111000000000000000
0000000000000000111110001100000000000000000111111110000000000000
0000000000000000111110001110000000000000000111100000000000000000
0000000000000000111110011100000000000000000111100000000000000000
0000000000000001111110111000000000000000011111110000000000000000
0000000000000011111111100000000000000000100111101000000000000000
0000000000000011111111100000000000000000111111111000000000000000
0000000000000011111111100000000000000000111111111000000000000000
0000000000000111111111110000000000000000011111110000000000000000
0000000000000111111111110000000000000000001111110000000000000000
0000000000001111111111110000000000000000001111110000000000000000
0000000000001111111111110000000000000000001111111000000000000000
0000000000001111111111110000000000000000001101111000000000000000
