0000000000000000000000000000000000000000000000000000000000000000
0000000000000000000000000000000000000000000000000000000000000000
0000000000000000000000000000000000000000000000000000000000000000
0000000000000000000000000000000000000000000000000000000000000000
0000000000000000000000000000000000000000000000000000000000000000
0000000000000000011111100000000000000000000000000000000000000000
0000000000000000011111111000000000000000000000000000000000000000
0000000000000000111111111000000000000000000000000000000000000000
0000000000000000000111100000000000000000000000000000000000000000
0000000000000000001111000000000000000000000001111100000000000000
0000000000000000011111110000000000000000110011111000000000000000
0000000000000000111111111000000000000000001111111000000000000000
0000000000000000111111001100000000000000000111111110000000000000
0000000000000000111110000110000000000000000111100000000000000000
0000000000000000111110001100000000000000000111100000000000000000
0000000000000001111110011000000000000000011111110000000000000000
0000000000000001111111110000000000000000101111101000000000000000
0000000000000011111111100000000000000001111111111000000000000000
0000000000000011111111100000000000000000111111111100000000000000
0000000000000111111111110000000000000000011111100000000000000000
0000000000000111111111110000000000000000011111110000000000000000
0000000000000111111111110000000000000000011111110000000000000000
0000000000001111111111110000000000000000011111111000000000000000
0000000000001111111111111000000000000000011111111100000000000000
