0000000000000000000000000000000000000000000000000000000000000000
0000000000000000000000000000000000000000000000000000000000000000
0000000000000000000000000000000000000000000000000000000000000000
0000000000000000000000000000000000000000000000000000000000000000
0000000000000000000000000000000000000000000000000000000000000000
0000000000000000011111110000000000000000000000000000000000000000
0000000000000000011111111000000000000000000000000000000000000000
0000000000000000111111111100000000000000000000000000000000000000
0000000000000000000111100000000000000000000000000000000000000000
0000000000000000000111100000000000000000000011111000000000000000
0000000000000000011111111000000000000001111111111000000000000000
0000000000000000111111111100000000000000001111111000000000000000
0000000000000001111111001110000000000000001111111111000000000000
0000000000000000111111000111000000000000000111100000000000000000
0000000000000000111110000110000000000000001111100000000000000000
0000000000000001111110011100000000000000011111110000000000000000
0000000000000001111111111000000000000000101111111000000000000000
0000000000000011111111100000000000000001101111111100000000000000
0000000000000011111111100000000000000001111111111100000000000000
0000000000000111111111110000000000000001111111100100000000000000
0000000000000111111111110000000000000000011111110000000000000000
0000000000000111111111111000000000000000011111110000000000000000
0000000000001111111111111000000000000000011111111000000000000000
0000000000001111111111111000000000000000011111111100000000000000
