0000000000000000000000000000000000000000000000000000000000000000
0000000000000000000000000000000000000000000000000000000000000000
0000000000000000000100000000000000000000000000000000000000000000
0000000000000000011111111110000000000000000000000000000000000000
0000000000000000111111111111000000000000000000000000000000000000
0000000000000000011111111111110000000000000000000000000000000000
0000000000000000011111111111110000000000000000000000000000000000
0000000000000000111111111111110000000000111111000000000000000000
0000000000000000000111111100000000000000111111000000000000000000
0000000000000000000111111100000000000011111111000000000000000000
0000000000000000000111111111000011111111111111110000000000000000
0000000000000000011111111111100000111111111111111110000000000000
0000000000000000111111111111110000000111111111111111000000000000
0000000000000001111111111111111000000111111110000000000000000000
0000000000000000011111111000111100000011111110000000000000000000
0000000000000000011111110000111100000011111110000000000000000000
0000000000000000011111100001111000000111111110000000000000000000
0000000000000000111111100011110000001111111111000000000000000000
0000000000000001111111110111100000011001111111100000000000000000
0000000000000001111111111111100000111000111111111100000000000000
0000000000000011111111111110000000111100111111111110000000000000
0000000000000111111111111100000000111111111111000010000000000000
0000000000000111111111111110000000111111111111100000000000000000
0000000000000111111111111111000000011111111111100000000000000000
