0000000000000000000000000000000000000000000000000000000000000000
0000000000000000000000000000000000000000000000000000000000000000
0000000000000000001100000000000000000000000000000000000000000000
0000000000000000011111111111100000000000000000000000000000000000
0000000000000000111111111111110000000000000000000000000000000000
0000000000000000111111111111111100000000000000000000000000000000
0000000000000000011111111111111110000111111000000000000000000000
0000000000000000011111111111111111000111111111100000000000000000
0000000000000000111111111111111110001111111110000000000000000000
0000000000000000000111111111010000011111111110000000000000000000
0000000000000000000011111111111111111111111111000000000000000000
0000000000000000000011111111111111111111111111111000000000000000
0000000000000000000111111111111111111111111111111111000000000000
0000000000000000011111111111111100111111111111111110000000000000
0000000000000000111111111111111101111111111000000000000000000000
0000000000000011111111111111111111111111111000000000000000000000
0000000000000000111111111111111110011111111000000000000000000000
0000000000000000011111111100111111111111111000000000000000000000
0000000000000000011111111100111111111111111100000000000000000000
0000000000000000011111111001111111111111111110000000000000000000
0000000000000000111111111011111111111111111110000000000000000000
0000000000000001111111111111111011100111111110000000000000000000
0000000000000001111111111111100011100011111110000000000000000000
0000000000000011111111111111100011111011111110000000000000000000
