0000000000000011111111100000000000000000000000000000000000000000
0000000000000111111111111111000000000000000000000000000000000000
0000000000001111111111111111100000000000000000000000000000000000
0000000000001111111111111111110000000000000000000000000000000000
0000000000001111111111111111111100000000000000000000000000000000
0000000000000111111111111111111110000001111111100000000000000000
0000000000000111111111111111111110000011111111111110000000000000
0000000000000111111111111111111100000011111111111100000000000000
0000000000000111111111111111110000000111111111111000000000000000
0000000000000000111111111110000000001111111111111000000000000000
0000000000000000011111111111111111111111111111111000000000000000
0000000000000000011111111111111111111111111111111000000000000000
0000000000000000011111111111111111111111111111111111000000000000
0000000000000001111111111111111111111111111111111111111100000000
0000000000000111111111111111111111111111111111110000001111000000
0000000000001111111111111111111111111111111111100000000000000000
0000000000111111111111111111111111111111111111000000000000000000
0000000000111111111111111111111111111111111110000000000000000000
0000000000001111111111111111111111111111111110000000000000000000
0000000000000111111111110000111111111111111110000000000000000000
0000000000000111111111100000111111111111111110000000000000000000
0000000000000111111111100000111111111111111111000000000000000000
0000000000000111111111000001111111111111111111100000000000000000
0000000000001111111111100111111111111111111111110000000000000000
