0000000000000000000000000000000000001111111111111111110000000000
0000000000000000000000000011111111111111111111111111111111111110
0000000000000000000111111111111111111111111111111111111111111111
0000000000000011111111111111111111111111111111111111111111111111
0000000001111111111111111111111111111111111111111111111111111111
0000011111111111111111111111111111111111111111111111111111111111
0111111111111111111111111111110000000000111111111111111111111111
1111111111111111111111111111000000000000001111111111111111111111
1111111111111111111111111100000000000000000011111111111111111111
1111111111111111111110000000000000000000000001111111111111111111
1111111111111111111100000000000000000000000001111111111111111111
1111111111111111111000000000000000000000000001111111111111111111
1111111111111111111000000000000000000000000001111111111111111111
1111111111111111111000000000000000000000000001111111111111111111
1111111111111111111100000000000000000000000111111111111111111110
1111111111111111111111000000000000000000001111111111111111110000
1111111111111111111111111111111000000001111111111111111100000000
1111111111111111111111111111111111111111111111111110000000000000
1111111111111111111111111111111111111111111111000000000000000000
1111111111111111111111111111111111111110000000000000000000000000
1111111111111111111111111111100000000000000000000000000000000000
1000000000000000000000000000000000000000000000000000000000000000
0000000000000000000000000000000000000000000000000000000000000000
0000000000000000000000000000000000000000000000000000000000000000
