1111111111111111111111111100000000000011111111111111111111111111
1111111111111111111111111100000000000011111111111111111111111111
1111111111111111111111111100000000000011111111111111111111111111
1111111111111111111111111110000000000111111111111111111111111111
1111111111111111111111111111000000011111111111111111111111111111
1111111111111111111111111111110000111111111111111111111111111111
1111111111111111111111111111111111111111111111111111111111111111
1111111111111111111111111111110011111111111111111111111111111111
1111111111111111111111111111100000011111111111111111111111111111
1111111111111111111111111111000000000000111111111111111111111111
1111111111111111111111111000000000000000001111111111111111111111
1111111111111111111111100000000000000000001111111111111111111111
1111111111111111111111100000000000000011111111111111111111111111
1111111111111111111111111001000000111111111111111111111111111111
1111111111111111111111111111000000101111111111111111111111111111
1111111111111111111111111111000000001111111111111111111111111111
1111111111111111111111111111000000111111111111111111111111111111
1111111111111111111111111110000000111111111111111111111111111111
1111111111111111111111111100000000011111111111111111111111111111
1111111111111111111111111000000000001111111111111111111111111111
1111111111111111111111111000000000001111111111111111111111111111
1111111111111111111111111110000000111111111111111111111111111111
1111111111111111111111110000000000000001111111111111111111111111
1111111111111111111111111111001110011111111111111111111111111111
