1111111111111111111111111111111111111110011111111111111111111111
1111111111111111111111111111111111111100001111111111111111111111
1111111111111111111111111111111111000000000111111111111111111111
1111111111111111111111111111111110000000000001111111111111111111
1111111111111111111111111111111100000000000001111111111111111111
1111111111111111111111110000000000000000000000111111111111111111
1111111111111111111110000000000000000000000000001111111111111111
1111111111111111111000000000000000000000000000000001111111111111
1111111111111111111000000000000000000000000000000000011111111111
1111111111111111111100000000000000000000000000000000000111111111
1111111111111111111111001110000000000000000000000000000111111111
1111111111111111111111100000000000000000000000000000000111111111
1111111111111111111111111111000000000000000000001100000111111111
1111111111111111111111111111000000000000001111000000111111111111
1111111111111111111111111111000000000001111111111111111111111111
1111111111111111111111111111000000000000111111111111111111111111
1111111111111111111111111111000000000000011111111111111111111111
1111111111111111111111111111000000000000011111111111111111111111
1111111111111111111111111110000000000000011111111111111111111111
1111111111111111111111111100000000000000011111111111111111111111
1111111111111111111111111100000000000000011111111111111111111111
1111111111111111111111111000000000000000011111111111111111111111
1111111111111111111111110000000000000000111111111111111111111111
1111111111111111111111100000000000000000111111111111111111111111
