1111111111111111111111111111111111111111111111111000111111111111
1111111111111111111111111111111111111111111000000000111111111111
1111111111111111111111111111111111111111000000000000111111111111
1111111111111111111111100000000000001000000000000000011111111111
1111111111111111111110000000000000000000000000000000001111111111
1111111111111111111110000000000000000000000000000000001111111111
1111111111111111111110000000000000000000000000000000011111111111
1111111111111111111111111001100000000000000000000000011111111111
1111111111111111111111111100000000000000000000000000001111111111
1111111111111111111111111110000000000000000000000000000011111111
1111111111111111111111111111111100000000000000000000000000111111
1111111111111111111111111111111000000000001100000000000000011111
1111111111111111111111111111110000000000000011110000000000001111
1111111111111111111111111111000100000000000000000000000000000111
1111111111111111111111111100000000000000001111111111000000000111
1111111111111111111111111110000000000000000111111111100000000111
1111111111111111111111111111000000000000000111111111111000001111
1111111111111111111111111111110000000000000011111111111111111111
1111111111111111111111111110000000000000000011111111111111111111
1111111111111111111111111110000000000000000011111111111111111111
1111111111111111111111111111010000000000000011111111111111111111
1111111111111111111111111111110000000000000011111111111111111111
1111111111111111111111111111100000000000000011111111111111111111
1111111111111111111111111111100000000000000011111111111111111111
