1111111111111111111111111111111111111111111111101110000011111111
1111111111111111111111111111111111111111111000000000000111111111
1111111111111111111111000000000000000111100000000000000011111111
1111111111111111111110000000000000000000000000000000000001111111
1111111111111111111110000000000000000000000000000000000001111111
1111111111111111111110000000000000000000000000000000000001111111
1111111111111111111111111110000000000000000000000000000001111111
1111111111111111111111111110000000000000000000000000000011111111
1111111111111111111111111111000000000000000000000000000001111111
1111111111111111111111111111111000000000000000000000000000011111
1111111111111111111111111111110100000000000000000000000000000111
1111111111111111111111111111100110000000000000000000000000000011
1111111111111111111111111111100110000000000000001100000000000001
1111111111111111111111111111001110000000000010000011000000000000
1111111111111111111111111100001100000000000011110000000000000000
1111111111111111111111111000000000000000000001111111110000000000
1111111111111111111111111100000000000000000001111111111111000000
1111111111111111111111111111000000000000000001111111111111110001
1111111111111111111111111111000000000000000000111111111111111111
1111111111111111111111111100000000000000000000011111111111111111
1111111111111111111111111100000000000000000000011111111111111111
1111111111111111111111111111110000000000000000001111111111111111
1111111111111111111111111111100000000000000000001111111111111111
1111111111111111111111111111100000000000000000011111111111111111
