1111111111111111111111110000000000111111111111000000000000011111
1111111111111111111110000000000000000000110000000000000000011111
1111111111111111111110000000000000000000000000000000000000001111
1111111111111111111110000000000000000000000000000000000000000111
1111111111111111111110000000000000000000000000000000000000000111
1111111111111111111111111110001000000000000000000000000000000111
1111111111111111111111111111000000000000000000000000000000001111
1111111111111111111111111110000000000000000000000000000000001111
1111111111111111111111111111000000000000000000000000000000000111
1111111111111111111111111100011000000000000000000000000000000011
1111111111111111111111111000001100000000000000000000000000000000
1111111111111111111111111000011100000000000000000000000000000000
1111111111111111111111111000011100000000000000000000000000000000
1111111111111111111111111100111100000000000000111000001000000000
1111111111111111111111111100011100000000000000111110000011000000
1111111111111111111111110000010000000000000000111111100000000000
1111111111111111111111110000000000000000000000011111111111111000
1111111111111111111111110000000000000000000000011111111111111100
1111111111111111111111111000000000000000000000011111111111111110
1111111111111111111111111100000000000000000000001111111111111111
1111111111111111111111111000000000000000000000000111111111111111
1111111111111111111111111000010000000000000000000011111111111111
1111111111111111111111111111100000000000000000000001111111111111
1111111111111111111111111111100000000000000000000001111111111111
