1111111111111111111110000000000000000001111110000000000000000111
1111111111111111111110000000000000000000000000000000000000000111
1111111111111111111110010000000000000000000000000000000000000011
1111111111111111111110000000000000000000000000000000000000000001
1111111111111111111111000000100000000000000000000000000000000011
1111111111111111111111111110000000000000000000000000000000000011
1111111111111111111111111110000000000000000000000000000000000111
1111111111111111111111111110000000000000000000000000000000000111
1111111111111111111111111111100000000000000000000000000000000001
1111111111111111111111111111111000000000000000000000000000000000
1111111111111111111110000000000100000000000000000000000000000000
1111111111111111111110000000000000000000000000010000000000000000
1111111111111111111111000000000100000000000000000000000000000000
1111111111111111111111100000001100000000000000111110000000000000
1111111111111111111111110000011000000000000000011111000011000000
1111111111111111111111110000110000000000000000011111110000000000
1111111111111111111111100000000000000000000000011111111111000000
1111111111111111111111100000000000000000000000011111111111111100
1111111111111111111111100000000000000000000000001111111111111110
1111111111111111111111111000000000000000000000001111111111111111
1111111111111111111111111000000000000000000000000111111111111111
1111111111111111111111110000000000000000000000000011111111111111
1111111111111111111111110001100000000000000000000001111111111111
1111111111111111111111111111100000000000000000000000111111111111
