1111111111111111111100100000000000000000000000000000000000000001
1111111111111111111100000000000000000000000000000000000000000000
1111111111111111111110000000000000000000000000000000000000000000
1111111111111111111111100001100000000000000000000000000000000000
1111111111111111111111111100000000000000000000000000000000000000
1111111111111111111111111110000000000000000000000000000000000000
1111111111111111111111111100000000000000000000000000000000000001
1111111111111111111111111110000000000000000000000000000000000000
1111111111111111111111111111100000000000000000000000000000000000
1111111111111111111111111111111000000000000000000000000000000000
1111111111111111111111111111111100000000000000000000000000000000
1111111111111111110000000011111100000000000000011000000000000000
1111111111111111000000000000000000000000000000000000000000000000
1111111111111111100000000000000000000000000000011111100000000000
1111111111111111111000000000000000000000000000011111100000100000
1111111111111111111100000000000000000000000000011111110000000000
1111111111111111111110000000000000000000000000011111111110000000
1111111111111111111111100000000000000000000000011111111111111111
1111111111111111111111000000000000000000000000001111111111111111
1111111111111111111111000000000000000000000000001111111111111111
1111111111111111111111100000000000000000000000000111111111111111
1111111111111111111111100000000000000000000000000011111111111111
1111111111111111111111100000000000000000000000000001111111111111
1111111111111111111111111111000000000000000000000001111111111111
