1111111111111111111100100000000000000000000000000000000000000000
1111111111111111111110000000000000000000000000000000000000000000
1111111111111111111111000000000000000000000000000000000000000000
1111111111111111111111110001100000000000000000000000000000000000
1111111111111111111111111100000000000000000000000000000000000000
1111111111111111111111111110000000000000000000000000000000000000
1111111111111111111111111100000000000000000000000000000000000000
1111111111111111111111111110000000000000000000000000000000000000
1111111111111111111111111111100000000000000000000000000000000000
1111111111111111111111111111111000000000000000000000000000000000
1111111111111111111111111111111100000000000000100000000000000000
1111111111111111111111111111111100000000000000011000000000000000
1111111111111111000000000000111100000000000000000000000000000000
1111111111111111000000000000000000000000000000011111100000000000
1111111111111111110000000000000000000000000000011111110001100000
1111111111111111111000000000000000000000000000011111111000000000
1111111111111111111100000000000000000000000000011111111111000000
1111111111111111111111000000000000000000000000011111111111111111
1111111111111111111111000000000000000000000000011111111111111111
1111111111111111111111000000000000000000000000011111111111111111
1111111111111111111111000000000000000000000000001111111111111111
1111111111111111111111100000000000000000000000000111111111111111
1111111111111111111111000000000000000000000000000111111111111111
1111111111111111111111111111000000000000000000000011111111111111
