1111111111111111111110000000000000000000000000000000000000000000
1111111111111111111111000000000000000000000000000000000000000000
1111111111111111111111110001000000000000000000000000000000000000
1111111111111111111111111000000000000000000000000000000000000000
1111111111111111111111111110010000000000000000000000000000000000
1111111111111111111111111111100000000000000000000000000000000000
1111111111111111111111111000000000000000000000000000000000000000
1111111111111111111111111000000000000000000000000000000000000000
1111111111111111111111111110000000000000000000000000000000000000
1111111111111111111111111100000000000000000000000000000000000000
1111111111111111111000000000000000000000000001100000000000000000
1111111111111111000000000000000000000000000000000000000000000000
1111111111111111000000000000000000000000000000111110000000000000
1111111111111111110000000000000000000000000000111111011110000000
1111111111111111111100000000000000000000000000011111100001000000
1111111111111111111111000000000000000000000000011111111000000000
1111111111111111111111110000000000000000000000001111111111111100
1111111111111111111111110000000000000000000000001111111111111110
1111111111111111111111110000000000000000000000000111111111111111
1111111111111111111111111100000000000000000000000111111111111111
1111111111111111111111110000000000000000000000000011111111111111
1111111111111111111111100001100000000000000000000001111111111111
1111111111111111111111100111000000000000000000000000111111111111
1111111111111111111111111111000000000000000000000000011111111111
