1111111111111111111111000000000000000000000000000000000000000000
1111111111111111111111000000000000000000000000000000000000000000
1111111111111111111111111001100000000000000000000000000000000000
1111111111111111111111111100000000000000000000000000000000000000
1111111111111111111111111111001000000000000000000000000000000000
1111111111111111111111111111100000000000000000000000000000000000
1111111111111111111111111000000000000000000000000000000000000000
1111111111111111111111111000000000000000000000000000000000000000
1111111111111111111100000000000000000000000000000000000000000000
1111111111111111000000000000000000000000000000000000000000000000
1111111111111100000000000000000000000000000001110000000000000000
1111111111111100000000000000000000000000000000000000000000000000
1111111111111111100000000000000000000000000000111110000000000000
1111111111111111111000000000001000000000000000111111011100000000
1111111111111111111111000000111000000000000000011111100011100000
1111111111111111111110000000110000000000000000011111110000000000
1111111111111111111111000000000000000000000000001111111111111100
1111111111111111111111110000000000000000000000001111111111111110
1111111111111111111111111100000000000000000000000111111111111111
1111111111111111111111111000000000000000000000000111111111111111
1111111111111111111111100000000000000000000000000011111111111111
1111111111111111111111100001100000000000000000000001111111111111
1111111111111111111111111111000000000000000000000000111111111111
1111111111111111111111111111000000000000000000000000011111111111
