1111111111111111111111000000000000000000000000000000000000000000
1111111111111111111111100000000000000000000000000000000000000000
1111111111111111111111111001100000000000000000000000000000000000
1111111111111111111111111100000000000000000000000000000000000000
1111111111111111111111111111111000000000000000000000000000000000
1111111111111111111111111111100000000000000000000000000000000000
1111111111111111111100000000000000000000000000000000000000000000
1111111111111111100000000000000000000000000000000000000000000000
1111111111111110000000000000000000000000000000000000000000000000
1111111111111000000000000000000000000000000000000000000000000000
1111111111111000000000000000100000000000000001110000000000000000
1111111111111110000000000011111000000000000000000000000000000000
1111111111111111110000000111111000000000000000111110000000000000
1111111111111111111100000111111000000000000000111111001110000000
1111111111111111111100000011111000000000000000011111100001100000
1111111111111111111110000001000000000000000000011111111000000000
1111111111111111111111000000000000000000000000011111111111111100
1111111111111111111111100000000000000000000000001111111111111110
1111111111111111111111110000000000000000000000001111111111111111
1111111111111111111111111000000000000000000000000111111111111111
1111111111111111111111100000000000000000000000000011111111111111
1111111111111111111111100001100000000000000000000001111111111111
1111111111111111111111111111000000000000000000000001111111111111
1111111111111111111111111111000000000000000000000000111111111111
