1111111111111111111111000000000000000000000000000000000000000000
1111111111111111111111000000000000000000000000000000000000000000
1111111111111111111111110001000000000000000000000000000000000000
1111111111111111111111111000000000000000000000000000000000000000
1111111111111111111111111111110000000000000000000000000000000000
1111111111111111111100000000000000000000000000000000000000000000
1111111111111111100000000000000000000000000000000000000000000000
1111111111111111000000000000000000000000000000000000000000000000
1111111111111100000000000000000000000000000000000000000000000000
1111111111111000000000000100000000000000000000000000000000000000
1111111111111000000000001111000000000000000000100000000000000000
1111111111111110000000001111110000000000000000000000000000000000
1111111111111111111000000111111000000000000000111110000000000000
1111111111111111111000000111111000000000000000111111001110000000
1111111111111111111100000111000000000000000000111111100000000000
1111111111111111111110000011000000000000000000011111111100011100
1111111111111111111111000001000000000000000000011111111111111100
1111111111111111111111000000000000000000000000001111111111111110
1111111111111111111111100000000000000000000000001111111111111111
1111111111111111111111110000000000000000000000000111111111111111
1111111111111111111111100000100000000000000000000111111111111111
1111111111111111111111100001100000000000000000000011111111111111
1111111111111111111111111111000000000000000000000001111111111111
1111111111111111111111111111000000000000000000000000111111111111
