1111111111111111111100000000000000000000000000000000000000000001
1111111111111111111110000000000000000000000000000000000000000001
1111111111111111111111100010000000000000000000000000000000000001
1111111111111111111111111000000000000000000000000000000000000001
1111111111111111111111111111100000000000000000000000000000000001
1111111111111111111110000000000000000000000000000000000000000001
1111111111111111111000000000000000000000000000000000000000000000
1111111111111111100000000000000000000000000000000000000000000000
1111111111111111000000000100000000000000000000000000000000000000
1111111111111100000000001100000000000000000010000000000000000000
1111111111111100000000011111000000000000000000000000000000000000
1111111111111111100000011111110000000000000000011100000000000000
1111111111111111100000011111110000000000000000111110010000000000
1111111111111111100000011111001000000000000000111111000110000000
1111111111111111111000001110000000000000000000111111100000000000
1111111111111111111100000110000000000000000000011111111111111100
1111111111111111111100000000000000000000000000011111111111111100
1111111111111111111110000000000000000000000000011111111111111111
1111111111111111111111000000000000000000000000001111111111111111
1111111111111111111111111000000000000000000000001111111111111111
1111111111111111111111100000100000000000000000000111111111111111
1111111111111111111111000011100000000000000000000011111111111111
1111111111111111111111100111000000000000000000000001111111111111
1111111111111111111111111111000000000000000000000001111111111111
