1111111111111111111000000000000000000000000000000000000000000001
1111111111111111111110000000000000000000000000000000000000000001
1111111111111111111111000010000000000000000000000000000000000001
1111111111111111111111110000000000000000000000000000000000000001
1111111111111111111111111111100000000000000000000000000000000001
1111111111111111111111111111000000000000000000000000000000000000
1111111111111111111111111100000000000000000000000000000000000000
1111111111111111111111111000000000000000000000000000000000000000
1111111111111111111111100000000000000000000000000000000000000000
1111111111111111111110000110000000000000000001000000000000000000
1111111111111111110000011111100000000000000000000000000000000000
1111111111111111000000011111111000000000000000111110000000000000
1111111111111111000000111111100000000000000000111110011100000000
1111111111111111100000001110000000000000000000111111000001000000
1111111111111111111000000000000000000000000000011111111000000000
1111111111111111111100000000000000000000000000011111111111111100
1111111111111111111111000000000000000000000000011111111111111110
1111111111111111111111111111000000000000000000001111111111111111
1111111111111111111111111110000000000000000000001111111111111111
1111111111111111111111111000000000000000000000000111111111111111
1111111111111111111111110000010000000000000000000111111111111111
1111111111111111111111100001100000000000000000000011111111111111
1111111111111111111111100111100000000000000000000001111111111111
1111111111111111111111111111100000000000000000000000111111111111
