1111111111111111111100000000000000000000000000000000000000000000
1111111111111111111110000000000000000000000000000000000000000000
1111111111111111111111100011000000000000000000000000000000000000
1111111111111111111111110000000000000000000000000000000000000000
1111111111111111111111111111110000000000000000000000000000000000
1111111111111111111111111110000000000000000000000000000000000000
1111111111111111111111111000000000000000000000000000000000000000
1111111111111111111111100000000000000000000000000000000000000000
1111111111111111111110000010000000000000000000000000000000000000
1111111111111111111100001111000000000000000000100000000000000000
1111111111111111111000011111110000000000000000000000000000000000
1111111111111111100000011111111100000000000000011111000000000000
1111111111111111000000011111110000000000000000011111001111000000
1111111111111111100000001111000000000000000000001111100000100000
1111111111111111111000000000000000000000000000001111111100000000
1111111111111111111110000000000000000000000000001111111111111111
1111111111111111111111000000000000000000000000000111111111111111
1111111111111111111111111111100000000000000000000111111111111111
1111111111111111111111111111000000000000000000000111111111111111
1111111111111111111111111100000000000000000000000011111111111111
1111111111111111111111111000001000000000000000000011111111111111
1111111111111111111111110000110000000000000000000001111111111111
1111111111111111111111110001110000000000000000000000111111111111
1111111111111111111111111111100000000000000000000000011111111111
