1111111111111111111110000000000000000000000000000000000000000000
1111111111111111111111000000000000000000000000000000000000000000
1111111111111111111111110001100000000000000000000000000000000000
1111111111111111111111111100000000000000000000000000000000000000
1111111111111110111111111111111000000000000000000000000000000000
1111111111111000000000001111100000000000000000000000000000000000
1111111111110000000000011110000000000000000000000000000000000000
1111111111100000000000111110000000000000000000000000000000000000
1111111111000000000000111111100000000000000000000000000000000000
1111111110000000000001111111100000000000000000001000000000000000
1111111110000000000011111111111000000000000000000000000000000000
1111111100000000000001111111111110000000000000000111100000000000
1111111100000000000000111111111000000000000000000111110011100000
1111111100000000000000001111110000000000000000000111111000001000
1111111100000011110000000000000000000000000000000111111110000000
1111111100111111111100000000000000000000000000000011111111111111
1111111111111111111111100000000000000000000000000011111111111111
1111111111111111111111111110110000000000000000000011111111111111
1111111111111111111111111111100000000000000000000001111111111111
1111111111111111111111111110000000000000000000000001111111111111
1111111111111111111111111100000100000000000000000000111111111111
1111111111111111111111111000001100000000000000000000011111111111
1111111111111111111111111000111000000000000000000000011111111111
1111111111111111111111111111111000000000000000000000001111111111
