1111111111111111111111111111000100000000000000000000000000000000
1111111111111111111111111111100011000000000000000000000000000000
1111111111111111111111111111110000000000000000000000000000000000
1111111111111111111111111111111110110000000000000000000000000000
1111111111111111111111111111111111100000000000000000000000000000
1111111111111111111111111111111110000000000000000000000000000000
1111111111111111111111111111111110000000000000000000000000000000
1100001111111111111111111111111111000000000000000000000000000000
1000000011111111111111111111111111000000000000000000000000000000
0000000001111111111111111111111111100000000000000000000000000000
0000000000011111111111111111111111111100000000000000000000000000
0000000000001111111111111111111111111100000000000000000011110000
0000000000000011000111110000000000000000000000000000000011110001
0000000000000000000000000000000000000000000000000000000011111100
0000000000000000000000000000000000000000000000000000000001111111
0000000000000000000111111110001000000000000000000000000001111111
0000000000000100111111111111111111111000000000000000000001111111
0000000000001111111111111111111111110000000000000000000000111111
0000000000111111111111111111111111000000000000000000000000111111
0000000001111111111111111111111110000000000000000000000000111111
1000000111111111111111111111111000000000000000000000000000011111
1110011111111111111111111111110000011000000000000000000000011111
1111111111111111111111111111110000111000000000000000000000001111
1111111111111111111111111111111111110000000000000000000000000111
