1111111111111111111111111111110001110000000000000000000000000000
1111111111111111111111111111111000011000000000000000000000000000
1111111111111111111111111111111110000000000000000000000000000000
1111111111111111111111111111111111111110000000000000000000000000
1111111111111111111111111111111111110000000000000000000000000000
1111111111111111111111111111111111100000000000000000000000000000
1111100111111111111111111111111111100000000000000000000000000000
1110000011111111111111111111111111110000000000000000000000000000
1100000000111111111111111111111111111000000000000000000000000000
1000000000011111111111111111111111111100000000000000000000000000
0000000000000111111111111111111111111111100000000000000000000000
0000000000000011111111111111111111111110000000000000000000011100
0000000000000000100000000000000000000000000000000000000000001110
0000000000000000000000000000000000000000000000000000000000001111
0000000000000000000000000000000000000000000000000000000000001111
0000000000000000000001111111111111000000000000000000000000001111
0000000000000001001111111111111111111110000000000000000000000111
0000000000000111111111111111111111111100000000000000000000000111
1000000000001111111111111111111111111000000000000000000000000111
1000000000111111111111111111111111100000000000000000000000000011
1100000001111111111111111111111111000000000000000000000000000011
1111000111111111111111111111111100000011000000000000000000000001
1111111111111111111111111111111100001110000000000000000000000001
1111111111111111111111111111111111111110000000000000000000000000
