1111111111111111111111111111111111111111111111111111111111111100
1111111111111111111111111111111111111111111111111111111111111100
1111111111111111111111111111111111111111111111111111111111111100
1111111111111111111111111111111111111111111111111111111111111100
1111111111111111111111111111111111111111111111111111111111111100
1111111111111111111111111111111111111111111111111111111111111100
1111111111111111111111111111111111111111111111111111111111111100
1111111111111111111111111111111111111111111111111111111111111100
1111111111111111111111111111111111111111111111111111111111111100
1111111111111111111111111111111111111111111111111111111111111100
1111111111111111111111111111111111111111111111111111111111111000
1111111111111111111111111111111111111111111111111111111111111000
1111111111111111111111111111111111111111111111111111111111110000
1111111111111111111111111111111111111111111111111111111111110000
1111111111111111111111111111111111111111111111111111111111110000
1111111111111111111111111111111111111111111111111111111111110000
1111111111111111111111111111111111111111111111111111111111000000
1111111111111111111111111111111111111111111111111111111111111000
1111111111111111111111111111111111111111111111111111111111111111
1111111111111111111111111111111111111111111111111111111111111111
1111111111111111111111111111111111111111111111111111111111111111
1111111111111111111111111111111111111111111111111111111111111111
1111111111111111111111111111111111111111111111111111111111111111
1111111111111111111111111111111111111111111111111111111111111111
