1111111111111111111111111111111111110000110000000000000000000000
1111111111111111111111111111111111111100000000000000000000000000
1111111111111111111111111111111111111111111000000000000000000000
1111111111111111111111111111111111111111110000000000000000000000
1111111111111111111111111111111111111111000000000000000000000000
1111111111111111111111111111111111111111000000000000000000000000
1111111000011111111111111111111111111111110000000000000000000000
1111110000001111111111111111111111111111100000000000000000000000
1111000000000011111111111111111111111111111000000000000000000000
1111000000000000111111111111111111111111111111000000000000000000
1110000000000000011111111111111111111111111111000000000000000000
1100000000000000000111111111111111111111101110000000000000000000
1100000000000000000000000000000000000000000000000000000000000000
1100000000000000000000000000000000000000000000000000000000000000
1100000000000000000000000000000000000000000000000000000000000000
1100000000000000000000000111111111111111000000000000000000000000
1100000000000000000110111111111111111111111110000000000000000000
1110000000000000011111111111111111111111111000000000000000000000
1110000000000000111111111111111111111111110000000000000000000000
1111000000000011111111111111111111111111100000000000000000000000
1111100000000111111111111111111111111110000000000000000000000000
1111111000011111111111111111111111111100000111000000000000000000
1111111111111111111111111111111111111000001110000000000000000000
1111111111111111111111111111111111111111111100000000000000000000
