1111111111111111111111111111111111111111111000000000000000000000
1111111111111111111111111111111111111111111111111000000000000000
1111111111111111111111111111111111111111111111110000000000000000
1111111111111111111111111111111111111111111111000000000000000000
1111111111111111111111111111111111111111111111110000000000000000
1111111111000011111111111111111111111111111111110000000000000000
1111111110000000111111111111111111111111111111110000000000000000
1111111100000000011111111111111111111111111111110000000000000000
1111111000000000000111111111111111111111111111111110000000000000
1111110000000000000011111111111111111111111111111111100000000000
1111110000000000000000111111111111111111111111111111000000000000
1111100000000000000000001110111111111100000000000000000000000000
1111100000000000000000000000000000000000000000000000000000000000
1111100000000000000000000000000000000000000000000000000000000000
1111100000000000000000000000000000000000000000000000000000000000
1111100000000000000000000000011111111111111111111111000000000000
1111100000000000000000011111111111111111111111111110000000000000
1111110000000000000001111111111111111111111111111000000000000000
1111110000000000000011111111111111111111111111110000000000000000
1111111000000000001111111111111111111111111111100000000000000000
1111111100000000011111111111111111111111111110000000000000000000
1111111111000001111111111111111111111111111100000011000000000000
1111111111100011111111111111111111111111111000001110000000000000
1111111111111111111111111111111111111111111000011110000000000000
