1111111111111111111111111111111111111111111110000000000000000011
1111111111111111111111111111111111111111111111100000000000000000
1111111111111111111111111111111111111111111111111100000000000000
1111111111111111111111111111111111111111111111111111100000000000
1111111111111111111111111111111111111111111111111111111100000000
1111111111111111111111111111111111111111111111111111111111100000
1111111111111111111111111100000011111111111111111111111111111100
1111111111111111111111111110000111111111111111111111111111111111
1111111111111111111111111100000001111111111111111111111111111111
1111111111111111111111111100000001111111111111111111111111111111
1111111111111111111111111000000011111111111111111111111111111111
1111111111111111111111111000000011111111111111111111111111111111
1111111111111111111111111000000001111111111111111111111111111111
1111111111111111111111111000000000111111111111111111111111111111
1111111111111111111111111000000000011111111111111111111111111111
1111111111111111111111110000000000111111111111111111111111111111
1111111111111111111111111000000011111111111111111111111111111111
1111111111111111111111110001100011111111111111111111111111111111
1111111111111111111111111000000000111111111111111111111111111111
1111111111111111111111111111111111111111111111111111111111111111
1111111111111111111111111111111111111111111111111111111111111111
1111111111111111111111111111111111111111111111111111111111111111
1111111111111111111111111111111111111111111111111111111111111111
1111111111111111111111111111111111111111111111111111111111111111
