1111111111111111111111111111111111111111111111100000000000000000
1111111111111111111111111111111111111111111111111100000000000000
1111111111111111111111111111111111111111111111111111100000000000
1111111111111111111111111111111111111111111111111111111100000000
1111111111111111111111111111111111111111111111111111111111100000
1111111111111111111111111111111111111111111111111111111111111100
1111111111111111111111111100000011111111111111111111111111111111
1111111111111111111111111110000011111111111111111111111111111111
1111111111111111111111111110000001111111111111111111111111111111
1111111111111111111111111100000001111111111111111111111111111111
1111111111111111111111111100000011111111111111111111111111111111
1111111111111111111111111100000011111111111111111111111111111111
1111111111111111111111111000000001111111111111111111111111111111
1111111111111111111111111000000000111111111111111111111111111111
1111111111111111111111111000000000011111111111111111111111111111
1111111111111111111111111000000000011111111111111111111111111111
1111111111111111111111111000000011111111111111111111111111111111
1111111111111111111111111001110011111111111111111111111111111111
1111111111111111111111111000000000111111111111111111111111111111
1111111111111111111111111111111111111111111111111111111111111111
1111111111111111111111111111111111111111111111111111111111111111
1111111111111111111111111111111111111111111111111111111111111111
1111111111111111111111111111111111111111111111111111111111111111
1111111111111111111111111111111111111111111111111111111111111111
