0000000000000000000000011111111111111111111111111111111111111110
0000000000000000000000000000111111111111111111111111111111111110
0000000000000000000000000000001111111111111111111111111111111110
0000000000000000000000000000001111111111111111111111111111111110
0000000000000000000000000000000111111111111111111111111111111110
0000000000000000000000000000000000000000000001111111111111111110
0000000000000000000000000000000000000000000000000110000111111110
0000000000000000000000000000000000000000000000000000000011110000
0000000000000000000000000000000000000000000000000011110111100000
0000000000000000000000000000000000011110000000000011111100000000
0000000000000000000000000000001111111111100000000011111100000000
0000000000000000000000000001111111111111110000000001111111000000
0000000000000000000000000011111111111111111000000001111111110000
0000000000000000000000000011111111111111111000000000011111111100
0000000000000000000000000011111111111111111000000000000111000000
0000000000000000000000000000111111111111111000000000000000000000
0000000000000000000000000000011111111111000000000000000000000000
0000000000000000000000000000000011110000000000000000000000000000
0000000000000000000000000000000000000000000000000000000000000000
0000000000000000000000000000000000000000000000000000000000000000
0000000000000000000000000000000000000000000000000000000000000000
0000000000000000000000000000000000000000000000000000000000000000
0000000000000000000000000000000000000000000000000000000000000000
0000000000000000000000000000000000000000000000000000000000000000
