1111111111111111111111111111111111111111111111111111111111111111
1111111111111111111111111111111111111111111111111111111111111111
1111111111111111111111111111111111111111111111111111111111111111
1111111111111111111111111001111111111111111111111111111111111111
1111111111111111111111110000000001111111111111111111111111111111
1111111111111111111111100000000000111111111111111111111111111111
1111111111111111111111110000000001111111111111111111111111111111
1111111111111111111111110000000000000111111111111111111111111111
1111111111111111111111000000000000000000111111111111111111111111
1111111111111111111100000000000000011100111111111111111111111111
1111111111111111110000000000000000000011110111111111111111111111
1111111111111111110000000000000111000000000001111111111111111111
1111111111111111111111100000000000111100000001111111111111111111
1111111111111111111111000000000000111111111111111111111111111111
1111111111111111111111000000000000001111111111111111111111111111
1111111111111111111100000000000000001111111111111111111111111111
1111111111111111100000000000000000000011111111111111111111111111
1111111111111000000000000000000000000000000111111111111111111111
1111111111000000000000000000000000000000000001111111111111111111
1111111110000000000000000000000000000000000000111111111111111111
1111111111000000000000000000000000000000000001111111111111111111
1111111111111100000000000000000000000000001111111111111111111111
1111111111111111111111000000000000000001111111111111111111111111
1111111111111111111111000001110001111111111111111111111111111111
