1111111111111111111111111111111111111111111111111111111111110000
1111111111111111111111111111111111111111111111111111111111110000
1111111111111111111111111111111111111111111111111111111111110000
1111111111111111111111111111111111111111111111111111111111110000
1111111111111111111111111111111111111111111111111111111111110000
1111111111111111111111111111111111111111111111111111111111110000
1111111111111111111111111111111111111111111111111111111111110000
1111111111111111111111111111111111111111111111111111111111110000
1111111111111111111111111111111111111111111111111111111111110000
1111111111111111111111111111111111111111111111111111111111110000
1111111111111111111111111111111111111111111111111111111111100000
1111111111111111111111111111111111111111111111111111111111100000
1111111111111111111111111111111111111111111111111111111111100000
1111111111111111111111111111111111111111111111111111111111100000
1111111111111111111111111111111111111111111111111111111110100000
1111111111111111111111111111111111111111111111111111111110000000
1111111111111111111111111111111111111111111111111111111110000000
1111111111111111111111111111111111111111111111111111111111110000
1111111111111111111111111111111111111111111111111111111111111110
1111111111111111111111111111111111111111111111111111111111111111
1111111111111111111111111111111111111111111111111111111111111111
1111111111111111111111111111111111111111111111111111111111111111
1111111111111111111111111111111111111111111111111111111111111111
1111111111111111111111111111111111111111111111111111111111111111
