1111111111111111111111111111111111111111111111111111111111111111
1111111111111111111111111111111111111111111111111111111111111111
1111111111111111111111111111111111111111111111111111111111111111
1111111111111111111111111111111111111111111111111111111111111111
1111111111111111111111100000000111111111111111111111111111111111
1111111111111111111111000000000011111111111111111111111111111111
1111111111111111111111000000000111111111111111111111111111111111
1111111111111111111111100000000111111111111111111111111111111111
1111111111111111111111000000000011111111111111111111111111111111
1111111111111111111110000000000000000001111111111111111111111111
1111111111111111111110000000000000000001111111111111111111111111
1111111111111111111000000000010000001111111111111111111111111111
1111111111111111000000000000000011000001111111111111111111111111
1111111111111100000100000000000001110000111111111111111111111111
1111111111111100011100000000000011111111111111111111111111111111
1111111111111111110000000000000000011111111111111111111111111111
1111111111111111000000000000000000001111111111111111111111111111
1111111111110000000000000000000000111111111111111111111111111111
1111111111000000000000000000000000000011111111111111111111111111
1111111110000000000000000000000000000000111111111111111111111111
1111111100000000000000000000000000000000111111111111111111111111
1111111111000000000000000000000000000000111111111111111111111111
1111111111100000000000000000000000000001111111111111111111111111
1111111111111100000000000000000000001111111111111111111111111111
