1111111111111111111111111111111111111111111111111111111111111111
1111111111111111111111111111111111111111111111111111111111111111
1111111111111111111111111111111111111111111111111111111111111111
1111111111111111111111111111111111111111111111111111111111111111
1111111111111111111111000000001111111111111111111111111111111111
1111111111111111111111000000000011111111111111111111111111111111
1111111111111111111111000000000111111111111111111111111111111111
1111111111111111111111100000000111111111111111111111111111111111
1111111111111111111111000000000011111111111111111111111111111111
1111111111111111111110000000000000011111111111111111111111111111
1111111111111111111110000000000000000111111111111111111111111111
1111111111111111111000000000000000000011111111111111111111111111
1111111111111111100000100000000000000111111111111111111111111111
1111111111111100000000000000000011000011111111111111111111111111
1111111111111100001100000000000011110011111111111111111111111111
1111111111111111111000000000000001111111111111111111111111111111
1111111111111111100000000000000000111111111111111111111111111111
1111111111111000000000000000000001111111111111111111111111111111
1111111111100000000000000000000000111111111111111111111111111111
1111111110000000000000000000000000000011111111111111111111111111
1111111110000000000000000000000000000001111111111111111111111111
1111111111000000000000000000000000000011111111111111111111111111
1111111111110000000000000000000000000011111111111111111111111111
1111111111111100000000000000000000000111111111111111111111111111
