1111111111111111111111111111111111111111111111111111111111111111
1111111111111111111111111111111111111111111111111111111111111111
1111111111111111111111111100111111111111111111111111111111111111
1111111111111111111111000000000000000011111111111111111111111111
1111111111111111111111000000000000000000000111111111111111111111
1111111111111111111000000000000000000000001111111111111111111111
1111111111111111111000000000000000000000000011111111111111111111
1111111111100111111100000000000000000000000001111111111111111111
1111101000000001010000000000000000000001111111111111111111111111
1111010000000000000000010000000000000011111111111111111111111111
1111000000001111000000000000000000000001111111111111111111111111
1111100000000111001100000000000000000001111111111111111111111111
1111000000001111111111000000000000000001111111111111111111111111
1111000000001111000000000000000000000001111111111111111111111111
1111000000011100000000000000000000000000111111111111111111111111
1111100000000000000000000000000000000000011111111111111111111111
1111100000000000000000000000000000000000001111111111111111111111
1111100000000000000000000000000000000000001111111111111111111111
1111110000000011111111000000000000000000001111111111111111111111
1111111111111111111111000000000000000000001111111111111111111111
1111111111111111111111000000000000000000001111111111111111111111
1111111111111111111111000000000000000000000111111111111111111111
1111111111111111111000000000000000000000000011111111111111111111
1111111111111111110000000000000000000000000011111111111111111111
