1111111111111111111111111111111111111111111111111111111111111111
1111111111111111111111111111111111111111111111111111111111111111
1111111111111111111111111111111111111111111111111111111111111111
1111111111111111111111111111000000000000111111111111111111111111
1111111111111111111110001000000000000001111111111111111111111111
1111111111111111111110000000000000000000000011111111111111111111
1111111111111111111100000000000000000000011111111111111111111111
1100011111111111111000000000000000000000011111111111111111111111
1000011111111111111110000000000000000011111111111111111111111111
0000000111111111111000000000000000000001111111111111111111111111
0000000011111111100000010000000000000001111111111111111111111111
1000000001111100000001111100000000000001111111111111111111111111
1110000001110000000111111000000000000001111111111111111111111111
1111000000000000000000000000000000000001111111111111111111111111
1111100000000000000000000000000000000000011111111111111111111111
1111100000000000000000000000000000000000001111111111111111111111
1100000000000000000000000000000000000000000111111111111111111111
1111110000000000000000100000000000000000000111111111111111111111
1111111000000001011111000000000000000000001111111111111111111111
1111111110011111111110000000000000000000001111111111111111111111
1111111111111111111110000000000000000000000111111111111111111111
1111111111111111111111000000000000000000000011111111111111111111
1111111111111111111110000000000000000000000011111111111111111111
1111111111111111111000000000000000000000000001111111111111111111
