1111111111111111111111111111111111111111111111111111111111111111
1111111111111111111111111111111111111111111111111111111111111111
1111111111111111111111111111111111111101111111111111111111111111
1111111111111111111111111111000000000001111111111111111111111111
1111111111111111111110000000000000000001111111111111111111111111
1111111111111111111111000000000000000000000011111111111111111111
1111111111111111111100000000000000000000011111111111111111111111
1111111111111111111100000000000000000000011111111111111111111111
0000111111111111111110000000000000000001111111111111111111111111
0000111111111111111111110000000000000000111111111111111111111111
0000001111111111111111110000000000000000111111111111111111111111
0000000111111111111111111000000000000000011111111111111111111111
0000000111111111111111111000000000000000011111111111111111111111
1100000011111111111000000000000000000000011111111111111111111111
1110000000111111000000000000000000000000001111111111111111111111
1111000000011100000000000000000000000000001111111111111111111111
1111100000000000000000000000000000000000000111111111111111111111
1111110000000000000000010000000000000000000111111111111111111111
1111111000000000001111111000000000000000000011111111111111111111
1111111100000011111111111000000000000000000011111111111111111111
1111111111111111111111111000000000000000000011111111111111111111
1111111111111111111111111000000000000000000011111111111111111111
1111111111111111111111111000000000000000000011111111111111111111
1111111111111111111000000000000000000000000001111111111111111111
