1111111111111111111111111111111111111111111111111111111111111111
1111111111111111111111111111111111111111111111111111111111111111
1111111111111111111111111111111111111100111111111111111111111111
1111111111111111111111001111000000000000111111111111111111111111
1111111111111111111111000000000000000001111111111111111111111111
1111111111111111111111100000000000000000000011111111111111111111
1111111111111111111100000000000000000000011111111111111111111111
1111111111111111111100000000000000000000111111111111111111111111
1111111111111111111110000000000000000001111111111111111111111111
0001111111111111111111110000000000000000111111111111111111111111
0001111111111111111111111000000000000000111111111111111111111111
0000011111111111111111111100000000000000111111111111111111111111
0000001111111111111111111110000000000000011111111111111111111111
0000000111111111111100000000000000000000011111111111111111111111
1000000011111111100000000000000000000000001111111111111111111111
1110000000111110000000000000000000000000000111111111111111111111
1111000000011000000000000000000000000000000001111111111111111111
1111100000000000000000011000000000000000000000111111111111111111
1111111000000000000111111000000000000000000000011111111111111111
1111111100000001111111111000000000000000000000111111111111111111
1111111111111111111111111000000000000000000000111111111111111111
1111111111111111111111111100000000000000000000011111111111111111
1111111111111111111111100000000000000000000000011111111111111111
1111111111111111111000000000000000000000000000011111111111111111
