1111111111111111111111111111111111111111111111111111111111111111
1111111111111111111111111111111111111111111111111111111111111111
1111111111111111111111111111111111111111111111111111111111110000
1111111111111111111111111111111111111111111111111100111111000000
1111111111111111111111111111111111111111111111111110011000000000
1111111111111111111111111111111111111111111111111011100000000000
1111111111111111111111111111111111111111111111111100100000000000
1111111111111111111111111111111111111111111111110000100000000000
1111111111111111111111111111111111111111111111000000100000000000
1111111111111111111111111111111111111111111111111000100000000000
1111111111111111111111111111111111111111111111111000011110000000
1111111111111111111111111111111111111111111111111000100110000000
1111111111111111111111111111111111111111111111111001001110000000
1111111111111111111111111111111111111111111111111000011000000000
1111111111111111111111111111111111111111111111000111100000000000
1111111111111111111111111111111111111111111110010000000000000000
1111111111111111111111111111111111111111110001010000000000000000
1111111111111111111111111111111111111111111111110000000000000000
1111111111111111111111111111111111111111111111110000000000000000
1111111111111111111111111111111111111111111111110000000000000000
1111111111111111111111111111111111111111111111111000000000000000
1111111111111111111111111111111111111111111111111100000000000000
1111111111111111111111111111111111111111111111111010000000000000
1111111111111111111111111111111111111111111110000001000000000000
