1111111111111111111111111111111111111111111111111111111111111111
1111111111111111111111111111111111111111111111111111111111111111
1111111111111111111111111111111111111111111000000000000000011111
1111111111111111111111111111111111110011000000000000000000000001
1111111111111111111111111111111111111000000000000000000000000000
1111111111111111111111111111111111100000000000000000000000000000
1111111111111111111111111111111111100000000000000000000000000000
1111111111111111111111111111111110010000000000000000000000000000
1111111111111111111111111111111100100000000000000000000000000000
1111111111111111111111111111111111100000000000000000000000000000
1111111111111111111111111111111111111110000000000000000000000000
1111111111111111111111111111111111100000000000000000000000000000
1111111111111111111111111111111111101110000000000000000000000000
1111111111111111111111111111111110011000000000000000000000000000
1111111111111111111111111111111111100000000000000000000000000000
1111111111111111111111111111111000000000000000000000000000000000
1111111111111111111111111110001000000000000000000000000000000000
1111111111111111111111111111111000000000000000000000000000000000
1111111111111111111111111111110000000000000000000000000000000000
1111111111111111111111111111111000000000000000000000000000000000
1111111111111111111111111111111100000000000000000000000000000000
1111111111111111111111111111111110000000000000000000000000000000
1111111111111111111111111111111111000000000000000000000000000000
1111111111111111111111111111111001100000000000000000000000000000
