1111111111111111111111111111111111111111111111111111111111111111
1111111111111111111111111111111111111111111111111111111111111111
1111111111111111111111111110000011111111111111111111111111111111
1111111111111111111011000000000000000111111111111111111111111111
1111111111111111111100000000000000000001111111111111111111111111
1111111111111111100000000000000000000000011111111111111111111111
1111111111111111100000000000000000000000011111111111111111111111
1111111111111111110000000000000000000000111111111111111111111111
1111111111111111000000000000000000000000011111111111111111111111
1111111111111111000000000000000000000000011111111111111111111111
1111111111111111111000000000000000000000111111111111111111111111
1111111111111111100100000000000000000000111111111111111111111111
1111111111111111101100000000000000000000111111111111111111111111
1111111111111111111000000000000000000000111111111111111111111111
1111111111111111000000000000000000000000111111111111111111111111
1111111111110000000000000000000000000000001111111111111111111111
1111111110110000000000000000000000000000001111111111111111111111
1111111111100000000000000000000000000000000111111111111111111111
1111111111100000000000000000000000000000000111111111111111111111
1111111111100000000000000000000000000000000111111111111111111111
1111111111110000000000000000000000000000000111111111111111111111
1111111111111000000000000000000000000000001111111111111111111111
1111111111111100000000000000000000000000001111111111111111111111
1111111111111110000000000000000000000000001111111111111111111111
