1111111111111111111111111111111111111111111111111111111111111111
1111111111111111111111111111111111111111111111111111111111111111
0000000001111111111111111111111111111111111111111111111111111111
0000000000000011111111111111111111111111111111111111111111111111
0000000000000000011000111111111111111111111111111111111111111111
0000000000000000000111011111111111111111111111111111111111111111
0000000000000000000001111111111111111111111111111111111111111111
0000000000000000001000101111111111111111111111111111111111111111
0000000000000000000000000111111111111111111111111111111111111111
0000000000000000000000011111111111111111111111111111111111111111
0000000000000000011000011111111111111111111111111111111111111111
0000000000000000000000011111111111111111111111111111111111111111
0000000000000000001000001111111111111111111111111111111111111111
0000000000000000000000011111111111111111111111111111111111111111
0000000000000000000100001111111111111111111111111111111111111111
0000000000000000000010001111111111111111111111111111111111111111
0000000000000000000000000011111111111111111111111111111111111111
0000000000000000000000001111111111111111111111111111111111111111
0000000000000000000000000111111111111111111111111111111111111111
0000000000000000000000000111111111111111111111111111111111111111
0000000000000000000000000011111111111111111111111111111111111111
0000000000000000000000000111111111111111111111111111111111111111
0000000000000000000010000111111111111111111111111111111111111111
0000000000000000000000000111111111111111111111111111111111111111
