1111111111111111111111111111111111111111111111111111111110011111
1111111111111111111111111111111111111111111111111111111110001111
1111111111111111111111111111111111111111111111111111111111001111
1111111111111111111111111111111111111111111111111111111111000111
1111111111111111111111111111111111111111111111111111111111000011
1111111111111111111111111111111111111111111111111111111111000001
1111111111111111111111111111111111111111111111111111111111000001
1111111111111111111111111111111111111111111111111111111111000000
1111111111111111111111111111111111111111111111111111111111000000
1111111111111111111111111111111111111111111111111111111110000000
1111111111111111111111111111111111111111111111111111111110000000
1111111111111111111111111111111111111111111111111100111110000000
1111111111111111111111111111111111111111111111111111111110000000
1111111111111111111111111111111111111111111111111111111100000000
1111111111111111111111111111111111111111111111111111111100000000
1111111111111111111111111111111111111111111111111111111000000000
1111111111111111111111111111111111111111111111111111111100000000
1111111111111111111111111111111111111111111111111111111111100000
1111111111111111111111111111111111111111111111111111111111111000
1111111111111111111111111111111111111111111111111111111111111110
1111111111111111111111111111111111111111111111111111111111111111
1111111111111111111111111111111111111111111111111111111111111111
1111111111111111111111111111111111111111111111111111111111111111
1111111111111111111111111111111111111111111111111111111111111111
