0000000000000011111111111111111111111111111000011000000000000000
0000000000000001111111111111111111111111110000010000000000000000
0000000000000000001111111111111111111111000010000000000000000000
0000000000000000000111111111111111111110001100000000000000000000
0000000000000000000000000111111111111100000000000000000000000000
0000000000000000000000000011111111111000000000000000000000000000
0000000000000000000000001111111111110000000000000000000000000000
0000000000000000000001111111111111111100000000000000000000000000
0000000000000000000001111111111111111100100000000000000000000000
0000000000000000000111111111111111111111111110000000000000000000
0000000000000000001111111111111111111111111111100000000000000000
0000000000000001111111111111111111111111111111111000000000000000
0000000000000000011111111111111111111111111111111110000000000000
0000000000000000111111111111111111111111111111111100000000000000
0000000000000011111111111111111111111111111111111111000000000000
0000000000001111111111111111111111111111111111111111100000000000
0000000000011111111111111111111111111111111111111111111000000000
0000011111111111111111111111111111111111111111111111111000000000
0000000011111111111111111111111111111111111111111111000000000000
0000000000111111111111111111111111111111111111111100000000000000
0000000000000111111111111111111111111111111111111100000000000000
0000000000000011111111111111111111111111111111111110000000000000
0000000000000000111111111111111111111111111111111000000000000000
0000000000000000001111111111111111111111111111000000000000000000
