0001111111111100000011111111111111111111111111111111111111111111
0000011111110000000001111111111111111111111111111111111111111111
0000001111100000000000111111111111111111111111111111111111111111
0000000011000000000000011111111111111111111111111111111111111111
0000000000000000000000011111111111111111111111111111111111111111
0000000000000000000000000111111111111111111111111111111111111111
0000000000000000000000000011111111111111111111111111111111111111
0000000000000000000000000011111111111111111111111110000000001100
0000000000000000000000000011011111111111000000000000000000000000
0000000000000000000000000000001100000000000000000000000000000000
0000000000000000000000000000000000000000000000000000000000000000
0000000000000000000000000000000000000000000000000000000000000000
0000000000000000000000000000000000000000000000000000000000000000
0000000000000000000000000000000000000000000000000000000000000000
0000000000000000000000000000000000000000000000000000000000000000
0000000000000000000000000000000000000000000000000000000000000000
0000000000000000000000000000000000000000000000000000000000000000
0000000000000000000000000000000000000000000000000000000000000000
1110000000000000000000000000001111111000000000000000000000000000
1111111111111100000000111111111111111111111111100000000000000000
1111111111111111000000111111111111111111111111111111111111100000
1111111111111111110011111111111111111111111111111111111111111111
1111111111111111111111111111111111111111111111111111111111111111
1111111111111111111111111111111111111111111111111111111111111111
