0000000000000000011111111111111111110000000000000000000000000000
0000000000000000111111111111111111110000000000000000000000000000
0000000000000001111111111111111111111000000000000000000000000000
0000000000000001111111111111111111111100000000000000000000000000
0000000000000000111111111111111111111110000000000000000000000000
0000000000000111111111111111111111111111000000000000000000000000
0000000000001111111111111111111111111111110000000000000000000000
0000000000000111011111111111111111111111111000000000000000000000
0000000000000000011111111111111111111111111000000000000000000000
0000000000000000001111111111111111111111111100000000000000000000
0000000000000000001111111111111111111111111100000000000000000000
0000000000000000001111111111111111111111111100000000000000000000
0000000000000000001111111111111111111111111000000000000000000000
0000000000000000000111111111111111111111111000000000000000000000
0000000000000000000000111111111111111111111000000000000000000000
0000000000000000000000111111111111111111111000000000000000000000
0000000000000000000000011111111111111111111000000000000000000000
0000000000000000000000011111111111111111111000000000000000000000
0000000000000000000000010011111111111111111000000000000000000000
0000000000000000000000000111111111111111111000000000000000000000
0000000000000000000000000111111111111111111000000000000000000000
0000000000000000000000000111111111101111111000000000000000000000
0000000000000000000000000111111111111111111000000000000000000000
0000000000000000000000000001111111100111111000000000000000000000
