0000000000000000011111111111111111111100000000000000000000000000
0000000000000000111111111111111111111100000000000000000000000000
0000000000000001111111111111111111111110000000000000000000000000
0000000000000001111111111111111111111111000000000000000000000000
0000000000000000111111111111111111111111100000000000000000000000
0000000000000111111111111111111111111111110000000000000000000000
0000000000001111111111111111111111111111111000000000000000000000
0000000000000111011111111111111111111111111100000000000000000000
0000000000000000011111111111111111111111111100000000000000000000
0000000000000000011111111111111111111111111100000000000000000000
0000000000000000011111111111111111111111111100000000000000000000
0000000000000000011111111111111111111111111100000000000000000000
0000000000000000001111111111111111111111111100000000000000000000
0000000000000000001101111111111111111111111100000000000000000000
0000000000000000000011111111111111111111111100000000000000000000
0000000000000000000000111111111111111111111100000000000000000000
0000000000000000000000111111111111111111111100000000000000000000
0000000000000000000001101111111111111111111100000000000000000000
0000000000000000000000001111111111100111111100000000000000000000
0000000000000000000000011111111111001111111100000000000000000000
0000000000000000000000011111111110011111111100000000000000000000
0000000000000000000000011111111110011111111100000000000000000000
0000000000000000000000001111111110000011111100000000000000000000
0000000000000000000000001111111100000011111100000000000000000000
