1100000000000000111111111111111100000000000000000000000000000000
1100001110000001111111111111111111000000000000000000000000000000
1000000000000000011111111111111111110000000000000000000000000000
1000000000000000111111111111111111111100000000000000000000000000
1100000000000011111111111111111111111111000000000000000000000000
1110000000000011111111111111111111111111110000000000000000000000
1110000000000111111111111111111111111111111000000000000000000000
0000000000000011111111111111111111111111111100000000000000000000
0000000000000011111111111111111111111111111100000000000000000000
0000000000000111111111111111111111111111111100000000000000000000
0000000000001111111111111111111111111111111110000000000000000000
0000000000001000111111111111111111111111111110000000000000000000
0000000000000000111111111111111111111111111110000000000000000000
0000000000000001111111111111111111100111111111000000000000000000
0000000000000000011111111111111111000111111111000000000000000000
0000000000000000011111111111111100001111111111000000000000000000
0000000000000000000111111111111100000011111111100000000000000000
0000000000000000001111111111111000000001111111100000000000000000
0000000000000000001111111111110000000000011111100000000000000000
0000000000000000000011111111110000000000000111010000000000000000
0000000000000000001111111111100000000000000001000000000000000000
0000000000000000001111111111000000000000000000000000000000000000
0000000000000000001111111110000000000000000000000000000000000000
0000000000000000000011111100000000000000000000000000000000000000
