1111111111111111111111111110000000000000000000000000000000000000
1111111111111111111111111111100000000000000000000000000000000000
1111110001111111111111111111111000000000000000000000000000000000
1111000000000001111111111111111111000000000000000000000000000000
1100000010000011111111111111111111111000000000000000000000000000
1000010000000000111111111111111111111111000000000000000000000000
1100000000000001111111111111111111111111110000000000000000000000
1000000000000011111111111111111111111111111000000000000000000000
1100000000000001111111111111111111111111111000000000000000000000
1110000000000011111111111111111111111111111100000000000000000000
0011000000000001111111111111111111111111111100000000000000000000
0000000000000001111111111111111111111111111110000000000000000000
0000000000000001111111111111111111111111111110000000000000000000
0000000000000111001111111111111111110111111111000000000000000000
0000000000000000011111111111111111100111111111000000000000000000
0000000000000000011111111111111111001111111111100000000000000000
0000000000000000001111111111111110000001111111110000000000000000
0000000000000000011111111111111110000000001111110000000000000000
0000000000000000000111111111111100000000000001101000000000000000
0000000000000000000111111111111000000000000000100000000000000000
0000000000000000000111111111111000000000000000000000000000000000
0000000000000000001111111111110000000000000000000000000000000000
0000000000000000000111111111100000000000000000000000000000000000
0000000000000000000111111111100000000000000000000000000000000000
