0000001111111111110000000000000000000000000000000000000000000000
1111111111111110000000000000000000000000000000000000000000000000
1111111111100010000111000000000000000000000000000000000000000000
1111111111111111111111110000000000000000000000000000000000000000
1111111111111111111111111100000000000000000000000000000000000000
1111111111111111111111111111110000000000000000000000000000000000
1111111111111111111111111111111111110000000000000000000000000000
1111111001111101111111111111111111111111000000000000000000000000
1111110000000001111111111111111111111111110000000000000000000000
1111100000000000011111111111111111111111111000000000000000000000
1111000010000000011111111111111111111111111100000000000000000000
1110010000000000011111111111111111111111111110000000000000000000
1111100000000000011111111111111111111111111111000000000000000000
1111000000000000011111111111111111111111111111100000000000000000
1111111000000000011111111111111111111111111111110000000000000000
1110011100000000000111111111111111111101111111111000000000000000
1110000000000000000111111111111111111000111111111100000000000000
1111000000000000000100111111111111111000000001111110000000000000
1110000000000000000000111111111111111000000000001110000000000000
1110000000000000000000011111111111111000000000000000000000000000
0100000000000000000000011111111111111000000000000000000000000000
0000000000000000000000000111111111111000000000000000000000000000
0000000000000000000000000111111111111000000000000000000000000000
0000000000000000000000000011111111110000000000000000000000000000
