0000111111111111110000000000000000000000000000000000000000000000
0000111111111111110000000000000000000000000000000000000000000000
0000111111111111110000000000000000000000000000000000000000000000
0000001111111111110000000000000000000000000000000000000000000000
0000001111111110000001000000000000000000000000000000000000000000
0111111111110010001111110000000000000000000000000000000000000000
1111111111110111111111111100000000000000000000000000000000000000
1111111111111111111111111111111110000000000000000000000000000000
1111111111111111111111111111111111111111000000000000000000000000
1111111111111111111111111111111111111111110000000000000000000000
1111111111011100011111111111111111111111111100000000000000000000
1111111100000000001111111111111111111111111110000000000000000000
1111111000010000000011111111111111111111111111100000000000000000
1111111000100000000011111111111111111111111111110000000000000000
1111110010000000000011111111111111111111111111111000000000000000
1111111100000000000011111111111111111111111111111110000000000000
1111111100000000000011111111111111111111111111111111000000000000
1111111111100000000000111111111111111111100000011111100000000000
1111111000000000000000011111111111111111100000000000000000000000
1111111100000000000000110011111111111111100000000000000000000000
1111111100000000000000000011111111111111100000000000000000000000
1111111100000000000000000001111111111111100000000000000000000000
1111111100000000000000000000011111111111100000000000000000000000
1111100000000000000000000000001111111111100000000000000000000000
