0000000111111000000000000000000000000000000000000000000000000000
0000111111111111000000000000000000000000000000000000000000000000
0001111111111111100000000000000000000000000000000000000000000000
0001111111111111110000000000000000000000000000000000000000000000
0000111111111111110000000000000000000000000000000000000000000000
0000001111111111111000000000000000000000000000000000000000000000
0000001111111111111000000000000000000000000000000000000000000000
0000000001111111100001110000000000000000000000000000000000000000
0000000001111100000011111110000000000000000000000000000000000000
0000001111111100011111111111111111111111110000000000000000000000
1000111111111111111111111111111111111111111100000000000000000000
1101111111111111111111111111111111111111111111000000000000000000
1111111111111111111111111111111111111111111111110000000000000000
1111111111111111110001111111111111111111111111111100000000000000
1111111111111000000000001111111111111111111111111111000000000000
1111111111110000000000001111111111111111111111111111110000000000
1111111111110001000000001111111111111111111111111111111100000000
1111111111110010000000000111111111111111111110000000000000000000
1111111111111100000000000011111111111111111110000000000000000000
1111111111111100000000000000111111111111111111000000000000000000
1111111111111111110000000000111111111111111111100000000000000000
1111111111111100000000000000110011111111111111100000000000000000
1111111111111110000000000000000001111111111111110000000000000000
1111111111111111000000000000000000011111111111111000000000000000
