0000000000000000000000000000000000000000000000000000000000000000
0000000011111000000000000000000000000000000000000000000000000000
0000000111111111000000000000000000000000000000000000000000000000
0000011111111111100000000000000000000000000000000000000000000000
0000111111111111111000000000000000000000000000000000000000000000
0000111111111111111000000000000000000000000000000000000000000000
0000000111111111111100000000000000000000000000000000000000000000
0000000011111111111110000000000000000000000000000000000000000000
0000000001111111111000011000000000000000000000000000000000000000
0000000000001111110000111111110000000001000000000000000000000000
1100000000011111000011111111111111111111111110000000000000000000
1110000011111111111111111111111111111111111111100000000000000000
0111001111111111111111111111111111111111111111111000000000000000
0011101111111111111111111111111111111111111111111110000000000000
0001111111111111111100011111111111111111111111111111100000000000
0001111111111111000000000011111111111111111111111111111100000000
1111111111111110000000000011111111111111111111111111111110000000
0111111111111110001000000001111111111111111111110000000000000000
0001111111111110010000000000111111111111111111110000000000000000
0000111111111110000000000000011111111111111111111000000000000000
0001111111111111100000000000000111111111111111111100000000000000
0001111111111111111110000000000110111111111111111110000000000000
0001111111111111110000000000000000011111111111111111000000000000
0011111111111111111000000000000000000111111111111111000000000000
