0000000000000000000000000000000000000000000000000000000000000000
0000000001111000000000000000000000000000000000000000000000000000
0000000011111110000000000000000000000000000000000000000000000000
0000000111111111100000000000000000000000000000000000000000000000
0000001111111111111000000000000000000000000000000000000000000000
0000011111111111111100000000000000000000000000000000000000000000
0000001111111111111110000000000000000000000000000000000000000000
0000000011111111111110000000000000000000000000000000000000000000
0000000001111111111111001000000000000000000000000000000000000000
0000000000000111111100011111100000000000000000000000000000000000
1000000000000111100000111111111111111111111110000000000000000000
0111000000111111100011111111111111111111111111100000000000000000
0011000011111111111111111111111111111111111111111100000000000000
0001100111111111111111111111111111111111111111111111000000000000
0001111111111111111111101111111111111111111111111111110000000000
0000111111111111111000000111111111111111111111111111111100000000
1110111111111111100000000001111111111111111111111111111111000000
0111111111111111000100000001111111111111111111111000000000000000
0001111111111111000000000000111111111111111111111000000000000000
0000011111111111001000000000011111111111111111111100000000000000
0000011111111111110000000000000011111111111111111110000000000000
0000111111111111111110000000000011111111111111111111000000000000
0000111111111111111111000000000011001111111111111111100000000000
0000111111111111111000000000000000000011111111111111110000000000
