0000000000000000000000000000000000000000000000000000000000000000
0000000000000000000000000000000000000000000000000000000000000000
0000000000111110000000000000000000000000000000000000000000000000
0000000000111111110000000000000000000000000000000000000000000000
0000000011111111111100000000000000000000000000000000000000000000
0000000111111111111110000000000000000000000000000000000000000000
0000000111111111111111000000000000000000000000000000000000000000
0000000001111111111111100000000000000000000000000000000000000000
0000000000111111111111100000000000000000000000000000000000000000
0000000000011111111111000111100000000000000000000000000000000000
0000000000000001111100001111111111111111111110000000000000000000
1111100000000111111000111111111111111111111111110000000000000000
1001100000011111111111111111111111111111111111111100000000000000
1000110001111111111111111111111111111111111111111111000000000000
1100111001111111111111111111111111111111111111111111110000000000
1100011111111111111111100011111111111111111111111111111100000000
0110001111111111111000000000011111111111111111111111111111000000
0011111111111111110000000000011111111111111111111111111100000000
0000111111111111110001000000011111111111111111111110000000000000
0000001111111111110000000000001111111111111111111111000000000000
0000000111111111111010000000000011111111111111111111100000000000
0000001111111111111110000000000000111111111111111111110000000000
0000001111111111111111110000000001110111111111111111111000000000
0000001111111111111110000000000000100011111111111111111100000000
