0000000000000000000000000000000000000000000000000000000000000000
0000000000000000000000000000000000000000000000000000000000000000
0000000000001111100000000000000000000000000000000000000000000000
0000000000001111111100000000000000000000000000000000000000000000
0000000000111111111111000000000000000000000000000000000000000000
0000000001111111111111100000000000000000000000000000000000000000
0000000011111111111111110000000000000000000000000000000000000000
0000000001111111111111111000000000000000000000000000000000000000
0000000000001111111111111000000000000000000000000000000000000000
0000000000000111111111110001110000000000000000000000000000000000
0000000000000000111111100011111111000000000000000000000000000000
0001000000000000111110000111111111111111111111111000000000000000
1110111000000111111111011111111111111111111111111110000000000000
1110011000011111111111111111111111111111111111111111100000000000
1111001100011111111111111111111111111111111111111111111000000000
1110001111111111111111111101111111111111111111111111111110000000
0111000111111111111111100000001111111111111111111111111111100000
0001110111111111111100000000001111111111111111111111111111110000
0000011111111111111100010000001111111111111111111111100000000000
0000000111111111111100000000000111111111111111111111110000000000
0000000001111111111100100000000011111111111111111111111000000000
0000000001111111111111000000000000011111111111111111111100000000
0000000011111111111111111000000000011111111111111111111110000000
0000000011111111111111111100000000011001111111111111111111100000
