0000000000000000000000000000000000000000000000000000000000000000
0000000000000000000000000000000000000000000000000000000000000000
0000000000000111110000000000000000000000000000000000000000000000
0000000000000111111100000000000000000000000000000000000000000000
0000000000011111111111100000000000000000000000000000000000000000
0000000000111111111111110000000000000000000000000000000000000000
0000000001111111111111111000000000000000000000000000000000000000
0000000000111111111111111100000000000000000000000000000000000000
0000000000000111111111111100000000000000000000000000000000000000
0000000000000111111111111100111000000000000000000000000000000000
0000000000000000011111110001111111000000000000000000000000000000
1000100000000000011111000011111111111111111111111000000000000000
1111111000000001111111101111111111111111111111111111000000000000
1110001100000111111111111111111111111111111111111111110000000000
1111000110001111111111111111111111111111111111111111111000000000
1111000111011111111111111110111111111111111111111111111110000000
0011100011111111111111110000000111111111111111111111111111100000
0000111011111111111110000000000111111111111111111111111111111000
0000011111111111111110001000000111111111111111111111111000000000
0000000111111111111110000000000011111111111111111111111000000000
0000000001111111111110010000000011111111111111111111111100000000
0000000000111111111111100000000000111111111111111111111110000000
0000000001111111111111110000000000001111111111111111111111100000
0000000001111111111111111110000000011101111111111111111111110000
