0000000000000000000000000000000000000000000000000000000000000000
0000000000000000000000000000000000000000000000000000000000000000
0000000000000001111100000000000000000000000000000000000000000000
0000000000000001111111100000000000000000000000000000000000000000
0000000000000111111111111000000000000000000000000000000000000000
0000000000001111111111111100000000000000000000000000000000000000
0000000000011111111111111110000000000000000000000000000000000000
0000000000001111111111111111000000000000000000000000000000000000
0000000000000001111111111111000000000000000000000000000000000000
0000000000000001111111111111000100000000000000000000000000000000
0000000000000000000111111110001111100000000000000000000000000000
0110000000000000000111111000111111111111111111111100000000000000
1111111110000000011111111001111111111111111111111111100000000000
1111100111000001111111111111111111111111111111111111111000000000
1111110011100011111111111111111111111111111111111111111100000000
0111110001110011111111111111111111111111111111111111111111000000
0001110000111111111111111111000111111111111111111111111111110000
0000001100111111111111110000000001111111111111111111111111111000
0000000111111111111111100010000001111111111111111111111111111000
0000000001111111111111100000000001111111111111111111111111000000
0000000000011111111111100100000000111111111111111111111111000000
0000000000001111111111110000000000001111111111111111111111110000
0000000000011111111111111100000000000111111111111111111111111000
0000000000011111111111111111100000000111111111111111111111111100
