0000000000000000000000000000000000000000000000000000000000000000
0000000000000000000000000000000000000000000000000000000000000000
0000000000000000000001111110000000000000000000000000000000000000
0000000000000000000001111111110000000000000000000000000000000000
0000000000000000000111111111111000000000000000000000000000000000
0000000000000000001111111111111110000000000000000000000000000000
0000000000000000011111111111111111000000000000000000000000000000
0000000000000000001111111111111111000000000000000000000000000000
0000000000000000000001111111111111100000000000000000000000000000
0000000000000000000001111111111111100000000000000000000000000000
0000000000000000000000011111111111000111100000000000000000000000
0001001100000000000000000011111000001111111000000000000000000000
0000111111111110000000001111111000111111111111111110000000000000
0000011111101110000000111111111111111111111111111111111111000000
0000001111100111000011111111111111111111111111111111111111100000
0000000111110011100011111111111111111111111111111111111111111000
0000000011110001110111111111111111111111111111111111111111111100
0000000000011001111111111111111100000001111111111111111111111110
0000000000000111111111111111110000000001111111111111111111111111
0000000000000011111111111111100000000001111111111111111111111111
0000000000000000111111111111100100000001111111111111111111111111
0000000000000000001111111111110100000000111111111111111111111111
0000000000000000011111111111111100000000011111111111111111111111
0000000000000000011111111111111110000000000111111111111111111111
