0000000000000000000000000000000000000000000000000000000000000000
0000000000000000000000000000000000000000000000000000000000000000
0000000000000000000000000000011111000000000000000000000000000000
0000000000000000000000000000111111111000000000000000000000000000
0000000000000000000000000001111111111110000000000000000000000000
0000000000000000000000000111111111111111100000000000000000000000
0000000000000000000000000111111111111111100000000000000000000000
0000000000000000000000000011111111111111110000000000000000000000
0000000000000000000000000000111111111111111000000000000000000000
0000000000000000000000000000011111111111111000000000000000000000
0000000000000000000000000000000111111111110001111000000000000000
0000000000000000000000000000000000111110000011111100000000000000
0000000000000111001111000000000011111100001111111111100000000000
0000000000000011110111100000011111111110111111111111111110000000
0000000000000011110001100000111111111111111111111111111111111111
0000000000000001111101110000111111111111111111111111111111111111
0000000000000000111111111001111111111111111110111111111111111111
0000000000000000000111111111111111111100100000111111111111111111
0000000000000000000001111111111111111100000000111111111111111111
0000000000000000000000111111111111111001000000111111111111111111
0000000000000000000000001111111111111000000000011111111111111111
0000000000000000000000000011111111111100000000000111111111111111
0000000000000000000000000011111111111111000000000011111111111111
0000000000000000000000000111111111111111100000000011111111111111
