0000000000000000000000000000000000000000000000000000000000000000
0000000000000000000000000000000000000000000000000000000000000000
0000000000000000000000000000001111110000000000000000000000000000
0000000000000000000000000000001111111111000000000000000000000000
0000000000000000000000000000011111111111100000000000000000000000
0000000000000000000000000001111111111111111000000000000000000000
0000000000000000000000000001111111111111111000000000000000000000
0000000000000000000000000000111111111111111100000000000000000000
0000000000000000000000000000000111111111111110000000000000000000
0000000000000000000000000000000111111111111110000100000000000000
0000000000000000000000000000000001101111111100001110000000000000
0000000000000000100000000000000000001111100000111111100000000000
0000000000000001110001100000000000111111100011111111111000000000
0000000000000000111111111000000011111111111111111111111111110000
0000000000000000011110011000001111111111111111111111111111111111
0000000000000000011111011100001111111111111111111111111111111111
0000000000000000001111111110011111111111111111101111111111111111
0000000000000000000001111111111111111111000000001111111111111111
0000000000000000000000001111111111111111000000000111111111111111
0000000000000000000000000111111111111110010000000111111111111111
0000000000000000000000000001111111111110000000000111111111111111
0000000000000000000000000000111111111111010000000001111111111111
0000000000000000000000000000111111111111110000000000011111111111
0000000000000000000000000001111111111111111000000000011111111111
