0000000000000000000000000000000000000000000000000000000000000000
0000000000000000000000000000000000000000000000000000000000000000
0000000000000000000000000000000001111100000000000000000000000000
0000000000000000000000000000000001111111110000000000000000000000
0000000000000000000000000000000111111111111100000000000000000000
0000000000000000000000000000001111111111111110000000000000000000
0000000000000000000000000000011111111111111111000000000000000000
0000000000000000000000000000001111111111111111000000000000000000
0000000000000000000000000000000001111111111111100000000000000000
0000000000000000000000000000000000111111111111100001100000000000
0000000000000000000000000000000000001011111111000011110000000000
0000000000000000011100000000000000000011111000001111111100000000
0000000000000000001110001100000000000111111100111111111111100000
0000000000000000000111111111000000111111111111111111111111111111
0000000000000000000011100111000001111111111111111111111111111111
0000000000000000000011110011100001111111111111111111111111111111
0000000000000000000001111111110011111111111111111001111111111111
0000000000000000000000000111111111111111111000000001111111111111
0000000000000000000000000001111111111111111000000000111111111111
0000000000000000000000000000111111111111110000000000111111111111
0000000000000000000000000000000111111111110000000000011111111111
0000000000000000000000000000000111111111111100000000001111111111
0000000000000000000000000000001111111111111110000000000011111111
0000000000000000000000000000001111111111111111000000000011111111
