0000000000000000000000000000000000000000000000000000000000000000
0000000000000000000000000000000000000000000000000000000000000000
0000000000000000000000000000000001111110000000000000000000000000
0000000000000000000000000000000001111111111000000000000000000000
0000000000000000000000000000000011111111111110000000000000000000
0000000000000000000000000000000111111111111111000000000000000000
0000000000000000000000000000000111111111111111100000000000000000
0000000000000000000000000000000111111111111111110000000000000000
0000000000000000000000000000000000111111111111111000000000000000
0000000000000000000000000000000000011111111111100000011000000000
0000000000000000000000000000000000000100111110000001111100000000
0000000000000000000000000000000000000000111100000011111111000000
0000000000000000000011000000000000000011111111001111111111111000
0000000000000000000001100011110000001111111111111111111111111111
0000000000000000000001111001110000011111111111111111111111111111
0000000000000000000000111000111000011111111111111111111111111111
0000000000000000000000111110111100111111111111111100011111111111
0000000000000000000000000011111111111111111110000000001111111111
0000000000000000000000000000111111111111111110000000001111111111
0000000000000000000000000000001111111111111100000000001111111111
0000000000000000000000000000000001111111111100000000000111111111
0000000000000000000000000000000001111111111111000000000010111111
0000000000000000000000000000000001111111111111100000000000111100
0000000000000000000000000000000001111111111111111000000000111101
