0000000000000000000000000000000000000000000000000000000000000000
0000000000000000000000000000000000000111100000000000000000000000
0000000000000000000000000000000000001111110000000000000000000000
0000000000000000000000000000000000001111111111000000000000000000
0000000000000000000000000000000001111111111111100000000000000000
0000000000000000000000000000000011111111111111110000000000000000
0000000000000000000000000000000011111111111111110000000000000000
0000000000000000000000000000000001111111111111111000000000000000
0000000000000000000000000000000000011111111111111100000000000000
0000000000000000000000000000000000001111111111111100011000000000
0000000000000000000000000000000000000000111111110000111100000000
0000000000000000000000000000000000000000111110000011111111000000
0000000000000000000110000000000000000011111110001111111111111000
0000000000000000000011000000000000001111111111111111111111111111
0000000000000000000001100111110000011111111111111111111111111111
0000000000000000000001110001110000011111111111111111111111111111
0000000000000000000001111100111000111111111111111110001111111111
0000000000000000000000011111111101111111111110000000000111111111
0000000000000000000000000001111111111111111111000000000111111111
0000000000000000000000000000011111111111111100000000000111111111
0000000000000000000000000000000111111111111100000000000011111111
0000000000000000000000000000000001111111111111000000000001011111
0000000000000000000000000000000001111111111111100000000000011111
0000000000000000000000000000000001111111111111111000000000011110
