0000000000000000000000000000000000000000000000000000000000000000
0000000000000000000000000000000000000000011110000000000000000000
0000000000000000000000000000000000000000111111000000000000000000
0000000000000000000000000000000000000111111111110000000000000000
0000000000000000000000000000000000011111111111111000000000000000
0000000000000000000000000000000000011111111111111100000000000000
0000000000000000000000000000000000011111111111111100000000000000
0000000000000000000000000000000000001111111111111100000000000000
0000000000000000000000000000000000000111111111111100000000000000
0000000000000000000000000000000000000011111111111110001000000000
0000000000000000000000000000000000000000011111111000111110000000
0000000000000000000000000000000000000000111111100001111111100000
0000000000000000011000000000000000000011111110000111111111111000
0000000000000000001110000111100000001111111111111111111111111111
0000000000000000000011000001110000011111111111111111111111111111
0000000000000000000011100000110000011111111111111111111111111111
0000000000000000000001111000011000111111111111111110001111111111
0000000000000000000000111110011111111111111110000000001111111111
0000000000000000000000000001111111111111111111000000000111111111
0000000000000000000000000000011111111111111100000000000111111111
0000000000000000000000000000000111111111111100000000000011111111
0000000000000000000000000000000001111111111111000000000001011111
0000000000000000000000000000000001111111111111100000000000011111
0000000000000000000000000000000001111111111111111000000000011110
