0000000000000000000000000000000000000000000000000000000000000000
0000000000000000000000000000000000000000000111100000000000000000
0000000000000000000000000000000000000000001111110000000000000000
0000000000000000000000000000000000000011111111111000000000000000
0000000000000000000000000000000000001111111111111100000000000000
0000000000000000000000000000000000001111111111111110000000000000
0000000000000000000000000000000000000111111111111110000000000000
0000000000000000000000000000000000000111111111111110000000000000
0000000000000000000000000000000000000111111111111110000000000000
0000000000000000000000000000000000000010111111111110001000000000
0000000000000000000000000000000000000000011111111110111100000000
0000000000000000000000000000000000000000111111111111111111000000
0000000000000000000000000001000000000011111110011111111111111000
0000000000000000001100000111110000001111111111111111111111111111
0000000000000000000110000001110000011111111111111111111111111111
0000000000000000000011100000111000011111111111111111111111111111
0000000000000000000011111000011100111111111111111110001111111111
0000000000000000000001111110011111111111111110000000001111111111
0000000000000000000000000001111111111111111111000000000111111111
0000000000000000000000000000111111111111111100000000000111111111
0000000000000000000000000000000111111111111100000000000011111111
0000000000000000000000000000000001111111111111000000000001011111
0000000000000000000000000000000001111111111111100000000000011111
0000000000000000000000000000000001111111111111111000000000011110
