0000000000000000000000000000000000000000000000000000000000000000
0000000000000000000000000000000000000000000001100000000000000000
0000000000000000000000000000000000000000000111111000000000000000
0000000000000000000000000000000000000011111111111000000000000000
0000000000000000000000000000000000001111111111111110000000000000
0000000000000000000000000000000000001111111111111110000000000000
0000000000000000000000000000000000000111111111111110000000000000
0000000000000000000000000000000000000111111111111110000000000000
0000000000000000000000000000000000000111111111111100000000000000
0000000000000000000000000000000000000000111111111100011000000000
0000000000000000000000000000000000000000111111111110111100000000
0000000000000000000000000000000000000000111111111111111111000000
0000000000000000000000000111100000000011111110111111111111111000
0000000000000000110000000011110000001111111111111111111111111111
0000000000000000001100000001110000011111111111111111111111111111
0000000000000000000111000000110000111111111111111111111111111111
0000000000000000000011110000111000111111111111111110011111111111
0000000000000000000011111110011111111111111110000000001111111111
0000000000000000000000000111111111111111111111000000001111111111
0000000000000000000000000000111111111111111100000000001111111111
0000000000000000000000000000000111111111111100000000000111111111
0000000000000000000000000000000001111111111111000000000001011111
0000000000000000000000000000000001111111111111100000000000111111
0000000000000000000000000000000001111111111111110000000000111110
