0000000000000000000000000000000000111111111111111111111111111111
0000000000000000000000000000000000000011111111111111111111111111
0000000000000000000000000000000000111111111111111111111111111111
0000000000000000000000000000000000000011111111111111111111111111
0000000000000000000000000000000000000000111111111111111111111111
0000000000000000000000000000000000000111111111111111111111111111
0000000000000000000000000000000000111111111111111111111111111111
0000000000000000000000000000000000111111111111111111111111111111
0000000000000000000000000000000000111111111111111111111111111111
0000000000000000000000000000000000011111111111111111111111111111
0000000000000000000000000000000000011111111111111111111111111111
0000000000000000000000000000000000011111111111111111111111111111
0000000000000000000000000000000000000000000000000011111111111111
0000000100000000000000000000000000000000000000000001111111111111
0000001110000000000000000000000000000000000000000001110000000000
0000111000000000000000000000000000000000000000000000000000000000
0001100000000000000000000000000000000000000000000000000000000000
0000000000000000000000000000000000000000000000000000000000000000
0000000000000000000000000000000000000000000000000000000000000000
0000000000000000000000000000000000000000000000000000000000000000
0000000000000000000000000000000000000000000000000000000000000000
0000000000000000000000000000000000000000000000000000000000000000
0000000000000000000000000000000000000000000000000000000000000000
0000000000000000000000000000000000000000000000000000000000000000
