0000000000000000000000000000000000000000000000000000000000000000
0000000000000000000000000000000000000000000111000000000000000000
0000000000000000000000000000000000000000001111110000000000000000
0000000000000000000000000000000000000111111111110000000000000000
0000000000000000000000000000000000011111111111111100000000000000
0000000000000000000000000000000000011111111111111100000000000000
0000000000000000000000000000000000000111111111111110000000000000
0000000000000000000000000000000000001111111111111100000000000000
0000000000000000000000000000000000001111111111111100000000000000
0000000000000000000000000000000000000001111111111100010000000000
0000000000000000000000000000000000000000111111111111111100000000
0000000000000000000000000001000000000000111111110111111111000000
0000000000000000000000000011110000000111111110011111111111110000
0000000000000000000000000001100000011111111111111111111111111111
0000000000000000000000000001110000111111111111111111111111111111
0000000000000011100000000001110001111111111111111111111111111111
0000000000000000011000000000111011111111111111111100011111111111
0000000000000000001110000000111111111111111110000000011111111111
0000000000000000000111111000111111111111111100000000011111111111
0000000000000000000001111111111100111111111100000000011111111111
0000000000000000000000000000111111111111111100000000001111111111
0000000000000000000000000000000011111111111111000000000100111111
0000000000000000000000000000000011111111111111100000000001111111
0000000000000000000000000000000001111111111111110000000001111001
