0000000000000000000000000000000000000000000000000000000000000000
0000000000000000000000000000000000000000000111100000000000000000
0000000000000000000000000000000000000000001111110000000000000000
0000000000000000000000000000000000000111111111111000000000000000
0000000000000000000000000000000000011111111111111100000000000000
0000000000000000000000000000000000011111111111111110000000000000
0000000000000000000000000000000000000111111111111110000000000000
0000000000000000000000000000000000001111111111111100000000000000
0000000000000000000000000000000000001111111111111100000000000000
0000000000000000000000000000000000000001111111111110011000000000
0000000000000000000000000000000000000000111111111111111100000000
0000000000000000000000000111100000000000111111110111111111000000
0000000000000000000000000011110000000011111110011111111111110000
0000000000000000000000000001100000011111111111111111111111111111
0000000000000000000000000001110000111111111111111111111111111111
0000000000000011000000000001110001111111111111111111111111111111
0000000000000000111000000001111011111111111111111110011111111111
0000000000000000001110000000111111111111111110000000011111111111
0000000000000000000111110000111100111111111110000000011111111111
0000000000000000000011111110111000111111111100000000011111111111
0000000000000000000000000001111111111111111100000000001111111111
0000000000000000000000000000000111111111111111000000000010111111
0000000000000000000000000000000011111111111111100000000001111111
0000000000000000000000000000000001111111111111110000000001111101
