0000000000000000000000000000000000000000000000000000000000000000
0000000000000000000000000000000000000000000011111100000000000000
0000000000000000000000000000000000000000011111111100000000000000
0000000000000000000000000000000000000011111111111111000000000000
0000000000000000000000000000000000001111111111111111100000000000
0000000000000000000000000000000000001111111111111111100000000000
0000000000000000000000000000000000000011111111111111100000000000
0000000000000000000000000000000000000011111111111111100000000000
0000000000000000000000000000000000000111111111111111100000000000
0000000000000000000000000000000000000000111111111111100010000000
0000000000000000000000001111100000000000011111111111101111100000
0000000000000000000000000011110000000000011111111111111111110000
0000000000000000000000000001110000000001111111111111111111111110
0000000000000000000000000001110000000111111111111111111111111111
0000000000000000000000000001110000111111111111111111111111111111
0000000000000000000000000001110001111111111111111111111111111111
0000000000000000000000000001111111111111111111111111111111111111
0000000000000011000000000011111111111111111111111111000111111111
0000000000000011110000000001110000111111111111100000000011111111
0000000000000000011100000000000000011111111111110000000011111111
0000000000000000001111100000000000011111111111000000000011111111
0000000000000000000111111100000000011111111111000000000011111111
0000000000000000000011111111111111111111111111110000000000111111
0000000000000000000000000000011111111111111111111000000000001111
