0000000000000000000000000000000000000000000000011111000000000000
0000000000000000000000000000000000000000000000111111100000000000
0000000000000000000000000000000000000000011111111111100000000000
0000000000000000000000000000000000000001111111111111111000000000
0000000000000000000000000000000000000011111111111111111100000000
0000000000000000000000000000000000000011111111111111111100000000
0000000000000000000000000000000000000001111111111111111100000000
0000000000000000000000000000000000000001111111111111111100000000
0000000000000000000000000000000000000001111111111111111100000000
0000000000000000000000001111100000000001111111111111111100010000
0000000000000000000000000011110000000000000111111111111101111100
0000000000000000000000000001110000000000000111111111111111111110
0000000000000000000000000001110000000000001111111111111111111111
0000000000000000000000000001110000000000111111111111111111111111
0000000000000000000000000001110000001111111111111111111111111111
0000000000000000000000000011110000111111111111111111111111111111
0000000000000000000000000011111111111111111111111111111111111111
0000000000000000000000000011111111111111111111111111111111111111
0000000000000000000000000011111000011111111111111111111000111111
0000000000000011000000000000000000001111111111111100000000011111
0000000000000111110000000000000000001111111111111100000000011111
0000000000000001111100000000000000001111111111110000000000011111
0000000000000000011111100000000000001111111111110000000000011111
0000000000000000001111110000000000011111111111111100000000001111
