0000000000000000000000000000000000000000000000011111110000000000
0000000000000000000000000000000000000000000000111111111000000000
0000000000000000000000000000000000000000011111111111111100000000
0000000000000000000000000000000000000001111111111111111110000000
0000000000000000000000000000000000000001111111111111111111000000
0000000000000000000000000000000000000001111111111111111111100000
0000000000000000000000000000000000000000111111111111111111100000
0000000000000000000000000000000000000000111111111111111111100000
0000000000000000000000000000000000000000111111111111111111100000
0000000000000000000000001111110000000000111111111111111111100010
0000000000000000000000000001111000000000000011111111111111101111
0000000000000000000000000000111000000000000011111111111111111111
0000000000000000000000000000111000000000000011111111111111111111
0000000000000000000000000001111000000000001111111111111111111111
0000000000000000000000000001111000000001111111111111111111111111
0000000000000000000000000001111000001111111111111111111111111111
0000000000000000000000000011111001111111111111111111111111111111
0000000000000000000000000011111111111111111111111111111111111111
0000000000000000000000000011111110011111111111111111111111111111
0000000000000000000000000000000000001111111111111111111111000111
0000000000000000000000000000000000000111111111111111000000000111
0000000000000011000000000000000000000111111111111111000000000011
0000000000000111111000000000000000000111111111111111000000000011
0000000000000001111110000000000000000111111111111110000000000011
