0000000000000000000000000000000000000000000000001111111000000000
0000000000000000000000000000000000000000000000111111111100000000
0000000000000000000000000000000000000000001111111111111111000000
0000000000000000000000000000000000000000111111111111111111100000
0000000000000000000000000000000000000001111111111111111111110000
0000000000000000000000000000000000000001111111111111111111110000
0000000000000000000000000000000000000000011111111111111111110000
0000000000000000000000000000000000000000011111111111111111110000
0000000000000000000000000000000000000000111111111111111111110000
0000000000000000000000000111111000000000011111111111111111110000
0000000000000000000000000001111000000000000001111111111111111011
0000000000000000000000000000111000000000000001111111111111111111
0000000000000000000000000000111000000000000001111111111111111111
0000000000000000000000000001111000000000000111111111111111111111
0000000000000000000000000001111000000000011111111111111111111111
0000000000000000000000000001111000001111111111111111111111111111
0000000000000000000000000001111001111111111111111111111111111111
0000000000000000000000000011111111111111111111111111111111111111
0000000000000000000000000011111111111111111111111111111111111111
0000000000000000000000000001110000000111111111111111111111111001
0000000000000000000000000000000000000111111111111111100000000001
0000000000000000000000000000000000000011111111111111100000000000
0000000000000011100000000000000000000011111111111111100000000000
0000000000001111111000000000000000000011111111111111100000000000
