0000000000000000000000000000000000000000000000000111111110000000
0000000000000000000000000000000000000000000000111111111111100000
0000000000000000000000000000000000000000000111111111111111111000
0000000000000000000000000000000000000000011111111111111111111100
0000000000000000000000000000000000000000111111111111111111111110
0000000000000000000000000000000000000000111111111111111111111111
0000000000000000000000000000000000000000011111111111111111111111
0000000000000000000000000000000000000000000111111111111111111111
0000000000000000000000000011010000000000001111111111111111111111
0000000000000000000000000011111100000000000111111111111111111110
0000000000000000000000000001111100000000000111111111111111111111
0000000000000000000000000000111100000000000000001111111111111111
0000000000000000000000000000111000000000000000001111111111111111
0000000000000000000000000001111000000000000000011111111111111111
0000000000000000000000000001111000000000000001111111111111111111
0000000000000000000000000001111000000000011111111111111111111111
0000000000000000000000000001111100000011111111111111111111111111
0000000000000000000000000001111100111111111111111111111111111111
0000000000000000000000000001111111111111111111111111111111111111
0000000000000000000000000001111111111111111111111111111111111111
0000000000000000000000000000111100000001111111111111111111111111
0000000000000000000000000000000000000001111111111111111111111110
0000000000000000000000000000000000000001111111111111111100000000
0000000000000000000000000000000000000001111111111111111100000000
