0000000000000000000000000000000000000000000000000000111111111111
0000000000000000000000000000000000000000000000000001111111111111
0000000000000000000000000000000000000000000000001111111111111111
0000000000000000000000000000000000000000000000111111111111111111
0000000000000000000000000000000000000000000001111111111111111111
0000000000000000000000000000000000000000000001111111111111111111
0000000000000000000000000000000000000000000011111111111111111111
0000000000000000000000000000000000000000000001111111111111111111
0000000000000000000000000000000010000000000001111111111111111111
0000000000000000000000000000000001000000000000000111111111111111
0000000000000000000000000000001111110000000000000111111111111111
0000000000000000000000000000001111111000000000000111111111111111
0000000000000000000000000000001111111000000000000011111111111111
0000000000000000000000000000011111110000000000000000111111111111
0000000000000000000000000000011111000000000000000000000001111111
0000000000000000000000000000111110000000000000000000000011111111
0000000000000000000000000000111110000000000000000000001111111111
0000000000000000000000000000111111000000000000000001111111111111
0000000000000000000000000000111111000000000011111111111111111111
0000000000000000000000000000011111000000000111111111111111111111
0000000000000000000000000000011111100000111111111111111111111111
0000000000000000000000000000011111110111111111111111111111111111
0000000000000000000000000000011111111111111111111111111111111111
0000000000000000000000000000001111111111111111111111111111111111
