0000000000000000000000000000000000000000000000000000001111111111
0000000000000000000000000000000000000000000000000000001111111111
0000000000000000000000000000000000000000000000000000111111111111
0000000000000000000000000000000000000000000000000011111111111111
0000000000000000000000000000000000000000000000000111111111111111
0000000000000000000000000000000000000000000000001111111111111111
0000000000000000000000000000000000000000000000011111111111111111
0000000000000000000000000000000000000000000000011111111111111111
0000000000000000000000000000000000100000000000011111111111111111
0000000000000000000000000000000000010000000000001111111111111111
0000000000000000000000000000000000011000000000000111111111111111
0000000000000000000000000000000011111100000000000000011111111111
0000000000000000000000000000000111111110000000000000011111111111
0000000000000000000000000000000111111110000000000000001111111111
0000000000000000000000000000001111111110000000000000000111111111
0000000000000000000000000000001111111001000000000000000001111111
0000000000000000000000000000011111110000100000000000000000000011
0000000000000000000000000000011111000000000000000000000000001111
0000000000000000000000000000011111100000000000000000000001111111
0000000000000000000000000000011111100000000000000000001111111111
0000000000000000000000000000001111110000000000011111111111111111
0000000000000000000000000000001111110000000000111111111111111111
0000000000000000000000000000001111111000001111111111111111111111
0000000000000000000000000000000111111101111111111111111111111111
