0000000000000000000000000000000000000000000000000000000111111111
0000000000000000000000000000000000000000000000000000000011111111
0000000000000000000000000000000000000000000000000000000111111111
0000000000000000000000000000000000000000000000000000111111111111
0000000000000000000000000000000000000000000000000001111111111111
0000000000000000000000000000000000000000000000000011111111111111
0000000000000000000000000000000000000000000000000111111111111111
0000000000000000000000000000000000000000000000001111111111111111
0000000000000000000000000000000000000000000000000111111111111111
0000000000000000000000000000000000001000000000000111111111111111
0000000000000000000000000000000000001100000000000011111111111111
0000000000000000000000000000000000000100000000000001101111111111
0000000000000000000000000000000001111111000000000000000111111111
0000000000000000000000000000000011111111100000000000000111111111
0000000000000000000000000000000011111111100000000000000011111111
0000000000000000000000000000000111111111100000000000000000111111
0000000000000000000000000000001111111100000000000000000000001111
0000000000000000000000000000001111111000010000000000000000000000
0000000000000000000000000000001111100000001000000000000000000001
0000000000000000000000000000001111110000000000000000000000011111
0000000000000000000000000000001111110000000000000000000011111111
0000000000000000000000000000001111111000000000000111111111111111
0000000000000000000000000000000111111100000000001111111111111111
0000000000000000000000000000000111111100000011111111111111111111
