0000000000000000000000000000000000000000000000000000000000000000
0000000000000000000000000000000000000000000000000000000000000000
0000000000000000000000000000000000000000000000000000000000000011
0000000000000000000000000000000000000000000000000000000000000011
0000000000000000000000000000000000000000000000000000000000000011
0000000000000000000000010000000000000000000000000000000000000001
0000000000000000000000001100000000000000000000000000000000000111
0000000000000000000000000011000000000000000000000000000000011111
0000000000000000000000000000110000000000000000000000000000111111
0000000000000000000000000000001100000000000000000000000001111111
0000000000000000000000000000000011000100000000000000000011111111
0000000000000000000000000000000000100010000000000000000111111111
0000000000000000000000000000000001111110000000000000000111111111
0000000000000000000000000000011111111110000000000000000011111111
0000000000000000000000000000011111111111110000000000000001111111
0000000000000000000000000000011111111111100000000000000000011111
0000000000000000000000000000011111111110000000000000000000000000
0000000000000000000000000000011111111100000000000000000000000000
0000000000000000000000000000011111111000000000000000000000000000
0000000000000000000000000000011111110000000000000000000000000000
0000000000000000000000000000011111110000000000000000000000000000
0000000000000000000000000000001111111100000000000000000000000000
0000000000000000000000000000000111111110000000000000000000000000
0000000000000000000000000000000011111111000000000000000000000000
