0000000000000000000000000000000000000000000000000000000000000000
0000000000000000000000000000000000000000000000000000000000000000
0000000000000000000000000000000000000000000000000000000000000000
0000000000001100000000000000000000000000000000000000000000000000
0000000000000000111000000000000000000000000000000000000000000000
0000000000000000000011110000000000000000000000000000000000000000
0000000000000000000000000111000000000000000000000000000000000000
0000000000000000000000000000000000000000000000000000000000000000
0000000000000000000000000000000000000000000000000000000000000000
0000000000000000000000000000000000000000000000000000000000000000
0000000000000000000000000001100000000000000000000000000000000011
0000000000000000000000000000110000000000000000000000000000000111
0000000000000000000000000000011000000000000000000000000000001111
0000000000000000000000000000001110000001000000000000000000011111
0000000000000000000000000011101111000110000000000000000000011111
0000000000000000000000000011111111111100000000000000000000001111
0000000000000000000000000111111111111000000000000000000000000111
0000000000000000000000000111111111111100000000000000000000000011
0000000000000000000000000000111111111110000000000000000000000000
0000000000000000000000000000001111111110000000000000000000000000
0000000000000000000000000000000011111111000000000000000000000000
0000000000000000000000000000000001111111100000000000000000000000
0000000000000000000000000000000000111111110000000000000000000000
0000000000000000000000000000000000011111111000000000000000000000
