0000000000000000000000000000000000000000000000000000000000000000
0000011110000000000000000000000000000000000000000000000000000000
0000000000011111110000000000000000000000000000000000000000000000
0000000000000000000011111000000000000000000000000000000000000000
0000000000000000000000000000000000000000000000000000000000000000
0000000000000000000000000000000000000000000000000000000000000000
0000000000000000000000000000000000000000000000000000000000000000
0000000000000000000000000000000000000000000000000000000000000000
0000000000000000000000000000000000000000000000000000000000000000
0000000000000000000000000000000000000000000000000000000000000000
0000000000000000000000000000000000000000000000000000000000000000
0000000000000000000000000000000000000000000000000000000000000000
0000000000000000000000001000000000000000000000000000000000000000
0000000000000000000000000111000000000000000000000000000000000001
0000000000000000000000000000110000000000000000000000000000000111
0000000000000000000000000000011100000100000000000000000000000111
0000000000000000000000000000001111101100000000000000000000000011
0000000000000000000000000011111111111100000000000000000000000001
0000000000000000000000000011111111111110000000000000000000000000
0000000000000000000000000011111111111111000000000000000000000000
0000000000000000000000000000101111111111100000000000000000000000
0000000000000000000000000000000000111111110000000000000000000000
0000000000000000000000000000000000001111111000000000000000000000
0000000000000000000000000000000000001111111100000000000000000000
