1111111111111111111111111111111111111111111111111111111111111111
1111111111111111111111111111111111111111111111111111111111111111
1111111111111111111111111111111111111111111111111111111111111111
1111111111111111111111111111111111111111111111111111111111111111
1111111111111111111111111111111111111111111111111111111111111111
1111111111111111111111111111111111111111111111111111111111111111
1111111111111111111111111111111111111111111111111111111111111111
1111111111111111111111111111111111111111111111111111111111111111
1111111111111111111111111111111111111111111111111111111111111111
1111111111111111111111111111111111111111111111101111111111111111
1111111111111111111111111111111111111111111111100111111001111111
1111111111111111111111111111111111111111111111110011000000111111
1111111111111111111111111111111111111111111111111011000000111111
1111111111111111111111111111111111111111111111111111000000011111
1111111111111111111111111111111111111111111111111110000000001111
1111111111111111111111111111111111111111111111111110000000000111
1111111111111111111111111111111111111111111111111111000000000011
1111111111111111111111111111111111111111111111111111110000000001
1111111111111111111111111111111111111111111111111111111000000000
1111111111111111111111111111111111111111111111111111111100000000
1111111111111111111111111111111111111111111111111111111110000000
1111111111111111111111111111111111111111111111111111111110000000
1111111111111111111111111111111111111111111111111111111110000000
1111111111111111111111111111111111111111111111111111111111000000
