1111111111111111000000000000000000000000000000000000000000000000
1111111111111111100000000000000000000000000000000000000000000000
1111111111111111110000000000000000000000000000000000000000000000
1111111111111111111100000000000000000000000000000000000000000000
1111111111111111111111110000000000000000000000000000000010001111
1111111000001111111111110000000000000000000000000000000001111111
1111100000000001111111100000000000000000000000000001111000111111
1110000000000000111111100000000000000000000000000000011111111111
1100000000000000111111000000000000000000000000000000111111111111
1110000000000000011111000000000000000000000111000000011111111111
1111000000000000000111000000000000000000000010000000000000000011
1111111100000000000000100000000000000000000000000000000000000011
1111111111111000000000000000000000000000000000000000000000000011
1111111111111110000000000000000000000000000000000000000000000011
1111111111111111110000000000000000000000000000000000000000000111
1111111111111111111100000000001000000000000000000000000000000000
1111111111111111111000000000111000000000000000000000000000000000
1111111111111111100000000111110000000000000000000000000000011000
1111111111111111000000001111000000000000000000000000000000000000
1111111111111100000000111100000000000000000000000000000000000000
0000111111110000000000100000000000000000000000000000000000000000
0000000000000000000000000000000000000000000000000000000000000000
0000000000000000000000000000000000000000000000000000000000000000
0000000000000000000000000000000000000000000000000000000000000000
