0000000000000000000000000000000000000000000000000000000000000000
0000000000000000000000000000000000000000000000000000000000000000
0000000000000000000000000000000000000000000000000000000000000000
0000000000000000000000000000000000000000000000000000000000000000
0000000000000000000000000000000000000000000000000000000000000000
0000000000000000000000000000000000000000000000000000000000000000
0000000000000000000000000000000000000000000000000000000000000000
0000000000000000000000000000000000000000000000000000000000000000
0000000000000000000000000000000000000000000000000000000000000000
0000000000000000000000000000000000000000000000000000000000000000
0000000000000000000000000000000000000000000000000000000000000000
0000000000000000000000000000000000000000000000000000000000000000
0000000000000000000000000000000000000000000000000000000000000000
0000000000000000000000000000000000000000000000000000000000000000
0000000000000000000000000000000000000000000000000000000000010000
0000000000000000000000000000000000000000000000000000000111000000
0000000000000000000000000000000000000000000000000000111000000000
0000000000000000000000000000000000000000000000000111000000000000
0000000000000000000000000000000000000000000000111000000000000000
0000000000000000000000000000000000000000001111000000000000000000
0000000000000000000000000000000000000001111000000000000000000000
0000000000000000000000000000000000011111000000000000000000000000
0000000000000000000000000000000011111000000000000000000000000000
0000000000000000000000000000011111000000000000000000000000000000
