1111111111111111111111000000000000000000000000000000000000000000
1111111111111111111111110000000000000000000000000000000000000000
1111111111111111111111111100000000000000000000000000000000000000
1111111111111111111111111110000000000000000000000000000000000000
1111111111111111111111111111100000000000000000000000000000000000
1111111111111111111111111111111110000000000000000000000000000000
1111111111111111000000011111111110000000000000000000000000000000
1111111111111100000000000111111110000000000000000000000000001000
1111111111111000000000000011111100000000000000000000000000011111
1111111111111000000000000111110000000000000000000000000000001111
1111111111111100000000000001110000000000000000000000000000001111
1111111111111111100000000000001000000000000000000000110000000000
1111111111111111111111000000000000000000000000000000000000000000
1111111111111111111111110000000000000000000000000000000000000000
1111111111111111111111111100000000000000000000000000000000000000
1111111111111111111111111111000000000000000000000000000000000000
1111111111111111111111111111000000000010000000000000000000000000
1111111111111111111111111110000000011111000000000000000000000000
1111111111111111111111111100000001111110000000000000000000000000
1111111111111111111111111000000011111000000000000000000000000000
1111111111111111111111100000001111100000000000000000000000000000
1111111111111111111110000000011100000000000000000000000000000000
0000000000000000000000000000000000000000000000000000000000000000
0000000000000000000000000000000000000000000000000000000000000000
