0000000000000000000000000000000000000000000000000000000000000000
0000000000000000000000000000000000000000000000000000000000000000
0000000000000000000000000000000000000000000000000000000000000000
0000000000000000000000000000000000000000000000000000000000000000
0000000000000000000000000000000000000000000000000000000000000000
0000000000000000000000000000000000000000000000000000000000000000
0000000000000000000000000000000000000000000000000000000000000000
0000000000000000000000000000000000000000000000000000000000000000
0000000000000000000000010000000000000000000000000000000000000000
0000000000000000000000000011111110000000000000000000000000000000
0000000000000000000000000000111111000000000000000000000000000000
0000000000000000000000000000001111110000000000000000000000000000
0000000000000000000000000000000011111100000000000000000000000000
0000000000000000000000000000000001111111000000000000000000000000
0000000000000000000000000000000000111111110000000000000000000000
0000000000000000000000000000000000001111111111100000000000000000
0000000000000000000000000000000000000011111111110000000000000000
0000000000000000000000000000000000000000111111111100000000000000
0000000000000000000000000000000000000000001111111111110000000000
0000000000000000000000000000000000000000000011111111111111111111
0000000000000000000000000000000000000000000000111111111111111111
0000000000000000000000000000000000000000000000001111111111111111
0000000000000000000000000000000000000000000000000111111111111111
0000000000000000000000000000000000000000000000000011111111111111
