0000000000000000000000000000000000000000000000000000000000000000
0000000000000000000000000000000000000000000000000000000000000000
0000000000000000000000000000000000000000000000000000000000000000
0000000000000000000000000000000000000000000000000000000000000000
0000000000000000000000000000000000000000000000000000000000000000
0000000000000000000001111100000000000000000000000000000000000000
0000000000000000000000011110000000000000000000000000000000000000
0000000000000000000000000111100000000000000000000000000000000000
0000000000000000000000000011111000000000000000000000000000000000
0000000000000000000000000001111111100000000000000000000000000000
0000000000000000000000000000011111111000000000000000000000000000
0000000000000000000000000000001111111100000000000000000000000000
0000000000000000000000000000000011111111111000000000000000000000
0000000000000000000000000000000000111111111111111111111100000000
0000000000000000000000000000000000001111111111111111111111111111
0000000000000000000000000000000000000011111111111111111111111111
0000000000000000000000000000000000000000111111111111111111111111
0000000000000000000000000000000000000000011111111111111111111111
0000000000000000000000000000000000000000001111111111111111111111
0000000000000000000000000000000000000000000111111111111111111111
0000000000000000000000000000000000000000000011111111111111111111
0000000000000000000000000000000000000000000000111111111111111111
0000000000000000000000000000000000000000000000001111111111111111
0000000000000000000000000000000000000000000000011111111111111111
