1111111111111111111111000000000000000000000000000000000000000000
1111111111111111111111110000000000000000000000000000000000000000
1111111111111111111111111111000000000000000000000000000000000000
1111111111111111111111111111110000000000000000000000000000000000
1111111111111111111111111111111100000000000000000000000000000000
1111111111111111111111111111111110000000000000000000000000000000
1111111111111111111111100011111111111000000000000000000000000000
1111111111111111111110000000011111111000000000000000000000000000
1111111111111111111000000000001111111000000000000000000000000000
1111111111111111111000000000001111110000000000000000000000000011
1111111111111111111000000000001111100000000000000000000000000001
1111111111111111111110000000000001100000000000000000000000000000
1111111111111111111111111100000000000000000000000000000011000000
1111111111111111111111111111000000000000000000000000000001000000
1111111111111111111111111111110000000000000000000000000000000000
1111111111111111111111111111111100000000000000000000000000000000
1111111111111111111111111111111111000000000000000000000000000000
1111111111111111111111111111111110000000011100000000000000000000
1111111111111111111111111111111100000001111110000000000000000000
1111111111111111111111111111111000000111111100000000000000000000
1111111111111111111111111111100000001111110000000000000000000000
1111111111111111111111111111000000111111000000000000000000000000
1111111111111111111111111100000001111100000000000000000000000000
0000000000000111111111110000000001100000000000000000000000000000
