0000000000000000000000000000000000000000000000000000000000000000
0000000000000000000000000000000000000000000000000000000000000000
0000000000000000000000000000000000000000000000000001111110000110
0000000000000000110000000000000000000000000000000111111110011000
0000000000000000001000000000000000000000000000000001111111110000
0000000000000000000111100000000000000000000000000000111111000000
0000000000000000000001111000000000000000000000000011111100000000
0000000000000000000000011111111111111111111111111111100000000000
0000000000000000000000000001111111111111111111111111000000000000
0000000000000000000000000001111111111111111111111110000000000000
0000000000000000000000000000111111111111111111111110000000000000
0000000000000000000000000000011111111111111111111000000000000000
0000000000000000000000000000011111111111111111110000000000000000
0000000000000000000000000000001111111111111111110000000000000000
0000000000000000000000000000001111111111111111110000000000000000
0000000000000000000000000000001111111111111111110000000000000000
0000000000000000000000000000001111111111111111110000000000000000
0000000000000000000000000000001111111111111111110000000000000000
0000000000000000000000000000001111111111111111100000000000000000
0000000000000000000000000000001111111111111111100000000000000000
0000000000000000000000000000111111111111111111110000000000000000
0000000000000000000000000000111111111111111111111000000000000000
0000000000000000000000000000111111111111111111111000000000000000
0000000000000000000000000000011111111111111111111000000000000000
