0000000000000000000000000000000000000000010000000000000000000000
0000000000000000000000000000000000000001110000000000000000000000
0000000000000000000000000000000000000111100000000000000000000000
0000000000000000000000000000000000000011100000000000000000000000
0000000000000000000000001000000000000111000000000000000000000000
0000000000000000000000000100000000011111111000000000000000000000
0000000000000000000000000011111111111111111100000000000000000000
0000000000000000000000000001111111111111111100000000000000000000
0000000000000000000000000001111111111111100100000000000000000000
0000000000000000000000000011111111111111100000000000000000000000
0000000000000000000000000001111111111111100000000000000000000000
0000000000000000000000000000111111111111000000000000000000000000
0000000000000000000000000001101111111111000000000000000000000000
0000000000000000000000000001001111111110000000000000000000000000
0000000000000000000000000001011111111110000000000000000000000000
0000000000000000000000000001111111111111000000000000000000000000
0000000000000000000000000011111111111111000000000000000000000000
0000000000000000000000000011111111111111100000000000000000000000
0000000000000000001111110011111111111111100000000000000000000000
0000000000000000111111111111111111111111110000000000000000000000
0000000000000001111111111101111111111111110000000000000000000000
0000000000000001111111111111111111111100111000000000000000000000
0000000000011111111111111111111111111000111000000000000000000000
0000000000111111111111111001111111111100111000000000000000000000
