0000000000000000000000000000000000100000000000000000000000000000
0000000000000000000000000000000001110000000000000000000000000000
0000000000000000000000000000000001100000000000000000000000000000
0000000000000000000000000000000001100000000000000000000000000000
0000000000000000000000000000000011100000000000000000000000000000
0000000000000000000000000001000011111111000000000000000000000000
0000000000000000000000000001111111111111100000000000000000000000
0000000000000000000000000011111111111111100000000000000000000000
0000000000000000000000000011111111111110000000000000000000000000
0000000000000000000000000011111111111111000000000000000000000000
0000000000000000000000000000111111111111000000000000000000000000
0000000000000000000000000000011111111111000000000000000000000000
0000000000000000000000000000011111111110000000000000000000000000
0000000000000000000000000000011111111110000000000000000000000000
0000000000000000000000000000011111111110000000000000000000000000
0000000000000000000000000001111111111100000000000000000000000000
0000000000000000011111100001111111111100000000000000000000000000
0000000000000001111111111011111111111110000000000000000000000000
0000000000000001111111111011111111111110000000000000000000000000
0000000000000111111111111011111111111111000000000000000000000000
0000000000011111111111111111111111110111000000000000000000000000
0000000000111111111111001001111111110011100000000000000000000000
0000000000111111111111000001111111111011100000000000000000000000
0000000000001111111110000011111111111111000000000000000000000000
