0000000000000000000000001100000000000000000000000000000000000000
0000000000000000000000001100000000000000000000000000000000000000
0000000000000000000000001100000000000000000000000000000000000000
0000000000000000000000000110000000000000000000000000000000000000
0000000000000000000000000110000000000000000000000000000000000000
0000000000000000000001001111111100000000000000000000000000000000
0000000000000000000001111111111110000000000000000000000000000000
0000000000000000000001111111111111000000000000000000000000000000
0000000000000000000111111111111111000000000000000000000000000000
0000000000000000000111111111111111000000000000000000000000000000
0000000000000000000000111111111111100000000000000000000000000000
0000000000000000000000111111111111110000000000000000000000000000
0000000000000000000000011111111111110000000000000000000000000000
0000000000000000111111111111111111111000000000000000000000000000
0000000000000001111111111111111111111000000000000000000000000000
0000000001111111111111111111111111111100000000000000000000000000
0000000011111111111111011111111111111110000000000000000000000000
0000000111111111111110011111111111111111000000000000000000000000
0000000111111111111111111111111111111111100000000000000000000000
0000000011111111111001001111111111111111111000000000000000000000
0000000000011111000000000011111111100111111110000000000000000000
0000000000000000000000000001111111100111111111000000000000000000
0000000000000000000000000011111111101111001111000000000000000000
0000000000000000000000001111111111111111000000000000000000000000
