0000000000000000000000000100000000000000000000000000000000000000
0000000000000000000000010100000000000000000000000000000000000000
0000000000000000000000001100000000000000000000000000000000000000
0000000000000000000000000110000000000000000000000000000000000000
0000000000000000000000000110000000000000000000000000000000000000
0000000000000000000001001111111100000000000000000000000000000000
0000000000000000000001111111111110000000000000000000000000000000
0000000000000000000001111111111111000000000000000000000000000000
0000000000000000000111111111111111000000000000000000000000000000
0000000000000000000111111111111111000000000000000000000000000000
0000000000000000000000111111111111100000000000000000000000000000
0000000000000000000000111111111111100000000000000000000000000000
0000000000000000001100111101111111100000000000000000000000000000
0000000000000001111111111101111111110000000000000000000000000000
0000000000011111111111111111111111110000000000000000000000000000
0000000011111111111111111111111111111000000000000000000000000000
0000000111111111111111111111111111111000000000000000000000000000
0000001111111111111111101111111111111100000000000000000000000000
0000000111111111111111111111111111111110000000000000000000000000
0000000001111111110011001111111111111111000000000000000000000000
0000000000000000000000000011111111100111110000000000000000000000
0000000000000000000000000001111111100111111000000000000000000000
0000000000000000000000000011111111100111111100000000000000000000
0000000000000000000000000111111111111111000000000000000000000000
