0000000000000000000000000000000000000110000000000000000000000000
0000000000000000000000000000000000111100000000000000000000000000
0000000000000000000000000000000000011000000000000000000000000000
0000000000000000000000000000000000011000000000000000000000000000
0000000000000000000000000000010001110000000000000000000000000000
0000000000000000000000000000010011111110000000000000000000000000
0000000000000000000000000011111111111111000000000000000000000000
0000000000000000000000001111111111111111000000000000000000000000
0000000000000000000000001111111111111111000000000000000000000000
0000000001110000001110000011111111111100000000000000000000000000
0000001111111111111111110111111111111000000000000000000000000000
0000011111111111111111111011111111111000000000000000000000000000
0000111111111111111111110011111111110000000000000000000000000000
0000011111111111111111000111111111100000000000000000000000000000
0000001111111111111000000111111111100000000000000000000000000000
0000000011111001111100001111111111100000000000000000000000000000
0000000000000000011100011111111111110000000000000000000000000000
0000000000000000001111111111111111111100000000000000000000000000
0000000000000000000111111111111111101111000000000000000000000000
0000000000000000000011100111111111100011110000000000000000000000
0000000000000000000000001111111111100000111000000000000000000000
0000000000000001100000011111111111100001111000000000000000000000
0000000000000000000000111111111111100001110000000000000000000000
0000000000000000010000011111111111110011100000000000000000000000
