0000000000000000000000000000000000000000000000000000000000000000
0000000000000000000000000000000000000000000000000000000000000000
0000000000000000000000000000000000000000000000001000000000000000
0000000000000000000000000000000000000000000000111000000000000000
0000000000000000000000000000000000000000000011111000000000000000
0000000000000111110000000000000000000000001100000000000000000000
0000000000111111111110000000000001111101110000000000000000000000
0000000001111111111111011100001111111111110011100000000000000000
0000000001111111111111111111000111111111111111100000000000000000
0000000001111111111111111111101111111111111111000000000000000000
0000000000111111111111111111011111111111111110000000000000000000
0000000000000011011111111100001111111111110000000000000000000000
0000000000000000011110000000001111111111110000000000000000000000
0000000000000000001110000000011111111111100000000000000000000000
0000000000000000001110000000011111111111100000000000000000000000
0000000000000000000111000111111111111111100000000000000000000000
0000000000000000000111111011111111111111100000000000000000000000
0000000000000000000000000011111111111111100000000000000000000000
0000000000000000000000000011111111111111111000000000000000000000
0000000000000000000000000001111111111111111110000000000000000000
0000000000000000000000000001111111111110001111000000000000000000
0000000000000000000000000001111111111110001110000000000000000000
0000000000000000000000000001111111111100011100000000000000000000
0000000000000000000000000011111111111111111000000000000000000000
