0000000000000000000000000000000000000000000000000000000000000000
0000000000000000000000000000000000000000000000000000000000000000
0000000000000000000000000000000000000000000000000000000000000000
0000000000000000000000000000000000000000000000011000000000000000
0000000000000000000000000000000000000000000001111100000000000000
0000000000001111111100000000000000000000001110000000000000000000
0000000000111111111111000000000001111100110000000000000000000000
0000000000111111111111111110000111111111110011100000000000000000
0000000001111111111111111111100111111111111111110000000000000000
0000000000111111111111111111110111111111111111100000000000000000
0000000000011111111111111111111111111111111111000000000000000000
0000000000000000001111111100000111111111111000000000000000000000
0000000000000000011110000000000111111111110000000000000000000000
0000000000000000001110000000001111111111110000000000000000000000
0000000000000000000110000000011111111111110000000000000000000000
0000000000000000000111000111111111111111100000000000000000000000
0000000000000000000111111011111111111111110000000000000000000000
0000000000000000000000000011111111111111110000000000000000000000
0000000000000000000000000011111111111111111000000000000000000000
0000000000000000000000000001111111111111111110000000000000000000
0000000000000000000000000001111111110111100111000000000000000000
0000000000000000000000000001111111110111111111000000000000000000
0000000000000000000000000001111111111111111100000000000000000000
0000000000000000000000000011111111111111111000000000000000000000
