0000000000000000000000000000000000000000000000000000000000000000
0000000000000000000000000000000000000000000000000000000000000000
0000000000000000000000000000000000000000000000000000000000000000
0000000000000000000000000000000000000000000000001100000000000000
0000000000000000110000000000000000000000000001111000000000000000
0000000000001111111111000000000000000000000110000000000000000000
0000000000011111111111100000000000111110111000000000000000000000
0000000000111111111111111111000111111111111001110000000000000000
0000000000111111111111111111110111111111111111110000000000000000
0000000000011111111111111111110111111111111111100000000000000000
0000000000000011111111111111101111111111111111000000000000000000
0000000000000000000111001100000111111111111100000000000000000000
0000000000000000001110000000000111111111111000000000000000000000
0000000000000000001111000000000111111111111000000000000000000000
0000000000000000000111000000001111111111111000000000000000000000
0000000000000000000111000111111111111111111000000000000000000000
0000000000000000000011111001111111111111111100000000000000000000
0000000000000000000000000001111111111111111100000000000000000000
0000000000000000000000000011111111110001111110000000000000000000
0000000000000000000000000001111111110000111110000000000000000000
0000000000000000000000000001111111110000111111000000000000000000
0000000000000000000000000001111111110000011111000000000000000000
0000000000000000000000000001111111110000011110000000000000000000
0000000000000000000000000011111111111001111110000000000000000000
