0000000000000000000000000000000000000000000000000000000000000000
0000000000000000000000000000000000000000000000000000000000000000
0000000000000000000000000000000000000000000000000000000000000000
0000000000000000000000000000000000000000000000000110000000000000
0000000000000001111000000000000000000000000000011110000000000000
0000000000000111111111000000000000000000000011000000000000000000
0000000000011111111111110000000000000010011100000000000000000000
0000000000011111111111111111100011111111111000100000000000000000
0000000000011111111111111111110011111111111111111000000000000000
0000000000001111111111111111111011111111111111110000000000000000
0000000000000000100111111111111111111111111111100000000000000000
0000000000000000000111001110000111111111111100000000000000000000
0000000000000000001111000000000111111111111100000000000000000000
0000000000000000000111000000001111111111111000000000000000000000
0000000000000000000111000000011111111111111000000000000000000000
0000000000000000000111000111111111111111111000000000000000000000
0000000000000000000011111001111111111111111000000000000000000000
0000000000000000000000000001111111111111111000000000000000000000
0000000000000000000000000011111111111111111100000000000000000000
0000000000000000000000000001111111110011111111000000000000000000
0000000000000000000000000001111111110001110111100000000000000000
0000000000000000000000000001111111110001110111100000000000000000
0000000000000000000000000001111111110000111110000000000000000000
0000000000000000000000000011111111111001111100000000000000000000
