0000000000000000000000000000000000000000000000000000000000000000
0000000000000000000000000000000000000000000000000000000000000000
0000000000000000000000000000000000000000000000000000000000000000
0000000000000000000000000000000000000000000000000001000000000000
0000000000000001111110000000000000000000000000000111000000000000
0000000000000111111111100000000000000000000000111100000000000000
0000000000011111111111110000000000000000000111000000000000000000
0000000000011111111111111111100001111111111100000000000000000000
0000000000011111111111111111110011111111111101111000000000000000
0000000000000111111111111111111011111111111111111000000000000000
0000000000000000000001111111111111111111111111110000000000000000
0000000000000000000111000000000011111111111110100000000000000000
0000000000000000001111000000000011111111111100000000000000000000
0000000000000000000111000000000111111111111000000000000000000000
0000000000000000000111000000001111111111111000000000000000000000
0000000000000000000011000011111111111111110000000000000000000000
0000000000000000000011111101111111111111110000000000000000000000
0000000000000000000000000001111111111111110000000000000000000000
0000000000000000000000000011111111111111111100000000000000000000
0000000000000000000000000001111111111111111111000000000000000000
0000000000000000000000000001111111100111100011100000000000000000
0000000000000000000000000001111111100111000111100000000000000000
0000000000000000000000000001111111110111001111000000000000000000
0000000000000000000000000011111111111111111100000000000000000000
