0000000000000000000000000000000000000000000000000000000000000000
0000000000000000000000000000000000000000000000000000000000000000
0000000000000000000000000000000000000000000000000000000000000000
0000000000000000001111000000000000000000000000000000000000000000
0000000000000000111111111000000000000000000000000000000000000000
0000000000000011111111111100000000000000000000000000110000000000
0000000000000011111111111110000000000000000000001111110000000000
0000000000000011111111111111110000000110001001110000000000000000
0000000000000000111111111111111100111111111111000000000000000000
0000000000000000000000111111111100111111111111001110000000000000
0000000000000000000001111111111111111111111111111110000000000000
0000000000000000001111100000000111111111111111111100000000000000
0000000000000000000011000000000001111111111111111000000000000000
0000000000000000000011100000000001111111111110000000000000000000
0000000000000000000011100000000011111111111110000000000000000000
0000000000000000000011100000001111111111111100000000000000000000
0000000000000000000011111111111111111111111100000000000000000000
0000000000000000000000000001111111111111111100000000000000000000
0000000000000000000000000011111111111111111000000000000000000000
0000000000000000000000000011111111110011111100000000000000000000
0000000000000000000000000011111111100001111110000000000000000000
0000000000000000000000000011111111100001111111100000000000000000
0000000000000000000000000011111111100000111111100000000000000000
0000000000000000000000000011111111100000111110000000000000000000
