0000000000000000000000000000000000000000000000000000000000000000
0000000000000000000000000000000000000000000000000000000000000000
0000000000000000000000000000000000000000000000000000000000000000
0000000000000000000011000000000000000000000000000000000000000000
0000000000000000111111111000000000000000000000000000000000000000
0000000000000001111111111100000000000000000000000000000100000000
0000000000000011111111111110000000000000000000000000111100000000
0000000000000011111111111111110000000000000000001110010000000000
0000000000000000111111111111111100011111111111110000000000000000
0000000000000000000000111111111100011111111111000000000000000000
0000000000000000000001111111111100011111111111111111000000000000
0000000000000000001111100011100011111111111111111111000000000000
0000000000000000000011100000000001111111111111111100000000000000
0000000000000000000011100000000001111111111111111000000000000000
0000000000000000000011100000000001111111111111000000000000000000
0000000000000000000011100000000111111111111110000000000000000000
0000000000000000000001111111111111111111111100000000000000000000
0000000000000000000000000001111111111111111100000000000000000000
0000000000000000000000000011111111111111111100000000000000000000
0000000000000000000000000011111111111011111100000000000000000000
0000000000000000000000000111111111100001111100000000000000000000
0000000000000000000000000111111111100000111111000000000000000000
0000000000000000000000000011111111000000111111100000000000000000
0000000000000000000000000011111111100000111111100000000000000000
