0000000000000000000000000000000000000000000000000000000000000000
0000000000000000000000000000000000000000000000000000000000000000
0000000000000000001111000000000000000000000000000000000000000000
0000000000000001111111111000000000000000000000000000000000000000
0000000000000011111111111100000000000000000000000000000000000000
0000000000000111111111111100000000000000000000000000000000000000
0000000000000011111111111111110000000000000000000000001110000000
0000000000000001111111111111111000000000000000000011111100000000
0000000000000000000001111111111100001111111111111100000000000000
0000000000000000000011111111111000011111111111100000000000000000
0000000000000000011111000111000000011111111111110111000000000000
0000000000000000000111000000000001111111111111111111000000000000
0000000000000000000111000000000001111111111111111110000000000000
0000000000000000000011100000000000111111111111111100000000000000
0000000000000000000011100000000011111111111111000000000000000000
0000000000000000000001110111111111111111111110000000000000000000
0000000000000000000000000000111111111111111110000000000000000000
0000000000000000000000000000111111111111111100000000000000000000
0000000000000000000000000001111111111111111100000000000000000000
0000000000000000000000000011111111111111111100000000000000000000
0000000000000000000000000011111111110001111100000000000000000000
0000000000000000000000000011111111100001111110000000000000000000
0000000000000000000000000011111111100000111111000000000000000000
0000000000000000000000000011111111100000111111100000000000000000
