0000000000000000000000000000000000000000000000000000000000000000
0000000000000000000000000000000000000000000000000000000000000000
0000000000000000111111110000000000000000000000000000000000000000
0000000000000011111111111100000000000000000000000000000000000000
0000000000000111111111111100000000000000000000000000000000000000
0000000000000011111111111110000000000000000000000000000000000000
0000000000000001111111111111111000000000000000000000000111000000
0000000000000000000011111111111100000000000000000000111110000000
0000000000000000000011111111111000000111111111011110000000000000
0000000000000000011111001111101000001111111111110000000000000000
0000000000000000001110000000000000001111111111110011000000000000
0000000000000000000111000000000001111111111111111111100000000000
0000000000000000000111000000000000111111111111111111000000000000
0000000000000000000011100000000000111111111111111100000000000000
0000000000000000000011110000000001111111111111100000000000000000
0000000000000000000000011111111111111111111111000000000000000000
0000000000000000000000000000011111111111111110000000000000000000
0000000000000000000000000000011111111111111110000000000000000000
0000000000000000000000000001111111111111111100000000000000000000
0000000000000000000000000011111111111111111100000000000000000000
0000000000000000000000000011111111111001111100000000000000000000
0000000000000000000000000011111111110001111110000000000000000000
0000000000000000000000000011111111100000111111000000000000000000
0000000000000000000000000011111111100000111111100000000000000000
