0000000000000000000000000000000000000000000000000000000000000000
0000000000000000001111111000000000000000000000000000000000000000
0000000000000000111111111110000000000000000000000000000000000000
0000000000000001111111111110000000000000000000000000000000000000
0000000000000001111111111111000000000000000000000000000000000000
0000000000000000111111111111110000000000000000000000000000000000
0000000000000000001111111111111100000000000000000000000000100000
0000000000000000000001111111111100000000000000000000001111100000
0000000000000000001111111111111000000011111111100111100000000000
0000000000000000001111000011000100000111111111111000000000000000
0000000000000000000111000000000000000111111111111000000000000000
0000000000000000000111100000000000111111111111111111110000000000
0000000000000000000011100000000000011111111111111111100000000000
0000000000000000000001110000000000011111111111111111000000000000
0000000000000000000000011111111000111111111111110100000000000000
0000000000000000000000000000001111111111111111100000000000000000
0000000000000000000000000000000111111111111111000000000000000000
0000000000000000000000000000011111111111111111000000000000000000
0000000000000000000000000000111111111111111110000000000000000000
0000000000000000000000000001111111111111111110000000000000000000
0000000000000000000000000001111111111101111110000000000000000000
0000000000000000000000000001111111111000111110000000000000000000
0000000000000000000000000001111111110000111110000000000000000000
0000000000000000000000000001111111110000111111000000000000000000
