0000000000000000000000000000000000000000000000000000000000000000
0000000000000000001111111100000000000000000000000000000000000000
0000000000000000111111111111000000000000000000000000000000000000
0000000000000001111111111111000000000000000000000000000000000000
0000000000000001111111111111000000000000000000000000000000000000
0000000000000000011111111111111000000000000000000000000000000000
0000000000000000000001111111111100000000000000000000000000100000
0000000000000000000001111111111100000000000000000000001111100000
0000000000000000001111101111111100000011111111100011110000000000
0000000000000000001111000000000000000111111111111100000000000000
0000000000000000000111000000000000000111111111111000000000000000
0000000000000000000011100000000000111111111111111111111000000000
0000000000000000000001110000000000011111111111111111110000000000
0000000000000000000000111000000000011111111111111111000000000000
0000000000000000000000001111111100111111111111110100000000000000
0000000000000000000000000000000111111111111111100000000000000000
0000000000000000000000000000000111111111111111000000000000000000
0000000000000000000000000000001111111111111111000000000000000000
0000000000000000000000000000111111111111111110000000000000000000
0000000000000000000000000000111111111111111110000000000000000000
0000000000000000000000000001111111111101111110000000000000000000
0000000000000000000000000001111111111000111110000000000000000000
0000000000000000000000000001111111110000111110000000000000000000
0000000000000000000000000000111111111000011111000000000000000000
