0000000000000000001111111111110000000000000000000000000000000000
0000000000000000001111111111110000000000000000000000000000000000
0000000000000000001111111111110000000000000000000000000000000000
0000000000000000000111111111111100000000000000000000000000000000
0000000000000000000000011111111111000000000000000000000000000000
0000000000000000000000011111111111000000000000000000000000000000
0000000000000000000111110111111110000000000000000100000000000000
0000000000000000000011100000100010000000000000011000000000000000
0000000000000000000011110000000000000111111111100000011110000000
0000000000000000000001110000000000001111111111111111000000000000
0000000000000000000001111000000000001111111111111100000000000000
0000000000000000000000011000000001111111111111111111100000000000
0000000000000000000000001111000000111111111111111111100000000000
0000000000000000000000000001111000011111111111111111000000000000
0000000000000000000000000000001111111111111111111110000000000000
0000000000000000000000000000000011111111111111000000000000000000
0000000000000000000000000000000111111111111111000000000000000000
0000000000000000000000000000001111111111111110000000000000000000
0000000000000000000000000000011111111111111110000000000000000000
0000000000000000000000000000111111111111111110000000000000000000
0000000000000000000000000000111111111111111111000000000000000000
0000000000000000000000000000111111111001111111000000000000000000
0000000000000000000000000000111111111000111111000000000000000000
0000000000000000000000000000111111111000011110000000000000000000
