0000000000000000000111111111111000000000000000000000000000000000
0000000000000000001111111111111000000000000000000000000000000000
0000000000000000000111111111111000000000000000000000000000000000
0000000000000000000001111111111100000000000000000000000000000000
0000000000000000000000001111111111000000000000000000000000000000
0000000000000000000011111111111111000000000000000000000000000000
0000000000000000000011110011111110000000000000000000000000000000
0000000000000000000011100000000010000000000000011000000000000000
0000000000000000000001110000000000000111111011100000000000000000
0000000000000000000001110000000000011111111111100011111100000000
0000000000000000000001111000000000011111111111111100000000000000
0000000000000000000000111000000001111111111111111100000000000000
0000000000000000000000001111000000111111111111111111000000000000
0000000000000000000000000001111000111111111111111110000000000000
0000000000000000000000000000001111111111111111111100000000000000
0000000000000000000000000000000011111111111111110000000000000000
0000000000000000000000000000000111111111111110000000000000000000
0000000000000000000000000000011111111111111110000000000000000000
0000000000000000000000000000011111111111111110000000000000000000
0000000000000000000000000000111111111111111111000000000000000000
0000000000000000000000000000111111111111111111000000000000000000
0000000000000000000000000000111111111111111111000000000000000000
0000000000000000000000000000111111111001111110000000000000000000
0000000000000000000000000000011111111100111110000000000000000000
