0000000000000000000000111111111111100000000000000000000000000000
0000000000000000000000011111111111100000000000000000000000000000
0000000000000000000000001111111111000000000000000000000000000000
0000000000000000000000000011111111000000000000000000000000000000
0000000000000000000001111111111111110000000000000000000000000000
0000000000000000000001111111111111110000000000000000000000000000
0000000000000000000001110001111111100000000000000000100000000000
0000000000000000000001110000000110000000000000000100000000000000
0000000000000000000000111000000000001111110001111000000000000000
0000000000000000000000111000000000111111111111100000000000000000
0000000000000000000000111000000000111111111111100011111000000000
0000000000000000000000011100000011111111111111111100000000000000
0000000000000000000000000111000111111111111111111000000000000000
0000000000000000000000000001111011111111111111111100000000000000
0000000000000000000000000000011111111111111111111100000000000000
0000000000000000000000000000000111111111111111110000000000000000
0000000000000000000000000000001111111111111111000000000000000000
0000000000000000000000000000111111111111111100000000000000000000
0000000000000000000000000001111111111111111000000000000000000000
0000000000000000000000000011111111111111111000000000000000000000
0000000000000000000000000111111111111111111000000000000000000000
0000000000000000000000001111111111111111111100000000000000000000
0000000000000000000000011110111111111111111100000000000000000000
0000000000000000000000010000111111111111111100000000000000000000
