0000000000000000000000011111111111110000000000000000000000000000
0000000000000000000000011111111111110000000000000000000000000000
0000000000000000000000000111111111100000000000000000000000000000
0000000000000000000000000011111111100000000000000000000000000000
0000000000000000000001111111111111110000000000000000000000000000
0000000000000000000001111111111111110000000000000000000000000000
0000000000000000000001110011111111110000000000000000010000000000
0000000000000000000001110000111110000000000000000010000000000000
0000000000000000000001110000000100001111110000111100000000000000
0000000000000000000001111000000000011111111111110000000000000000
0000000000000000000000111000000000011111111111110001111110000000
0000000000000000000000011100000011111111111111111110000000000000
0000000000000000000000001111000111111111111111111100000000000000
0000000000000000000000000011110011111111111111111110000000000000
0000000000000000000000000000111111111111111111111110000000000000
0000000000000000000000000000000111111111111111111100000000000000
0000000000000000000000000000000111111111111111110000000000000000
0000000000000000000000000000011111111111111100000000000000000000
0000000000000000000000000000111111111111111100000000000000000000
0000000000000000000000000001111111111111111100000000000000000000
0000000000000000000000000011111111111111111100000000000000000000
0000000000000000000000000111111111111111111100000000000000000000
0000000000000000000000001111111111111111111100000000000000000000
0000000000000000000000001111111111111111111100000000000000000000
