1111111111111111100000000000000000000000000000000000000000000000
1111111111111111111000000000000000000000000000000000000000000000
1111111111111111111110000000000000000000000000000000000000000001
1111111111111111111111100000000000000000000000000000000000000000
1111111111111111111111111000000000000000000000000000000000000000
1111111111111111111111111111000000000000000000000000000000000000
1111111111111111111111111111110000000000000000000000000000000000
1111111111111111111111111111111100000000000000000000000000000000
1111111111111111111111111111111111000000000000000000000000000000
1111111111111111111111111111111111100000000000000000000000000000
1111111111111111111111111111000000011000000000000000000000000000
1111111111111111111111111100000000000100000000000000000000000000
1111111111111111111111111000000000000110000000000000000000000000
1111111111111111111111111000000000000011111100000000000000000000
1111111111111111111111111000000000000111111100000000000000000000
1111111111111111111111111110000000000011111000000000000000000000
1111111111111111111111111111110000000001111000000000000000000000
1111111111111111111111111111111111000000100000000000000000000000
1111111111111111111111111111111111100000000000000000000000000000
1111111111111111111111111111111111100000000000000000000000000000
1111111111111111111111111111111111100000000000000000000000000000
1111111111111111111111111111111111110000000000000000000000000000
1111111111111111111111111111111111110000000000000000000000000000
1111111111111111111111111111111111110000000000000000000000000000
