0000000000000000000000011111111111111000000000000000000000000000
0000000000000000000000011111111111110000000000000000000000000000
0000000000000000000000000111111111100000000000000000000000000000
0000000000000000000000000011111111100000000000000000000000000000
0000000000000000000001111111111111110000000000000000000000000000
0000000000000000000011110111111111110000000000000000000000000000
0000000000000000000001110011111111110000000000000000000000000000
0000000000000000000001110000111111000000000000000000100000000000
0000000000000000000001110000000100000111111000011110000000000000
0000000000000000000001111000000000011111111111111000000000000000
0000000000000000000000111000000000011111111111110000111111000000
0000000000000000000000011000000011111111111111111111000000000000
0000000000000000000000001111000111111111111111111110000000000000
0000000000000000000000000011110011111111111111111111000000000000
0000000000000000000000000000111111111111111111111111000000000000
0000000000000000000000000000001111111111111111111110000000000000
0000000000000000000000000000000111111111111111111000000000000000
0000000000000000000000000000011111111111111111000000000000000000
0000000000000000000000000000111111111111111100000000000000000000
0000000000000000000000000001111111111111111100000000000000000000
0000000000000000000000000011111111111111111100000000000000000000
0000000000000000000000000111111111111111111100000000000000000000
0000000000000000000100000111111111111111111100000000000000000000
0000000000000000000000001111111111111111111100000000000000000000
