0000000000000000000000011111111111111100000000000000000000000000
0000000000000000000000001111111111111000000000000000000000000000
0000000000000000000000000011111111110000000000000000000000000000
0000000000000000000011111111111111110000000000000000000000000000
0000000000000000000011111111111111111000000000000000000000000000
0000000000000000000011100111111111111000000000000000000000000000
0000000000000000000011110011111111110000000000000000000000000000
0000000000000000000011110000011111000000000000000000000000000000
0000000000000000000011110000000110000111111100000001100000000000
0000000000000000000011111000000000001111111111111110000000000000
0000000000000000000001111000000000001111111111111110000111111100
0000000000000000000000111000000001111111111111111111111000011000
0000000000000000000000001111000111111111111111111111000000000000
0000000000000000000000000111110011111111111111111111100000000000
0000000000000000000000000001111111111111111111111111111000000000
0000000000000000000000000000011111111111111111111111111000000000
0000000000000000000000000000000111111111111111111111100000000000
0000000000000000000100000000001111111111111111111110000000000000
0000000000000000000000000000011111111111111111100000000000000000
0000000000000000000000000001111111111111111110000000000000000000
0000000000000000000100000001111111111111111110000000000000000000
0000000000000000000000000011111111111111111100000000000000000000
0000000000000000000000000111111111111111111110000000000000000000
0000000000000000000000001111111111111111111110000000000000000000
