0000000000000000111111111111111111111100000000000000000000000000
0000000000000000111111111111111111111110000000000000000000000000
0000000000000001111111111111111111111111000000000000000000000000
0000000000000001111110001111111111111111000000000000000000000000
0000000000000000111110001111111111111111000000000000000000000000
0000000000000001111110000111111111111110000000000000000000000000
0000000000000000111110000000111111110000000000000000000000000000
0000000000000000111111000000000111000000000000000000000000000000
0000000000000000011111000000000011000000001111111110000000000000
0000000000000000011111000000000000000000111111111111100000000000
0000000000000000011111100000000000000000111111111111111000000000
0000000000000000001111100000000000011111111111111111111111111111
0000000000000000000111111000000000111111111111111111111111111111
0000000000000000000011111110000111111111111111111111111111111111
0000000000000000000000111111100011111111111111111111111111100000
0000000000000001000000001111110001111111111111111111111111110000
0000000000000000000000000111111111111111111111111111111111111111
0000000000000000000000000001111111111111111111111111111111111111
0000000000000000000000000000011111111111111111111111111111111111
0000000000000100000000000000001111111111111111111111111111111111
0000000000000000000000000000011111111111111111111111111111111111
0000000000000110000000000001111111111111111111111111111111111111
0000000000000000000000000011111111111111111111111111000111111100
0000000000000000000000000111111111111111111111111110000100000000
