0000000000001001111111111111111111111110000000000000000000000000
0000000000000001111111111111111111111111000000000000000000000000
0000000000000011111111111111111111111111100000000000000000000000
0000000000000001111100001111111111111111100000000000000000000000
0000000000000001111100001111111111111111000000000000000000000000
0000000000000001111110000111111111111110000000000000000000000000
0000000000000001111110000000111111110000000000000000000000000000
0000000000000001111110000000000111000000000000000000000000000000
0000000000000000111111000000000010000000001111111111000000000000
0000000000000000111111000000000000000000111111111111110000000000
0000000000000000111111000000000000000000011111111111111100000000
0000000000000000011111100000000000011111111111111111111111111111
0000000000000000001111110000000000111111111111111111111111111111
0000000000000001000011111100000111111111111111111111111111111111
0000000000000000000001111111000011111111111111111111111111111000
0000000000000100000000011111110001111111111111111111111111111000
0000000000000000000000000111111101111111111111111111111111111111
0000000000000110000000000011111111111111111111111111111111111111
0000000000000000000000000000111111111111111111111111111111111111
0000000000001000000000000000001111111111111111111111111111111111
0000000000001000000000000000001111111111111111111111111111111111
0000000000001000000000000000111111111111111111111111111111111111
0000000000000000000000000011111111111111111111111111110011111111
0000000000000010000000000111111111111111111111111111100011111110
