0000000000000001111111111111111111111111000000000000000000000000
0000000000000011111111111111111111111111100000000000000000000000
0000000000000011111111011111111111111111100000000000000000000000
0000000000000011111100011111111111111111100000000000000000000000
0000000000000011111100001111111111111111000000000000000000000000
0000000000000011111110000011111111111110000000000000000000000000
0000000000000011111110000000011111110000000000000000000000000000
0000000000000011111110000000000011000000000000000000000000000000
0000000000000000111111000000000010000000001111111111100000000000
0000000000000000111111000000000000000000011111111111111000000000
0000000000000100111111000000000000000000011111111111111110000000
0000000000000100011111000000000000001111111111111111111111111111
0000000000000000001111110000000000111111111111111111111111111111
0000000000000010000111111100000111111111111111111111111111111111
0000000000001000000001111111000011111111111111111111111111111111
0000000000001000000000111111110001111111111111111111111111111100
0000000000000000000000001111111001111111111111111111111111111110
0000000000001000000000000011111111111111111111111111111111111111
0000000000000000000000000000111111111111111111111111111111111111
0000000000010000000000000000001111111111111111111111111111111111
0000000000010100000000000000001111111111111111111111111111111111
0000000000000000000000000000111111111111111111111111111111111111
0000000000011000000000000011111111111111111111111111111111111111
0000000000000100000000000111111111111111111111111111111001111111
