0000000000000011111111111111111111111111100000000000000000000000
0000000000000111111111111111111111111111110000000000000000000000
0000000000000111111100011111111111111111110000000000000000000000
0000000000000011111000011111111111111111100000000000000000000000
0000000000000011111100001111111111111111000000000000000000000000
0000000000000011111100000011111111111110000000000000000000000000
0000000000000011111110000000001111100000000000000000000000000000
0000000000000011111110000000000011100000000001100000000000000000
0000000000000001111110000000000010000000000111111111110000000000
0000000000000001111111000000000000000000011111111111111110000000
0000000000001001111111000000000000000000001111111111111111000000
0000000000000010111111000000000000001111111111111111111111110100
0000000000000000011111110000000000111111111111111111111111111111
0000000000001100000111111100000011111111111111111111111111111111
0000000000010010000011111111000111111111111111111111111111111111
0000000000010000000000111111100011111111111111111111111111111110
0000000000000100000000011111111001111111111111111111111111111111
0000000000010000000000000111111111111111111111111111111111111111
0000000000000000000000000001111111111111111111111111111111111111
0000000000100000000000000000011111111111111111111111111111111111
0000000000100000000000000000001111111111111111111111111111111111
0000000000100000000000000000011111111111111111111111111111111111
0000000000100000000000000001111111111111111111111111111111111111
0000000000000000000000000011111111111111111111111111111110111111
