1111111111111111110000000000000000000000000000000000000000000000
1111111111111111111000000000000000000000000000000000000000000000
1111111111111111111110000000000000000000000000000000000000000001
1111111111111111111111100000000000000000000000000000000000000000
1111111111111111111111111000000000000000000000000000000000000000
1111111111111111111111111111000000000000000000000000000000000000
1111111111111111111111111111110000000000000000000000000000000000
1111111111111111111111111111111100000000000000000000000000000000
1111111111111111111111111111111110000000000000000000000000000000
1111111111111111111111111111111111100000000000000000000000000000
1111111111111111111111111111100000010000000000000000000000000000
1111111111111111111111111110000000000100000000000000000000000000
1111111111111111111111111100000000000010000000000000000000000000
1111111111111111111111111000000000000011111100000000000000000000
1111111111111111111111111100000000000011111100000000000000000000
1111111111111111111111111110000000000001111000000000000000000000
1111111111111111111111111111100000000001111000000000000000000000
1111111111111111111111111111111111000000100000000000000000000000
1111111111111111111111111111111111100000000000000000000000000000
1111111111111111111111111111111111100000000000000000000000000000
1111111111111111111111111111111111110000000000000000000000000000
1111111111111111111111111111111111110000000000000000000000000000
1111111111111111111111111111111111110000000000000000000000000000
1111111111111111111111111111111111110000000000000000000000000000
