0000000000111111111111111111111111111111111000000000000000000000
0000000000011111110000111111111111111111111000000000000000000000
0000000000011111110000111111111111111111111000000000000000000000
0000000000011111111000011111111111111111110000000000000000000000
0000000000011111111000000111111111111111000000000000000000000000
0000000000011111111000000000111111111000000000000000000000000000
0000000000011111111000000000000011100000000000000000000000000000
0000000000000111111100000000000011100000000000011111110000000000
0000000000011111111100000000000000000000000011111111111111000000
0000000000100111111100000000000000000000001111111111111111111000
0000000000000111111110000000000000000000000111111111111111111110
0000000000101011111110000000000000000111111111111111111111111111
0000000000000001111111100000000000011111111111111111111111111111
0000000001110000111111111000000011111111111111111111111111111111
0000000000000000001111111110000111111111111111111111111111111111
0000000010000000000111111111000011111111111111111111111111111111
0000000001010000000001111111110001111111111111111111111111111111
0000000000000000000000011111111001111111111111111111111111111111
0000000010100000000000001111111111111111111111111111111111111111
0000000010100000000000000011111111111111111111111111111111111111
0000000100000000000000000000111111111111111111111111111111111111
0000000100100000000000000000011111111111111111111111111111111111
0000000111000000000000000000011111111111111111111111111111111111
0000000101000000000000000001111111111111111111111111111111111111
