0000000000111111111001111111111111111111111100000000000000000000
0000000000111111100000111111111111111111111100000000000000000000
0000000000111111110000111111111111111111111000000000000000000000
0000000000111111110000011111111111111111110000000000000000000000
0000000000111111110000000111111111111111000000000000000000000000
0000000000111111111000000000011111111000000000000000000000000000
0000000000111111111000000000000011100000000000000000000000000000
0000000000001111111000000000000011100000000000001111111100000000
0000000000111111111100000000000000000000000011111111111111110000
0000000000001111111100000000000000000000000111111111111111111110
0000000000001111111100000000000000000010000011111111111111111111
0000000001010111111100000000000000000111111111111111111111111111
0000000000000011111111000000000000011111111111111111111111111111
0000000010100000111111110000000011111111111111111111111111111111
0000000000010000011111111100000111111111111111111111111111111111
0000000100000000000111111111000011111111111111111111111111111111
0000000100100000000011111111100011111111111111111111111111111111
0000000101000000000000111111111001111111111111111111111111111111
0000000100000000000000011111111111111111111111111111111111111111
0000000101000000000000000111111111111111111111111111111111111111
0000001001000000000000000001111111111111111111111111111111111111
0000001001000000000000000000011111111111111111111111111111111111
0000001001000000000000000000011111111111111111111111111111111111
0000001010000000000000000000111111111111111111111111111111111111
