0000001111111110000011111111111111111111111110000000000000000000
0000001111111111000001111111111111111111111110000000000000000000
0000001111111111000000111111111111111111111000000000000000000000
0000001111111111000000001111111111111111110000000000000000000000
0000001111111111000000000001111111111100000000000000000000000000
0000001011111111100000000000000111110000000000000000000000000000
0000000011111111100000000000000011110000000000000001111111100000
0000011011111111110000000000000001000000000000001111111111111111
0000010011111111110000000000000000000000000000111111111111111111
0000100011111111110000000000000000000000000011111111111111111111
0000100011111111110000000000000000000001000000111111111111111111
0000111100111111111000000000000000000011111011111111111111111111
0000100100011111111100000000000000011111111111111111111111111111
0000100000001111111111000000000000011111111111111111111111111111
0001111100000011111111110000000111111111111111111111111111111111
0001000100000001111111111100001111111111111111111111111111111111
0011000100000000111111111111000111111111111111111111111111111111
0011001000000000001111111111100011111111111111111111111111111111
0001010000000000000011111111111011111111111111111111111111111111
0010010000000000000001111111111111111111111111111111111111111111
0010010000000000000000011111111111111111111111111111111111111111
0011110000000000000000000111111111111111111111111111111111111111
0100010000000000000000000011111111111111111111111111111111111111
0100010000000000000000000000111111111111111111111111111111111111
