0001111111111100000011111111111111111111111111000000000000000000
0011111111111100000001111111111111111111111110000000000000000000
0010111111111100000000011111111111111111111000000000000000000000
0010111111111100000000000111111111111111000000000000000000000000
0011111111111110000000000000001111111000000000000000000000000000
0110011111111110000000000000000011110000000000000000001111111100
0100011111111110000000000000000011110000000000000000111111111111
0111111111111111000000000000000000000000000000000111111111111111
1000111111111111000000000000000000000000000000011111111111111111
1000111111111111000000000000000000000000000000101111111111111111
1000100111111111100000000000000000000001100000001111111111111111
1111000111111111100000000000000000000001111101111111111111111111
1001000011111111110000000000000000001111111111111111111111111111
1001000001111111111100000000000000011111111111111111111111111111
1011000000111111111111000000000011111111111111111111111111111111
0011000000001111111111110000001111111111111111111111111111111111
0001000000000111111111111100001111111111111111111111111111111111
0001000000000001111111111111000111111111111111111111111111111111
0011000000000000011111111111100011111111111111111111111111111111
1110000000000000001111111111111011111111111111111111111111111111
0110000000000000000011111111111111111111111111111111111111111111
0100000000000000000001111111111111111111111111111111111111111111
0100000000000000000000011111111111111111111111111111111111111111
1100000000000000000000000111111111111111111111111111111111111111
