1111111111111000000111111111111111111111111111000000000000000000
1111111111111000000001111111111111111111111110000000000000000000
1001111111111000000000011111111111111111110000000000000000000000
1111111111111000000000000011111111111110000000000000000000000000
1011111111111100000000000000000111111000000000000000000000000000
0001111111111100000000000000000011110000000000000000000011111111
0011111111111100000000000000000011110000000000000001111111111111
1111111111111110000000000000000000000000000000000111111111111111
0011111111111110000000000000000000000000000000011111111111111111
0010111111111110000000000000000000000000000000110111111111111111
0110011111111110000000000000000000000000110000000111111111111111
1100011111111111000000000000000000000001111110111111111111111111
0100001111111111100000000000000000001111111111111111111111111111
1100000111111111111000000000000000011111111111111111111111111111
1000000001111111111110000000000011111111111111111111111111111111
1100000000111111111111100000001111111111111111111111111111111111
1100000000011111111111111000011111111111111111111111111111111111
1100000000000111111111111110001111111111111111111111111111111111
1000000000000001111111111111000111111111111111111111111111111111
1000000000000000111111111111110011111111111111111111111111111111
0000000000000000001111111111111111111111111111111111111111111111
0000000000000000000011111111111111111111111111111111111111111111
0000000000000000000001111111111111111111111111111111111111111111
0000000000000000000000011111111111111111111111111111111111111111
