1111111000000000000011111111111111111111111110000000000000000000
1111111000000000000000001111111111111111110000000000000000000000
1111111000000000000000000000011111111100000000000000000000000000
1111111100000000000000000000000111111100000000000000000000000001
1111111100000000000000000000000111111100000000000000000000011111
1111111100000000000000000000000011111000000000000000000011111111
1111111110000000000000000000000000000000000000000000001111111111
1111111110000000000000000000000000000000000000000000111111111111
1111111110000000000000000000000000000000000000000001111111111111
1111111111000000000000000000000000000000000110000000000111111111
1111111111000000000000000000000000000000001111100000011111111111
1111111111000000000000000000000000000000001111111111111111111111
1111111111100000000000000000000000000011111111111111111111111111
1111111111111000000000000000000000000111111111111111111111111111
1111111111111110000000000000000000001111111111111111111111111111
1111111111111111100000000000000111111111111111111111111111111111
0111111111111111111000000000001111111111111111111111111111111111
0001111111111111111110000000111111111111111111111111111111111111
0000111111111111111111100001111111111111111111111111111111111111
0000001111111111111111110000111111111111111111111111111111111111
0000000111111111111111111100011111111111111111111111111111111111
0000000001111111111111111111001111111111111111111111111111111111
0000000000011111111111111111100111111111111111111111111111111111
0000000000000111111111111111111111111111111111111111111111111111
