0000000000000000000000000011111111111111100000000000000000000000
1000000000000000000000000000001111111110000000000000000000000000
1000000000000000000000000000001111111110000000000000000000000000
1000000000000000000000000000000111111110000000000000000000000000
1100000000000000000000000000000111111110000000000000000000000011
1100000000000000000000000000000000000000000000000000000000001111
1100000000000000000000000000000000000000000000000000000000111111
1110000000000000000000000000000000000000000000000000000011111111
1110000000000000000000000000000000000000000000011000000111001111
1110000000000000000000000000000000000000000000111110000000011111
1110000000000000000000000000000000000000000001111111100000111111
1110000000000000000000000000000000000000000001111111111111111111
1110000000000000000000000000000000000000001111111111111111111111
1111100000000000000000000000000000000011111111111111111111111111
1111111000000000000000000000000000000011111111111111111111111111
1111111111000000000000000000000000000111111111111111111111111111
1111111111110000000000000000000000011111111111111111111111111111
1111111111111100000000000000001111111111111111111111111111111111
1111111111111111000000000000011111111111111111111111111111111111
1111111111111111110000000001111111111111111111111111111111111111
1111111111111111111100000111111111111111111111111111111111111111
1111111111111111111111000111111111111111111111111111111111111111
1111111111111111111111100011111111111111111111111111111111111111
1111111111111111111111111011111111111111111111111111111111111111
