0000000000000000000000000000111111111111000000000000000000000000
0000000000000000000000000000001111111110000000000000000000000000
0000000000000000000000000000001111111110000000000000000000000000
0000000000000000000000000000000111111110000000000000000000000000
0000000000000000000000000000000111111110000000000000000000000001
0000000000000000000000000000000000000000000000000000000000000111
0000000000000000000000000000000000000000000000000000000000011111
0000000000000000000000000000000000000000000000000000000000111111
0000000000000000000000000000000000000000000000001111000000010001
0000000000000000000000000000000000000000000000011111100000000011
0000000000000000000000000000000000000000000000011111111100001111
0000000000000000000000000000000000000000000000111111111111111111
0000000000000000000000000000000000000000000011111111111111111111
1100000000000000000000000000000000000001111111111111111111111111
1111000000000000000000000000000000000011111111111111111111111111
1111110000000000000000000000000000000011111111111111111111111111
1111111110000000000000000000000000000111111111111111111111111111
1111111111100000000000000000001100111111111111111111111111111111
1111111111111000000000000000001111111111111111111111111111111111
1111111111111110000000000000111111111111111111111111111111111111
1111111111111111100000000011111111111111111111111111111111111111
1111111111111111111000001111111111111111111111111111111111111111
1111111111111111111110001111111111111111111111111111111111111111
1111111111111111111111001111111111111111111111111111111111111111
