1111111111111111000000000000000001111111000000000000000000000000
1111111111111111110000000000000000000000000000000000000000000000
1111111111111111111000000000000000000000000000000000000000000000
1111111111111111111110000000000000000000000000000000000000000000
1111111111111111111111100000000000000000000000000000000000000000
1111111111111111111111111000000000000000000000000000000000000011
1111111111111111111111111110000000000000000000000000000000000000
1111111111111111111111111111100000000000000000000000000000000000
1111111111111111111111111111111100000000000000000000000000000000
1111111111111111111111111111111100000000000000000000000000000000
1111111111111111111111111111111111000000000000000000000000000000
1111111111111111111111111111111110000000000000000000000000000000
1111111111111111111111111111110000000000000000000000000000000000
1111111111111111111111111111000000000000000000000000000000000000
1111111111111111111111111111000000000000000000000000000000000000
1111111111111111111111111111000000000000110000000000000000000000
1111111111111111111111111111100000000000010000000000000000000000
1111111111111111111111111111111000000000010000000000000000000000
1111111111111111111111111111111111110000000000000000000000000000
1111111111111111111111111111111111111000000000000000000000000000
1111111111111111111111111111111111111000000000000000000000000000
1111111111111111111111111111111111111100000000000000000000000000
1111111111111111111111111111111111111100000000000000000000000000
1111111111111111111111111111111111111100000000000000000000000000
