0000000000000000000000000000000000000000000000000000000000000000
0000000000000000000000000000000000000000000000000000000000000000
0000000000000000000000000000000000000000000000000000000000000000
0000000000000000000000000000000000001110000000000000000000000000
0000000000000000000000000000000001111111100000000000000000000000
0000000000000000000000000000000001111111110000000000000000000000
0000000000000000000000000000000000011111111000000000000000000000
0000000000000000000000000000000000000111111000000000000000000000
0000000000000000000000000000000000000011100000000000000000000000
0000000000000000000000000000000000001111100000000000000000000000
0000000000000000000000000000110000011111110000000000000000000000
0000000000000000000000000000110000111111100000000000000000000000
0000000000000000000000000001111110111111000000000000000000000000
0000000000000000000000000000111100111111000000000000000000000000
0000000000000000000000000000111100011111000000000000000000000000
0000000000000000000000000001111100011111100000000000000000000000
0000000000000000000000000001111100011111110000000000000000000000
0000000000000000000000000000010000111111111000000000000000000000
0000000000000000000000000000000000111111111100000000000000000000
0000000000000000000000000000000001111111111110000000000000000000
0000000000000000000000000000000001111111111111000000000000000000
0000000000000000000000000000000011111111111111100000000000000000
0000000000000000000000000000000111111111111111110000000000000000
0000000000000000000000000000000111111111111111111000000000000000
