0000000000000000000000000000000000000000000000000000000000000000
0000000000000000000000000000000000000000000000000000000000000000
0000000000000000000000000000000000000000000000000000000000000000
0000000000000000000000000000000000011111100000000000000000000000
0000000000000000000000000000000001111111110000000000000000000000
0000000000000000000000000000000001111111111000000000000000000000
0000000000000000000000000000000000011111111000000000000000000000
0000000000000000000000000000000000000011111000000000000000000000
0000000000000000000000000000000000000011110000000000000000000000
0000000000000000000000000000000000001111110000000000000000000000
0000000000000000000000000001110000011111110000000000000000000000
0000000000000000000000000001110000011111100000000000000000000000
0000000000000000000000000001111110011111100000000000000000000000
0000000000000000000000000001111100111111000000000000000000000000
0000000000000000000000000000111000011111100000000000000000000000
0000000000000000000000000001111100011111100000000000000000000000
0000000000000000000000000011111100011111111000000000000000000000
0000000000000000000000000000110000111111111100000000000000000000
0000000000000000000000000000000000111111111110000000000000000000
0000000000000000000000000000000000111111111110000000000000000000
0000000000000000000000000000000001111111111111000000000000000000
0000000000000000000000000000000001111111111111100000000000000000
0000000000000000000000000000000011111111111111110000000000000000
0000000000000000000000000000000111111111111111111000000000000000
