0000000000000000000000000000000000000000000000000000000000000000
0000000000000000000000000000000000000000000000000000000000000000
0000000000000000000000000000000000000000000000000000000000000000
0000000000000000000000000000000000111111100000000000000000000000
0000000000000000000000000000000001111111110000000000000000000000
0000000000000000000000000000000011111111111000000000000000000000
0000000000000000000000000000000000111111111100000000000000000000
0000000000000000000000000000000000001111111100000000000000000000
0000000000000000000000000000000000000011110000000000000000000000
0000000000000000000000000000000000000111110000000000000000000000
0000000000000000000000000011000000011111111000000000000000000000
0000000000000000000000000011000000111111100000000000000000000000
0000000000000000000000000111000000111111100000000000000000000000
0000000000000000000000000111111110111111000000000000000000000000
0000000000000000000000000111110001111111100000000000000000000000
0000000000000000000000000011110000011111100000000000000000000000
0000000000000000000000000011111000011111110000000000000000000000
0000000000000000000000000111111000111111111000000000000000000000
0000000000000000000000000001100000111111111100000000000000000000
0000000000000000000000000000000001111111111110000000000000000000
0000000000000000000000000000000001111111111111000000000000000000
0000000000000000000000000000000001111111111111100000000000000000
0000000000000000000000000000000011111111111111100000000000000000
0000000000000000000000000000000011111111111111111000000000000000
