0000000000000000000000000000000000000000000000000000000000000000
0000000000000000000000000000000000000000000000000000000000000000
0000000000000000000000000000000000000000000000000000000000000000
0000000000000000000000000000000000111111100000000000000000000000
0000000000000000000000000000000011111111110000000000000000000000
0000000000000000000000000000000011111111111000000000000000000000
0000000000000000000000000000000000111111111100000000000000000000
0000000000000000000000000000000000001111111100000000000000000000
0000000000000000000000000000000000000011110000000000000000000000
0000000000000000000000000000000000000111110000000000000000000000
0000000000000000000000000111000000011111111000000000000000000000
0000000000000000000000000111000000111111110000000000000000000000
0000000000000000000000000111000000111111100000000000000000000000
0000000000000000000000000111111100111111100000000000000000000000
0000000000000000000000000111110011111111100000000000000000000000
0000000000000000000000000011110000111111100000000000000000000000
0000000000000000000000000111110000011111110000000000000000000000
0000000000000000000000000111111000111111111000000000000000000000
0000000000000000000000000011111000111111111100000000000000000000
0000000000000000000000000000000001111111111110000000000000000000
0000000000000000000000000000000001111111111111000000000000000000
0000000000000000000000000000000001111111111111000000000000000000
0000000000000000000000000000000011111111111111100000000000000000
0000000000000000000000000000000011111111111111110000000000000000
