0000000000000000000000000000000000000000000000000000000000000000
0000000000000000000000000000000000000000000000000000000000000000
0000000000000000000000000000000000000000000000000000000000000000
0000000000000000000000000000000001111111100000000000000000000000
0000000000000000000000000000000011111111111000000000000000000000
0000000000000000000000000000000011111111111000000000000000000000
0000000000000000000000000000000000111111111100000000000000000000
0000000000000000000000000000000000011111111100000000000000000000
0000000000000000000000000000000000000011110000000000000000000000
0000000000000000000000000000000000000111110000000000000000000000
0000000000000000000000000111000000011111111000000000000000000000
0000000000000000000000000110000000111111110000000000000000000000
0000000000000000000000001110000000111111100000000000000000000000
0000000000000000000000001111100000111111100000000000000000000000
0000000000000000000000001111111111111111100000000000000000000000
0000000000000000000000000111110000111111100000000000000000000000
0000000000000000000000000111110000111111100000000000000000000000
0000000000000000000000000111110000111111110000000000000000000000
0000000000000000000000001111111000111111111100000000000000000000
0000000000000000000000000011000001111111111110000000000000000000
0000000000000000000000000000000001111111111111000000000000000000
0000000000000000000000000000000001111111111111000000000000000000
0000000000000000000000000000000011111111111111100000000000000000
0000000000000000000000000000000011111111111111110000000000000000
