0000000000000000000000000000000000000000000000000000000000000000
0000000000000000000000000000000000000001000000000000000000000000
0000000000000000000000000000000000001111111111000000000000000000
0000000000000000000000000000000000011111111111110000000000000000
0000000000000000000000000000000000011111111111110000000000000000
0000000000000000000000000000000000001111111111110000000000000000
0000000000000000000000000000000000011111111111110000000000000000
0000000000000000000000000000000000001111111111110000000000000000
0000000000000000000000000000000000000001111111110000000000000000
0000000000000000000000000000000000000011111111100000000000000000
0000000000000000000000000000000000001111111100000000000000000000
0000000000000000000000001000000000111111111100000000000000000000
0000000000000000000001111000000000111111111110000000000000000000
0000000000000000000001110000000001111111111000000000000000000000
0000000000000000000001111000000001111111111000000000000000000000
0000000000000000000011111100000001111111110000000000000000000000
0000000000000000000011111111111101111111110000000000000000000000
0000000000000000000011111111011111111111110000000000000000000000
0000000000000000000000111111000001111111110000000000000000000000
0000000000000000000000111111000000111111111000000000000000000000
0000000000000000000001111111100000111111111100000000000000000000
0000000000000000000001111111100001111111111110000000000000000000
0000000000000000000011111111100001111111111111000000000000000000
0000000000000000000000111111000011111111111111100000000000000000
