0000000000000000000000000000000000000001111111111111110000000000
0000000000000000000000000000000000000001111111111111111000000000
0000000000000000000000000000000000000001111111111111111000000000
0000000000000000000000000000000000000001111111111111111000000000
0000000000000000000000000000000000000011111111111111111000000000
0000000000000000000000000000000000000001111111111111110000000000
0000000000000000000000000000000000000000011111111111110000000000
0000000000000000000000000000000000000000001111111111111000000000
0000000000000000000000000000000000000000011111111111111000000000
0000000000000000000000000000000000000001111111111000100000000000
0000000000000000000000000000000000000111111111111100000000000000
0000000000000000000000000000000000001111111111111100000000000000
0000000000000000000000000000000000001111111111111100000000000000
0000000000000000000000000000000000011111111111110000000000000000
0000000000000000000000000000000000111111111111100000000000000000
0000000000000000000011111000000000011111111111100000000000000000
0000000000000000000111110000000000011111111111000000000000000000
0000000000000000000111100000000000001111111111000000000000000000
0000000000000000001111110000000000001111111111000000000000000000
0000000000000000011111110000000001111111111111100000000000000000
0000000000000000011111111111111111111111111111100000000000000000
0000000000000000011111111111111111111111111111110000000000000000
0000000000000000011011111111000000011111111111111000000000000000
0000000000000000000011111110000000011111111111111110000000000000
