0000000000000000000000000000000000000000000000111111111111111000
0000000000000000000000000000000000000000000000000111111111111000
0000000000000000000000000000000000000000000000000111111111111000
0000000000000000000000000000000000000000000000001111111111111000
0000000000000000000000000000000000000000000000111111111111110000
0000000000000000000000000000000000000000000011111111111111100000
0000000000000000000000000000000000000000000111111111111111100000
0000000000000000000000000000000000000000001111111111111100000000
0000000000000000000000000000000000000000001111111111111100000000
0000000000000000000000000000000000000000001111111111111000000000
0000000000000000000000000000000000000000000111111111111000000000
0000000000000000000000000000000000000000000111111111110000000000
0000000000000000000000000110000000000000000111111111110000000000
0000000000000000000000111111000000000000001111111111111000000000
0000000000000000000000111110000000000000111111111111111100000000
0000000000000000000000111110000000000011111111111111111100000000
0000000000000000000000111111100000001111111111111111111110000000
0000000000000000000001110011111000111111111111111111111111000000
0000000000000000000001110011111111111110000111111111111111100000
0000000000000000000001110011111111111000000111111111111111111000
0000000000000000000001100111111111100000001111111111111111111100
0000000000000000000000000001111111100000001111111111111111111110
0000000000000000000000000001111111110000011111111111111111111111
0000000000000000000000000011111111111000111111111111111111111111
