0000000000000000000000000000000000000000000000000011111111111110
0000000000000000000000000000000000000000000000000011111111111100
0000000000000000000000000000000000000000000000000111111111111110
0000000000000000000000000000000000000000000000011111111111111100
0000000000000000000000000000000000000000000001111111111111110000
0000000000000000000000000000000000000000000011111111111111110000
0000000000000000000000000000000000000000000011111111111111000000
0000000000000000000000000000000000000000000011111111111110000000
0000000000000000000000000000000000000000000111111111111100000000
0000000000000000000000000000000000000000000011111111111100000000
0000000000000000000000000000000000000000000011111111111100000000
0000000000000000000000000010000000000000000011111111111100000000
0000000000000000000000011111000000000000000111111111111100000000
0000000000000000000000011111000000000000011111111111111110000000
0000000000000000000000011111000000000001111111111111111110000000
0000000000000000000000011111110000000111111111111111111111000000
0000000000000000000000111111111100011111111111111111111111110000
0000000000000000000000111001111111111111000011111111111111111000
0000000000000000000000111011111111111100000011111111111111111100
0000000000000000000000111011111111110000000111111111111111111111
0000000000000000000000010000111111111000000111111111111111111111
0000000000000000000000000000111111111100001111111111111111111111
0000000000000000000000000000111111111110001111111111111111111111
0000000000000000000000000001111111111111011111111111111111111111
