0000000000000000000000000000000000000000000000000000111111111111
0000000000000000000000000000000000000000000000000001111111111111
0000000000000000000000000000000000000000000000000111111111111110
0000000000000000000000000000000000000000000000011111111111111100
0000000000000000000000000000000000000000000000111111111111111100
0000000000000000000000000000000000000000000001111111111111100000
0000000000000000000000000000000000000000000001111111111111000000
0000000000000000000000000000000000000000000001111111111111000000
0000000000000000000000000000000000000000000001111111111111000000
0000000000000000000000000000000000000000000000111111111110000000
0000000000000000000000000001000000000000000001111111111110000000
0000000000000000000000000111100000000000000001111111111111000000
0000000000000000000000001111100000000000001111111111111111100000
0000000000000000000000001111100000000000111111111111111111100000
0000000000000000000000001111111000000011111111111111111111110000
0000000000000000000000001111111110001111111100111111111111111100
0000000000000000000000011111111111111111100000111111111111111110
0000000000000000000000011111111111111110000001111111111111111111
0000000000000000000000011111111111111100000001111111111111111111
0000000000000000000000001100111111111110000011111111111111111111
0000000000000000000000000000001111111111000111111111111111111111
0000000000000000000000000000001111111111100111111111111111111111
0000000000000000000000000000011111111111111111111111111111111111
0000000000000000000000000000011111111111111111111111111111111111
