0000000000000000000000000000000000000000000000000001111111111111
0000000000000000000000000000000000000000000000000111111111111111
0000000000000000000000000000000000000000000000001111111111111111
0000000000000000000000000000000000000000000000001111111111111000
0000000000000000000000000000000000000000000000011111111111111000
0000000000000000000000000000000000000000000000011111111111110000
0000000000000000000000000000000000000000000000001111111111110000
0000000000000000000000000000000000000000000000001111111111110000
0000000000000000000000000000000000000000000000001111111111110000
0000000000000000000000000000000000000000000000011111111111110000
0000000000000000000000000001111000000000000001111111111111111000
0000000000000000000000000111111000000000000111111111111111111000
0000000000000000000000000111111000000000011111111111111111111110
0000000000000000000000000111111100000001111111101111111111111111
0000000000000000000000000111111111111111111100001111111111111111
0000000000000000000000000111111111111111110000001111111111111111
0000000000000000000000000111111111111111000000011111111111111111
0000000000000000000000000111101111111111000000011111111111111111
0000000000000000000000000111000011111111110000111111111111111111
0000000000000000000000000000000011111111111001111111111111111111
0000000000000000000000000000000011111111111111111111111111111111
0000000000000000000000000000000011111111111111111111111111111111
0000000000000000000000000000000011111111111111111111111111111111
0000000000000000000000000000000111111111111111111111111111111111
