0000000000000000000000000000000000000000000000000000000111111111
0000000000000000000000000000000000000000000000000000000111111111
0000000000000000000000000000000000000000000000000000000111111111
0000000000000000000000000000000000000000000000000000000111111111
0000000000000000000000000000000000000000000000000000001111111111
0000000000000000000000000000000000000000000000000000111111111111
0000000000000000000000000000000000000000000000000011111111111111
0000000000000000000000000000000000000000000000001111111111111111
0000000000000000000000000001111000000000000111111111100111111111
0000000000000000000000000011111000000000111111111110000111111111
0000000000000000000000000111111000000000011111111100001111111111
0000000000000000000000000011111110000010011000110000001111111111
0000000000000000000000000001111111100000010000000000011111111111
0000000000000000000000000000111111110000000000000000111111111111
0000000000000000000000000000111111111111000000000000111111111111
0000000000000000000000000000011111111111111100000001111111111111
0000000000000000000000000000001101111111111111111011111111111111
0000000000000000000000000000000000111111111111111111111111111111
0000000000000000000000000000000000011111111111111111111111111111
0000000000000000000000000000000000001111111111111111111111111111
0000000000000000000000000000000000001111111111111111111111111111
0000000000000000000000000000000000000111111111111111111111111111
0000000000000000000000000000000000000000000011111111111111111111
0000000000000000000000000000000000000000000111111111111111111111
