1111111111111111111111111111111111111111111111111111111111111111
1111111111111111111111111111111111111000000000000011111111111111
1111111111111111111111111111111111100000000000000000011111111111
1111111111111111111111001111111110000000000000000000000011111111
1111111111111111110000000001111100000000000000000000000000000111
1111111111111111100000000000000000000000000000000011000000000001
1111111111111110000000000000000000000000000000000011111110011111
1111111111111110000000000000000000000000000000000000011111111111
1111111111111111000000000000000000000000000000000000000000000111
1111111111111111111100000000000000000000000000000000000000000000
1111111111111111111111111000000000000000000000000000000000000000
1111111111111111111111111111100000000000000000000000000000000000
1111111111111111111111111111111000000000000000000000000000000000
1111111111111111111111111111100000000000000000000000000000000000
1111111111111111111111111111000000000100000000000000000000000000
1111111111111111111111111111000000000100000000000000000000000000
1111111111111111111111111111100000000000000000000000000000000000
1111111111111111111111111111111000000000000000000000000000000000
1111111111111111111111111111111111100000000000000000000100000000
1111111111111111111111111111111111100000000000000000000011000000
1111111111111111111111111111111111100000000000000000000001000000
1111111111111111111111111111111111100000000000000000000000000000
1111111111111111111111111111111111100000000000000000000000000000
1111111111111111111111111111111111110000011000000000000000000000
