0000000000000000000000000000000000000000000000000000000000011111
0000000000000000000000000000000000000000000000000000000001111111
0000000000000000000000000000000000000000000000000000000111111111
0000000000000000000000000000000000000000000000000000011111111111
0000000000000000000000000000000000000000000000001111111111101111
0000000000000000000000000000000000000000000000111111111111001111
0000000000000000000000000000011000000000000000001110011100011111
0000000000000000000000000001111100000000000010001100000000111111
0000000000000000000000000011111100000000000000000000000000111111
0000000000000000000000000011111110000000000000000000000001111111
0000000000000000000000000000111111110100000000000000000011111111
0000000000000000000000000000011111110000000000000000000011111111
0000000000000000000000000000000111111111000000000000000111111111
0000000000000000000000000000000001111111111111111100001111111111
0000000000000000000000000000000000111111111111111111111111111111
0000000000000000000000000000000000001111111111111111111111111111
0000000000000000000000000000000000000111111111111111111111111111
0000000000000000000000000000000000000011111111111111111111111111
0000000000000000000000000000000000000001111111111111111111111111
0000000000000000000000000000000000000000111111001111111111111111
0000000000000000000000000000000000000000000000011111111111111111
0000000000000000000000000000000000000000000000011111111111111111
0000000000000000000000000000000000000000000000011111111111111111
0000000000000000000000000000000000000000000000111111111111111111
