0000000000000000000000000000000000000000000000000000000000111111
0000000000000000000000000000000000000000000000000000000011111111
0000000000000000000000000000000000000000000000000000011111111111
0000000000000000000000000000000000000000000000000111111111111111
0000000000000000000000000000000000000000000000001111110011100111
0000000000000000000000000000001000000000000000110011100000000111
0000000000000000000000000000111100000000000000000000000000001111
0000000000000000000000000011111100000000000000000000000000011111
0000000000000000000000000011111110000000000000000000000000111111
0000000000000000000000000001111111010010000000000000000000111111
0000000000000000000000000000011111111000000000000000000001111111
0000000000000000000000000000000111111110000000000000000011111111
0000000000000000000000000000000001111111111111111100000111111111
0000000000000000000000000000000000111111111111111111101111111111
0000000000000000000000000000000000001111111111111111111111111111
0000000000000000000000000000000000000111111111111111111111111111
0000000000000000000000000000000000000001111111111111111111111111
0000000000000000000000000000000000000000111111111111111111111111
0000000000000000000000000000000000000000011111100111111111111111
0000000000000000000000000000000000000000000000000111111111111111
0000000000000000000000000000000000000000000000000111111111111111
0000000000000000000000000000000000000000000000001111111111111111
0000000000000000000000000000000000000000000000001111111111111111
0000000000000000000000000000000000000000000000000001111011111111
