0000000000000000000000000000000000000000000000000000001111111000
0000000000000000000000000000000000000000000000000000010000000000
0000000000000000000000000000000000000000000000000000000000000000
0000000000000000000000000000000000000000000000000000000000000000
0000000000000000000000000000011100000000000000000000000000000001
0000000000000000000000000001111110000000000000000000000000000011
0000000000000000000000000001111110000000000000000000000000000011
0000000000000000000000000000111111111100000000000000000000000111
0000000000000000000000000000001111111110000000000000000000001111
0000000000000000000000000000000011111111000000000000000000011111
0000000000000000000000000000000000011111111111111111110000111111
0000000000000000000000000000000000011111111111111111110001111111
0000000000000000000000000000000000000111111111111111110011111111
0000000000000000000000000000000000000001111111111111001111111111
0000000000000000000000000000000000000000011111111111000111111111
0000000000000000000000000000000000000000000111111100001111111111
0000000000000000000000000000000000000000000001100000001111111111
0000000000000000000000000000000000000000000000000000000111111101
0000000000000000000000000000000000000000000000000000000000000000
0000000000000000000000000000000000000000000000000000000000000000
0000000000000000000000000000000000000000000000000000000000000000
0000000000000000000000000000000000000000000000000000000000000000
0000000000000000000000000000000000000000000000000000000000000000
0000000000000000000000000000000000000000000000000000000000000000
