0000000000000000000000000000000000000000000000000000000000000000
0000000000000000000000000000000000000000000000000000000000000000
0000000000000000000000000000000000000000000000000000000000000000
0000000000000000000000000000001100000000000000000000000000000000
0000000000000000000000000000111110000000000000000000000000000000
0000000000000000000000000001111110000000000000000000000000000001
0000000000000000000000000000111111110000000000000000000000000011
0000000000000000000000000000011111111110000000000000000000000111
0000000000000000000000000000000011111111100000000000000000001111
0000000000000000000000000000000000111111111111111111110000011111
0000000000000000000000000000000000011111111111111111111000111111
0000000000000000000000000000000000001111111111111111110001111111
0000000000000000000000000000000000000001111111111111100011111111
0000000000000000000000000000000000000000011111111111000011111111
0000000000000000000000000000000000000000000111111110000111111111
0000000000000000000000000000000000000000000001111000000111111111
0000000000000000000000000000000000000000000000000000000000000000
0000000000000000000000000000000000000000000000000000000000000000
0000000000000000000000000000000000000000000000000000000000000000
0000000000000000000000000000000000000000000000000000000000000000
0000000000000000000000000000000000000000000000000000000000000000
0000000000000000000000000000000000000000000000000000000000000000
0000000000000000000000000000000000000000000000000000000000000000
0000000000000000000000000000000000000000000000000000000000000000
