0000000000000000000000000000000000000000000000000000000000000000
0000000000000000000000000000000000000000000000000000000000000000
0000000000000000000000000000000000000000000000000000000000000000
0000000000000000000000000000001100000000000000000000000000000000
0000000000000000000000000000011110000000000000000000000000000000
0000000000000000000000000001111110000000000000000000000000000000
0000000000000000000000000000111111110000000000000000000000000001
0000000000000000000000000000011111111110000000000000000000000011
0000000000000000000000000000000011111111100000000000000000000111
0000000000000000000000000000000000111111111111111111111000001111
0000000000000000000000000000000000001111111111111111111000001111
0000000000000000000000000000000000000111111111111111111000001111
0000000000000000000000000000000000000001111111111111110000011111
0000000000000000000000000000000000000000001111111111100000000000
0000000000000000000000000000000000000000000001111111100000000000
0000000000000000000000000000000000000000000000010000000000000000
0000000000000000000000000000000000000000000000000000000000000000
0000000000000000000000000000000000000000000000000000000000000000
0000000000000000000000000000000000000000000000000000000000000000
0000000000000000000000000000000000000000000000000000000000000000
0000000000000000000000000000000000000000000000000000000000000000
0000000000000000000000000000000000000000000000000000000000000000
0000000000000000000000000000000000000000000000000000000000000000
0000000000000000000000000000000000000000000000000000000000000000
