0000000000000000000000000000000000000000000000000000000000000000
0000000000000000000000000000000000000000000000000000000000000000
0000000000000000000000000000000000000000000000000000000000000000
0000000000000000000000000000000000000000000000000000000000000000
0000000000000000000000000000000000000000000000000000000000000000
0000000000000000000000000000000000000000000000000000000000000000
0000000000000000000000000000000000000000000000000000000000000000
0000000000000000000000000000000000000000000000000000000000000000
0000000000000000000000000000000000000000000000000000000000000000
0000000000000000000000000000000000000000000000000000000000000000
0000000000000000000000000000000000000000000000000000000000000000
0000000000000000000000000000000000000000000000000000000000000000
0000000000000000000000000000000000000000000000000000000000000000
0000000000000000000000000000000000000000000000000000000000000000
0000000000000000000000001000000000000000000000000000000000000000
0000000000000000000000111100000000000000000000000000000000000000
0000000000000000000000111111111100000000000000000000000000000000
0000000000000000000000000111111110000111111100000000000000000000
0000000000000000000000000000111111111111111100000000000000000000
0000000000000000000000000000000111111111111100000000000000000000
0000000000000000000000000000000000111111111100000000000000000000
0000000000000000000000000000000000000001100000000000000000000000
0000000000000000000000000000000000000000000000000000000000000000
0000000000000000000000000000000000000000000000000000000000000000
