0000000000000000000000000000000000000000000000000000000000000000
0000000000000000000000000000000000000000000000000000000000000000
0000000000000000000000000000000000000000000000000000000000000000
0000000000000000000000000000000000000000000000000000000000000000
0000000000000000000000000000000000000000000000000000000000000000
0000000000000000000000000000000000000000000000000000000000000000
0000000000000000000000000000000000000000000000000000000000000000
0000000000000000000000000000000000000000000000000000000000000000
0000000000000000000000000000000000000000000000000000000000000000
0000000000000000000000000000000000000000000000000000000000000000
0000000000000000000000000000000000000000000000000000000000000000
0000000000000000000000000000000000000000000000000000000000000000
0000000000000000000000000000000000000000000000000000000000000000
0000000000000000000000111110000100000000000000000000000000000000
0000000000000000000000011111110000000000000000000000000000000000
0000000000000000000000000111110000000000000000000000000000000000
0000000000000000000000000011111110000011111100000000000000000000
0000000000000000000000000000010111111111110000000000000000000000
0000000000000000000000000000000011111111110000000000000000000000
0000000000000000000000000000000001111111000100000000000000000000
0000000000000000000000000000000000111110000000000000000000000000
0000000000000000000000000000000000011010000000000000000000000000
0000000000000000000000000000000000000000000000000000000000000000
0000000000000000000000000000000000000000000000000000000000000000
