0000000000000000000000000000000000000000000000000000000000000000
0000000000000000000000000000000000000000000000000000000000000000
0000000000000000000000000000000000000000000000000000000000000000
0000000000000000000000000000000000000000000000000000000000000000
0000000000000000000000000000000000000000000000000000000000000000
0000000000000000000000000000000000000000000000000000000000000000
0000000000000000000000000000000000000000000000000000000000000000
0000000000000000000000000000000000000000000000000000000000000000
0000000000000000000000000000000000000000000000000000000000000000
0000000000000000000000000000000000000000000000000000000000000000
0000000000000000000000000000000000000000000000000000000000000000
0000000000000000000000000000000000000000000000000000000000000000
0000000000000000000000111110000000000000000000000000000000000000
0000000000000000000000111111100000000000000000000000000000000000
0000000000000000000000000111110000000000000000000000000000000000
0000000000000000000000000111111100000001111000000000000000000000
0000000000000000000000000001100111111111110000000000000000000000
0000000000000000000000000000000111111111100000000000000000000000
0000000000000000000000000000000011111111000000011000000000000000
0000000000000000000000000000000001111110000000000000000000000000
0000000000000000000000000000000001111100000000000000000000000000
0000000000000000000000000000000000000100000000000000000000000000
0000000000000000000000000000000000000000000000000000000000000000
0000000000000000000000000000000000000000000000000000000000000000
