0000000000000000000000000000000000000000000000000000000000000000
0000000000000000000000000000000000000000000000000000000000000000
0000000000000000000000000000000000000000000000000000000000000000
0000000000000000000000000000000000000000000000000000000000000000
0000000000000000000000000000000000000000000000000000000000000000
0000000000000000000000000000000000000000000000000000000000000000
0000000000000000000000000000000000000000000000000000000000000000
0000000000000000000000000000000000000000000000000000000000000000
0000000000000000000000000000000000000000000000000000000000000000
0000000000000000000000000000000000000000000000000000000000000000
0000000000000000000000000000000000000000000000000000000000000000
0000000000000000000000111110000000000000000000000000000000000000
0000000000000000000000111110000010000000000000000000000000000000
0000000000000000000000000111110000000000000000000000000000000000
0000000000000000000000000111111000000000000000000000000000000000
0000000000000000000000000011111111000000000000000000000000000000
0000000000000000000000000000100111111111111100000000000000000000
0000000000000000000000000000000011111111110000000000000000000000
0000000000000000000000000000000001111111110000000000000000000000
0000000000000000000000000000000001111110000001111000000000000000
0000000000000000000000000000000001111000000000000000000000000000
0000000000000000000000000000000000000000000000000000000000000000
0000000000000000000000000000000000000000000000000000000000000000
0000000000000000000000000000000000000000000000000000000000000000
