1111111111111111111111111111111111111111111111111111111111111111
1111111111111111111111111111111111111111111111111111111111111111
1111111111111111111111111111111111111000000000111111111111111111
1111111111111111111111100000011111000000000000000011111111111111
1111111111111111111100000000011110000000000000000000011111111111
1111111111111111111000000000000000000000000000000000000001111111
1111111111111111110000000000000000000000000000111110000001111111
1111111111111111111000000000000000000000000000000111111111111111
1111111111111111111111000000000000000000000000000000000011111111
1111111111111111111111111100000000000000000000000000000000011111
1111111111111111111111111111100000000000000000000000000000011111
1111111111111111111111111111111000000000000000000000000000011111
1111111111111111111111111111000000000000000000000000000000000011
1111111111111111111111111111000000011000000000000000000000000000
1111111111111111111111111111000000001000000000000000000000000000
1111111111111111111111111111110000000000000000000001000000000000
1111111111111111111111111111111110000000000000000011110000111110
1111111111111111111111111111111110000000000000000001100000000000
1111111111111111111111111111111110000000000000000000000000000000
1111111111111111111111111111111110000000000000000000000000000000
1111111111111111111111111111111111000001100000000000000000000000
1111111111111111111111111111111110000001110000000000000000000000
1111111111111111111111111111111100000011110000000000000000000000
1111111111111111111111111111111000001111000000000000000000000000
