0000000000000000000000000000000000000000000000000000000000000000
0000000000000000000000000000000000000000000000000000000000000000
0000000000000000000000000000000000000000000000000000000000000000
0000000000000000000000000000000000000000000000000000000000000000
0000000000000000000000000011110000000000000000000000000000000000
0000000000000000000000000111111000000000000000000000000000000000
0000000000000000000000000111111000000000000000000000000000000000
0000000000000000000000000001111100000000000000000000000000000000
0000000000000000000000000001111111100000000000000000000000000000
0000000000000000000000000001111111100000000000000000000000000000
0000000000000000000000000000111111000000000000000000000000000000
0000000000000000000000000001011111000000000000000000000000000000
0000000000000000000000000000011111100000000000000000000000000000
0000000000000000000000000000011111110000000000000000000000000000
0000000000000000000000000000111111111110000000000000000000000000
0000000000000000000000000000111111111111100000000000000000000000
0000000000000000000000000001111111111111110000000000000000000000
0000000000000000000000000001100011001000000000000000000000000000
0000000000000000000000000000000001001000000000000000000000000000
0000000000000000000000000000000001100100000000000000000000000000
0000000000000000000000000000000000100000000000000000000000000000
0000000000000000000000000000000000000000000000000000000000000000
0000000000000000000000000000000000000000000000000000000000000000
0000000000000000000000000000000000000000000000000000000000000000
