0000000000000000000000000000000000000000000000000000000000000000
0000000000000000000000000000000000000000000000000000000000000000
0000000000000000000000000000000000000000000000000000000000000000
0000000000000000000000000000000000000000000000000000000000000000
0000000000000000000000000000111100000000000000000000000000000000
0000000000000000000000000001111110000000000000000000000000000000
0000000000000000000000000010111110000000000000000000000000000000
0000000000000000000000000000011110000000000000000000000000000000
0000000000000000000000000000111111100000000000000000000000000000
0000000000000000000000000001111111100000000000000000000000000000
0000000000000000000000000010011111100000000000000000000000000000
0000000000000000000000000100001111000000000000000000000000000000
0000000000000000000000000000011111100000000000000000000000000000
0000000000000000000000000000011111110000000000000000000000000000
0000000000000000000000000000111111111000000000000000000000000000
0000000000000000000000000001111111111110000000000000000000000000
0000000000000000000000000111111111111111100000000000000000000000
0000000000000000000000001111111111111111000000000000000000000000
0000000000000000000000000011001100000000000000000000000000000000
0000000000000000000000000000001100000000000000000000000000000000
0000000000000000000000000000000100000000000000000000000000000000
0000000000000000000000000000001100000000000000000000000000000000
0000000000000000000000000000000000000000000000000000000000000000
0000000000000000000000000000000000000000000000000000000000000000
