0000000000000000000000000000000000000000000000000000000000000000
0000000000000000000000000000000000000000000000000000000000000000
0000000000000000000000000000011110000000000000000000000000000000
0000000000000000000000000000111111100000000000000000000000000000
0000000000000000000000000000011111100000000000000000000000000000
0000000000000000000000000000001111000000000000000000000000000000
0000000000000000000000000000011111110000000000000000000000000000
0000000000000000000000001110011111111000000000000000000000000000
0000000000000000000000000000001111111000000000000000000000000000
0000000000000000000000000000000111100000000000000000000000000000
0000000000000000000000000000000111100100000000000000000000000000
0000000000000000000000000000001111110000000000000000000000000000
0000000000000000000000000000011111111000000000000000000000000000
0000000000000000000000000000111111111100000000000000000000000000
0000000000000000000000000011111111111111100000000000000000000000
0000000000000000000000001111111000011111110000000000000000000000
0000000000000000000000011111110000001111000000000000000000000000
0000000000000000000000000000110000000100000000000000000000000000
0000000000000000000000000000110000000110000000000000000000000000
0000000000000000000000000000100000000000000000000000000000000000
0000000000000000000000000001100000000000000000000000000000000000
0000000000000000000000000000000000000000000000000000000000000000
0000000000000000000000000000000000000000000000000000000000000000
0000000000000000000000000000000000000000000000000000000000000000
