1111111111111111111111111111111111111111111111111111111111111111
1111111111111111111111111111111111111111111111111111111111111111
1111111111111111111111111111111111111111111111111111111111111111
1111111111111111111111100111111111100000000011111111111111111111
1111111111111111111111000000011110000000000000011111111111111111
1111111111111111111111000000000000000000000000000011111111111111
1111111111111111111110000000000000000000000011000000111111111111
1111111111111111111111000000000000000000000001111111111111111111
1111111111111111111111110000000000000000000000000001111111111111
1111111111111111111111111111000000000000000000000000011111111111
1111111111111111111111111111111000000000000000000000001111111111
1111111111111111111111111111000000000000000000000000000001111111
1111111111111111111111111111000000110000000000000000000000011111
1111111111111111111111111111000000000000000000000000000000011111
1111111111111111111111111111111100000000000000000000011110011111
1111111111111111111111111111111100000000000000011000000000111111
1111111111111111111111111111111110000000000000000000000000111111
1111111111111111111111111111111110000000000000000000000000111111
1111111111111111111111111111111110000010000000000000000000000111
1111111111111111111111111111111100000111000000000000000000000000
1111111111111111111111111111111000011100000000000000000001000000
0000001111111111111111111111100000110000000000000000000000000000
0000000000000000000000000000000000000000000000000000000000000000
0000000000000000000000000000000000000000000000000000000000000000
