0000000000000000000000000000000000000000000000000000000000000000
0000000000000000000000000000000000000000000000000000000000000000
0000000000000000000000000000000000000000000000000000000000000000
0000000000000000000000000000111111000000000000000000000000000000
0000000000000000000000000000111111110000000000000000000000000000
0000000000000000000000000000011111000000000000000000000000000000
0000000000000000000000000000001111100000000000000000000000000000
0000000000000000000000000000111111111000000000000000000000000000
0000000000000000000000000001011111111110000000000000000000000000
0000000000000000000000010010001111111110000000000000000000000000
0000000000000000000000000000001111111110000000000000000000000000
0000000000000000000000000000001111110110000000000000000000000000
0000000000000000000000000000001111111100000000000000000000000000
0000000000000000000000000000011111111100000000000000000000000000
0000000000000000000000000000011111111110000000000000000000000000
0000000000000000000000000000111111111111000000000000000000000000
0000000000000000000000000001111111111111111000000000000000000000
0000000000000000000000000111111111111111111000000000000000000000
0000000000000000000000000111111111111111110000000000000000000000
0000000000000000000000000111111111111000000000000000000000000000
0000000000000000000000000000110000000000000000000000000000000000
0000000000000000000000000000110000000000000000000000000000000000
0000000000000000000000000000110000000000000000000000000000000000
0000000000000000000000000011110000000000000000000000000000000000
