0000000000000000000000000000000000000000000000000000000000000000
0000000000000000000000000000000000000000000000000000000000000000
0000000000000000000000000000000000000000000000000000000000000000
0000000000000000000000000000000011111110000000000000000000000000
0000000000000000000000000000000111111111100000000000000000000000
0000000000000000000000000000001111111111111110000000000000000000
0000000000000000000000000000001111111111111111110000000000000000
0000000000000000000000000000000111111111111100000000000000000000
0000000000000000000000000000000111111111111100000000000000000000
0000000000000000000000000000000000011111111111100000000000000000
0000000000000000000000000000000000011100111111110000000000000000
0000000000000000000001110000000000111111111111111100000000000000
0000000000000000000000001110000011111111111111111110000000000000
0000000000000000000000000011001111111111111111111111100000000000
0000000000000000000000000001111100111111111111111111110000000000
0000000000000000000000000000110000111111111111111111111000000000
0000000000000000000000000000000000011111111111111111111000000000
0000000000000000000000000000000000001111111111111111110000000000
0000000000000000000000000000000000001111111111011110000000000000
0000000000000000000000000000000000001111111111001110000000000000
0000000000000000000000000000000000011111111111111111000000000000
0000000000000000000000000000000000111111111111111111100000000000
0000000000000000000000000000000000111111111111111111000000000000
0000000000000000000000000000000001111111111111111110000000000000
