0000000000000000000000000000000000000000000000000000000000000000
0000000000000000000000000000000000000000000000000000000000000000
0000000000000000000000000000000000000000000000000000000000000000
0000000000000000000000000000000001110000000000000000000000000000
0000000000000000000000000000000111111111000000000000000000000000
0000000000000000000000000000011111111111110000000000000000000000
0000000000000000000000000000011111111111111111000000000000000000
0000000000000000000000000000001111111111111111000000000000000000
0000000000000000000000000000001111111111111000000000000000000000
0000000000000000000000000000000111111111111100000000000000000000
0000000000000000000000000000000000111111111111100000000000000000
0000000000000000000001011000000000111111111111110000000000000000
0000000000000000000000000110000011111111111111111100000000000000
0000000000000000000000000111001111111111111111111110000000000000
0000000000000000000000000011111101111111111111111111100000000000
0000000000000000000000000001100001111111111111111111110000000000
0000000000000000000000000000000000111111111111111111111000000000
0000000000000000000000000000000000011111111111111111111000000000
0000000000000000000000000000000000011111111111111111100000000000
0000000000000000000000000000000000011111111111001111000000000000
0000000000000000000000000000000000011111111111000111000000000000
0000000000000000000000000000000000011111111111110011100000000000
0000000000000000000000000000000000111111111111111111110000000000
0000000000000000000000000000000000111111111111111111000000000000
