0000000000000000000000000000000000000000000000000000000000000000
0000000000000000000000000000000000000000000000000000000000000000
0000000000000000000000000000000000000000000000000000000000000000
0000000000000000000000000000000000000000000000000000000000000000
0000000000000000000000000000000000000000000000000000000000000000
0000000000000000000000000000000000000000000111111111110000000000
0000000000000000000000000000000000000000001111111111111000000000
0000000000000000000000000000000000000000011111111111111000000000
0000000000000000000000000000000000000000011111111111111000000000
0000000000000000000000000000000000000000000111111111111110000000
0000000000000000000000000000000000000000000111111111111111000000
0000000000000000000011111100000000000000000011111111111111000000
0000000000000000000000000011110000000000000000001111111111110000
0000000000000000000000000000111110000000000000011111111111111100
0000000000000000000000000000000111111111111111111111111111111111
0000000000000000000000000000000000000000000001111111111111111111
0000000000000000000000000000000000000000000000111111111111111111
0000000000000000000000000000000000000000000000111111111111111111
0000000000000000000000000000000000000000000000111111111111111111
0000000000000000000000000000000000000000000000011111111111111111
0000000000000000000000000000000000000000000000011111111111111111
0000000000000000000000000000000011111000111111111111111111111111
0000000000000000000000000000000011111111111111111111111111110000
0000000000000000000000000000000001111100100000000011111111111100
