0000000000000000000000000000000000000000000000000000000000000000
0000000000000000000000000000000000000000000000000000000000000000
0000000000000000000000000000000000000000000000000000000000000000
0000000000000000000000000000000000000000000000000001111111111000
0000000000000000000000000000000000000000000000000111111111111110
0000000000000000000000000000000000000000000000011111111111111111
0000000000000000000000000000000000000000000000001111111111111110
0000000000000000000000000000000000000000000000001111111111111110
0000000000000000000000000000000000000000000000000011111111111111
0000000000000000000000000000000000000000000000000011111111111111
0000000000000000000000000111111000000000000000000001111111111111
0000000000000000000000000000011111100000000000000000000111111111
0000000000000000000000000000000011111100000000000000001111111111
0000000000000000000000000000000000001111111111111111111111111111
0000000000000000000000000000000000000001111111110000111111111111
0000000000000000000000000000000000000000000000000000111111111111
0000000000000000000000000000000000000000000000000000011111111111
0000000000000000000000000000000000000000000000000000011111111111
0000000000000000000000000000000000000000000000000000001111111111
0000000000000000000000000000000000000000000000000000000111111111
0000000000000000000000000000000000000000000000000000000011111111
0000000000000000000000000000000000000000000000000000000001111111
0000000000000000000000000000000000000000000000000000000001111111
0000000000000000000000000000000000000000000000000000000001111111
