0000000000000000000000000000000000000000000000000000111111111100
0000000000000000000000000000000000000000000000000011111111111111
0000000000000000000000000000000000000000000000000111111111111111
0000000000000000000000000000000000000000000000011111111111111111
0000000000000000000000000000000000000000000000001111111111111111
0000000000000000000000000000000000000000000000001111111111111111
0000000000000000000000000000000000000000000000000011111111111111
0000000000000000000000000000000000000000000000000001111111111111
0000000000000000000000000010000000000000000000000000111111111111
0000000000000000000000111111100000000000000000000000000011111111
0000000000000000000000000000111111000000000000000000000111111111
0000000000000000000000000000000011111111000011111111111111111111
0000000000000000000000000000000000000111111111111111111111111111
0000000000000000000000000000000000000000000000000000011111111111
0000000000000000000000000000000000000000000000000000001111111111
0000000000000000000000000000000000000000000000000000001111111111
0000000000000000000000000000000000000000000000000000000111111111
0000000000000000000000000000000000000000000000000000000011111111
0000000000000000000000000000000000000000000000000000000001111111
0000000000000000000000000000000000000000000000000000000001111111
0000000000000000000000000000000000000000000000000000000000111111
0000000000000000000000000000000000000000000000000000000000011111
0000000000000000000000000000000000000000000000000000000000111111
0000000000000000000000000000000000000000000000000000000001111111
