0000000000000000000000000000000000000000000000000011111111111111
0000000000000000000000000000000000000000000000011111111111111111
0000000000000000000000000000000000000000000000001111111111111111
0000000000000000000000000000000000000000000000001111111111111111
0000000000000000000000000000000000000000000000000011111111111111
0000000000000000000000000000000000000000000000000011111111111111
0000000000000000000000000000000000000000000000000001111111111111
0000000000000000000000000000000000000000000000000000011111111111
0000000000000000000000100000000000000000000000000000000011111111
0000000000000000000011111100000000000000000000000000000111111111
0000000000000000000000001111111110000000000000111111111111111111
0000000000000000000000000000111111111111111111111111111111111111
0000000000000000000000000000000000000111111111000000001111111111
0000000000000000000000000000000000000000000000000000001111111111
0000000000000000000000000000000000000000000000000000000111111111
0000000000000000000000000000000000000000000000000000000111111111
0000000000000000000000000000000000000000000000000000000001111111
0000000000000000000000000000000000000000000000000000000000111111
0000000000000000000000000000000000000000000000000000000000011111
0000000000000000000000000000000000000000000000000000000000011111
0000000000000000000000000000000000000000000000000000000000011111
0000000000000000000000000000000000000000000000000000000000001111
0000000000000000000000000000000000000000000000000000000000011111
0000000000000000000000000000000000000000000000000000000000111111
