0000000000000000000000000000000000000000000000000000000001111111
0000000000000000000000000000000000000000000000000000000011111111
0000000000000000000000000000000000000000000000000000000000111111
0000000000000000000000000000000000000000000000000000000000111111
0000000000000000000000000000000000000000000000000000000000011111
0000000000000000000000000000000000000000000000000000000000000111
0000000000000000000000000000000000000000000000000000000000000011
0000000000000000000000011110000000000000000000000000000000000001
0000000000000000000000011111110000000000000000000000000000000000
0000000000000000000000000001111100000000000000000000000000000000
0000000000000000000000000000111111111100000000000000000000000000
0000000000000000000000000000000011111111111100000000000011111000
0000000000000000000000000000000011111111111111111111111111111111
0000000000000000000000000000000000000000111111111111111111111111
0000000000000000000000000000000000000000000000111111111111111111
0000000000000000000000000000000000000000000000000000000000000000
0000000000000000000000000000000000000000000000000000000000000000
0000000000000000000000000000000000000000000000000000000000000000
0000000000000000000000000000000000000000000000000000000000000000
0000000000000000000000000000000000000000000000000000000000000000
0000000000000000000000000000000000000000000000000000000000000000
0000000000000000000000000000000000000000000000000000000000000000
0000000000000000000000000000000000000000000000000000001111100000
0000000000000000000000000000000000000000000000000000011111111000
