0000000000000000000000000000000000000000000000000000000000000111
0000000000000000000000000000000000000000000000000000000000000001
0000000000000000000000000000000000000000000000000000000000000000
0000000000000000000000000000000000000000000000000000000000000000
0000000001111110000000000000000000000000000000000000000000000000
0000000000011111110000000000000000000000000000000000000000000000
0000000000000111111111000000000000000000000000000000000000000000
0000000000000111111111111001100000000000000000000000000000000000
0000000000000000000111111111111110000000000000000000000000000000
0000000000000000000000011111111111111100000000000000001111111111
0000000000000000000000001111111111111111111000000111111111111111
0000000000000000000000000001111111111111111111111111111111111111
0000000000000000000000000000000000111111111111111111111111111111
0000000000000000000000000000000000000001111111111111111110000000
0000000000000000000000000000000000000000000000000000000000000000
0000000000000000000000000000000000000000000000000000000000000000
0000000000000000000000000000000000000000000000000000000000000000
0000000000000000000000000000000000000000000000000000000000000000
0000000000000000000000000000000000000000000000011000000000000000
0000000000000000000000000000000000000000000111111111111000000000
0000000000000000000000000000000000000000000111111111111110000000
0000000000000000000000000000000000000000000111111111111111111111
0000000000000000000000000000000000000000000111111111111111111111
0000000000000000000000000000000000000000001111111111111111111111
