0000000000000000000000000000000000000000000000000000000000000000
0000000000000000000000000000000000000000000000000000000000000000
0000000000000000000000000000000000000000000000000000000000000000
0000000000000000000000000000000000000000000000000000000000000000
0000000000000000000000000000000000000000000000000000000000000000
0000000000000000000000000000000000000000000000000000000000000000
0000000000000000000000000000000000000000000000000000000000000000
0000000000000000000000000111100000000000000000000000000000000000
0000000000000000000000000011111111000000000000000000000000000000
0000000000000000000000000111111111111110011000000000000000000000
0000000000000000000000000011111111111111111111111100000000000000
0000000000000000000000000011101111111111111111111111111111100000
0000000000000000000000001000000000000001111111111111111111111111
0000000000000000000000000000000000000001111111111111111111111111
0000000000000000000000000000000000000000000000000111111111111111
0000000000000000000000000000000000000000000000000000000011111111
0000000000000000000000000000000000000000000000000000000000000001
0000000000000000000000000000000000000000000000000000000000000000
0000000000000000000000000000000000000000000000000000000000000000
0000000000000000000000000000000000000000000000000000000000000000
0000000000000000000000000000000000000000000000000000000000000000
0000000000000000000000000000000000000000000000000000000000000000
0000000000000000000000000000000000000000000000000000000000000000
0000000000000000000000000000000000000000000000000000000000000000
