1111111111111111111111111111111111111111111111111111111111111111
1111111111111111111111111111111111111111111111111111111111111111
1111111111111111111111111111111111111111111111111111111111111111
1111111111111111111111111111111111111111111111111111111111111111
1111111111111111111111111111111111000000111111111111111111111111
1111111111111111111111111000001100000000000111111111111111111111
1111111111111111111111111000000000000000000001111111111111111111
1111111111111111111111111100000000000000001111111111111111111111
1111111111111111111111111111110000000000000001111111111111111111
1111111111111111111111111111100000000000000000111111111111111111
1111111111111111111111111111100001000000000000001111111111111111
1111111111111111111111111111111000000000000000001111111111111111
1111111111111111111111111111111100000000000000011111111111111111
1111111111111111111111111111111100000000000000011111111111111111
1111111111111111111111111111111100010000000000000000000111111111
1111100000001111111111111111110000100000000000000000000000000000
1111100000000000000000000000000000000000000000000000000000000000
1111110000000000000000000000000000000000000000000000000000000000
1111111111101111100000001111111000000000000000000000000000000000
1111111111111111111111011111111100000000000000000000000000000000
1111111111111111111111111111111111111111000000111111111100000000
1111111111111111111111111111111111111111111100111111111111111110
1111111111111111111111111111111111111111111111111111111111111111
1111111111111111111111111111111111111111111111111111111111111111
