0000000000000000000000000000000000000000000000000000000000000000
0000000000000000000000000000000000000000000000000000000000000000
0000000000000000000000000000000000000000000000000000000000000000
0000000000000000000000000000000000000000000000000000000001111111
0000000000000000000000000000000000000000000000000000001111111111
0000000000000000000000000000000000000000000000000000111111111111
0000000000000000000000000000000000000000000000000000111111111111
0000000000000000000000000000000000000000000000000000011111111111
0000000000000000000000000000000000000000000000000000111111111111
0000000000000000000000000000000000000000000000000000011111111111
0000000000000000000000000000000000000000000000000000000011111111
0000000000000000000000000000000000000000000000000000000000111111
0000000000000000000000000000000000000000000000000000000001111111
0000000000000000000000000000000000000000000000000000000111111110
0000000000000000000000000000000000000000000000001111111111100000
0000000000000000000000000000000000000111111111111111111100000000
0000000000000000000000000000000000000000000000000000000000000000
0000000000000000000000000000000000000000000000000000000000000000
0000000000000000000000000000000000000000000000000000000000000000
0000000000000000000000000000000000000000000000000000000000000000
0000000000000000000000000000000000000000000000000000000000000000
0000000000000000000000000000000000000000000000000000000000000000
0000000000000000000000000000000000000000000000000000000000000000
0000000000000000000000000000000000000000000000000000000000000000
