1111111111111111111111111111111111111111111111111111111111111111
1111111111111111111111111111111111111111111111111111111111111111
1111111111111111111111111111111111111111111111111111111111111111
1111111111111111111111111111111111111111111111111111111111111111
1111111111111111111111111100111111000001111111111111111111111111
1111111111111111111111111100000100000000001111111111111111111111
1111111111111111111111111000000000000000000011111111111111111111
1111111111111111111111111110000000000000000111111111111111111111
1111111111111111111111111111110000000000000011111111111111111111
1111111111111111111111111111100000000000000000111111111111111111
1111111111111111111111111111100000000000000000011111111111111111
1111111111111111111111111111111000000000000000011111111111111111
1111111111111111111111111111111100000000000000111111111111111111
1111111111111111111111111111111100000000000000000000111111111111
1111111111111111111111111111111000110000000000000000001000000000
1111110000000000000000111111100001000000000000000000000000000000
1111110000000000000000000000000000000000000000000000000000000000
1111111111100000000000000000000000000000000000000000000000000000
1111111111111111111110001111111000000000000000000000000000000000
1111111111111111111111111111111111111111000000111110000000000000
1111111111111111111111111111111111111111001000111111111111111000
1111111111111111111111111111111111111111111111111111111111111111
1111111111111111111111111111111111111111111111111111111111111111
1111111111111111111111111111111111111111111111111111111111111111
