0000000000000000000000000000000000000000000000000000000000000000
0000000000000000000000000000000000000000000000000000000000000000
0000000000000000000000000000100000000000000000000000000000000000
0000000000000000000000000001100000000000000000000000000000000000
0000000000000000000000000000100000000000000000000000000000000000
0000000000000000000000000000110000000000000000000000000000000000
0000000000000000000000001111111111000000000000000000000000000000
0000000000000000000000001111111111000000000000000000000000000000
0000000000000000000000000011111110000000000000000000000000000000
0000000000000000000000000011111100000000000000000000000000000000
0000000000000000000000000001111100000000000000000000000000000000
0000000000000000000000000001111000000000000000000000000000000000
0000000000000000000000011111110000000000000000000000000000000000
0000000000000000000000001111111000000000000000000000000000000000
0000000000000000000000000111110000000000000000000000000000000000
0000000000000000000000000011110000000000000000000000000000000000
0000000000000000000000000001111000000000000000000000000000000000
0000000000000000000000000001111000000000000000000000000000000000
0000000000000000000000000001100000000000000000000000000000000000
0000000000000000000000000000100000000000000000000000000000000000
0000000000000000000000000000000000000000000000000000000000000000
0000000000000000000000000000000000000000000000000000000000000000
0000000000000000000000000000000000000000000000000000000000000000
0000000000000000000000000000000000000000000000000000000000000000
