0000000000000000000000000000000000000000000000000000000000000000
0000000000000000000000000000000000000000000000000000000000000000
0000000000000000000000000000000000000000000000000000000000000000
0000000000000000000000000000000000000000000000000000000000000000
0000000000000000000000000000000000000000000000000000000000000000
0000000000000000000000000000000000000000000000000000000000000000
0000000000000000000000000000000000000000000000000000000000000000
0000000000000000000000000000000000000000000000000000000000000000
0000000000000000000000000000000000000000000000000000000000000000
0000000000000000000000000000000000000000000000000000000000000000
0000000000000000000000000000000000000000000000000000000000000000
0000000000000000000000000000100000000000000000000000000000000000
0000000000000000000000000000000000000000000000000000000000000000
0000000000000000000000000000000000000000000000000000000000000000
0000000000000000000000000000000000000000000000000000000000000000
0000000000000000000000000100000001100000000000000000000000000000
0000000000000000000000000000000000000000000000000000000000000000
0000000000000000000000011000000000010000000000000000000000000000
1111111111111111111111111100000001111111111111111111111111111111
1111111111111111111111111100000001111111111111111111111111111111
1111111111111111111111100000000011111111111111111111111111111111
1111111111111111111111000000000111111111111111111111111111111111
1111111111111111111111000000000111111111111111111111111111111111
1111111111111111111111100000000111111111111111111111111111111111
