0000000000000000000000000001111100000000000000000000000000000000
0000000000000000000000000001111100000000000000000000000000000000
0000000000000000000000000011111100000000000000000000000000000000
0000000000000000000000000011111111000000000000000000000000000000
0000000000000000000000001011111111001000000000000000000000000000
0000000000000000000000101111111111110010000000000000000000000000
0000000000000000001000111111111111111111110000000000000000000000
0000000000000000011111111111111111111111111000000000000000000000
0000000001111111111111111111111111111111111111111000000000000000
1111111111111111111111111111111111111111111111111111111111111111
1111111111111111111111111111111110111111111111111111111111111111
1111111111111111111111111111111111111111111111111111111111111111
1111111111111111111111111111011001111111111111111111111111111111
1111111111111111111111111110010011111111111111111111111111111111
1111111111111111111111111111000001111111111111111111111111111111
1111111111111111111111111111011100111111111111111111111111111111
1111111111111111111111111111110011111111111111111111111111111111
1111111111111111111111111111100011111111111111111111111111111111
1111111111111111111111111111111111111111111111111111111111111111
1111111111111111111111111111000111111111111111111111111111111111
1111111111111111111111111110000111111111111111111111111111111111
1111111111111111111111111100001111111111111111111111111111111111
1111111111111111111111111110000111111111111111111111111111111111
1111111111111111111111111100000111111111111111111111111111111111
