0000000000000000000000000001111100000000000000000000000000000000
0000000000000000000000000001111100000000000000000000000000000000
0000000000000000000000000001111111000000000000000000000000000000
0000000000000000010000000011111111001000000000000000000000000000
0000000000000000000000111011111111111000000000000000000000000000
0000000000000000001000111111111111111011100000000000000000000000
0000000000000000011110111111111111111111100000000000000000000000
0000000000111111111111111111111111111111111111110000000000000000
0011111111111111111111111111111111111111111111111111111100000000
1111111111111111111111111111111111111111111111111111111111111111
1111111111111111111111111111111111111111111111111111111111111111
1111111111111111111111111111111101111111111111111111111111111111
1111111111111111111111111110011011111111111111111111111111111111
1111111111111111111111111100000001111111111111111111111111111111
1111111111111111111111111111000101111111111111111111111111111111
1111111111111111111111111110111011111111111111111111111111111111
1111111111111111111111111111100001111111111111111111111111111111
1111111111111111111111111111100011111111111111111111111111111111
1111111111111111111111111111111111111111111111111111111111111111
1111111111111111111111111111111111111111111111111111111111111111
1111111111111111111111111111000111111111111111111111111111111111
1111111111111111111111111110000111111111111111111111111111111111
1111111111111111111111111100001111111111111111111111111111111111
1111111111111111111111111110000111111111111111111111111111111111
