0000000000000000000000000011111111000000000000000000000000000000
0000000000000000000000000011111111000100000000000000000000000000
0000000000000000010001011011111111111000000000000000000000000000
0000000000000000011100111111111111111001100000000000000000000000
0000000000000000111100111111111111111111110000000000000000000000
0000000000111111111111111111111111111111110001111000000000000000
1111111111111111111111111111111111111111111111111111111100000000
1111111111111111111111111111111111111111111111111111111111111111
1111111111111111111111111111111111111111111111111111111111111111
1111111111111111111111111111111111111111111111111111111111111111
1111111111111111111111111111111111111111111111111111111111111111
1111111111111111111111111111111101111111111111111111111111111111
1111111111111111111111111100010011111111111111111111111111111111
1111111111111111111111111111010101111111111111111111111111111111
1111111111111111111111111111111110111111111111111111111111111111
1111111111111111111111111111111001111111111111111111111111111111
1111111111111111111111111111000001111111111111111111111111111111
1111111111111111111111111111101101111111111111111111111111111111
1111111111111111111111111111111111111111111111111111111111111111
1111111111111111111111111111111111111111111111111111111111111111
1111111111111111111111111111111111111111111111111111111111111111
1111111111111111111111111111000111111111111111111111111111111111
1111111111111111111111111110000111111111111111111111111111111111
1111111111111111111111111100001111111111111111111111111111111111
