0000000000000000000001001011111111111100000000000000000000000000
0000000000000000100001111111111111111000100000000000000000000000
0000000000000000110011111111111111111001111000000000000000000000
0000000000111000111111111111111111111111110000000000000000000000
0000001111111111111111111111111111111111110001111111100000000000
1111111111111111111111111111111111111111111111111111111111111111
1111111111111111111111111111111111111111111111111111111111111111
1111111111111111111111111111111111111111111111111111111111111111
1111111111111111111111111111111111111111111111111111111111111111
1111111111111111111111111111101111111111111111111111111111111111
1111111111111111111111111111110101111111111111111111111111111111
1111111111111111111111111110011101111111111111111111111111111111
1111111111111111111111111111010101111111111111111111111111111111
1111111111111111111111111111111100011111111111111111111111111111
1111111111111111111111111101111111111111111111111111111111111111
1111111111111111111111111111101100111111111111111111111111111111
1111111111111111111111111111000000111111111111111111111111111111
1111111111111111111111111111000010111111111111111111111111111111
1111111111111111111111111111111011111111111111111111111111111111
1111111111111111111111111111111111111111111111111111111111111111
1111111111111111111111111111111111111111111111111111111111111111
1111111111111111111111111111111111111111111111111111111111111111
1111111111111111111111111111111111111111111111111111111111111111
1111111111111111111111111110000111111111111111111111111111111111
