0000000000000000100001111111111111111100100000000000000000000000
0000000000000000111101111111111111111111111000000000000000000000
0000000000000000111111111111111111111111111000000000000000000000
0000011111111111111111111111111111111111111001111111111100000111
1111111111111111111111111111111111111111111111111111111111111111
1111111111111111111111111111111111111111111111111111111111111111
1111111111111111111111111111111111111111111111111111111111111111
1111111111111111111111111111111111111111111111111111111111111111
1111111111111111111111111111111111111111111111111111111111111111
1111111111111111111111111111111111111111111111111111111111111111
1111111111111111111111111111111101111111111111111111111111111111
1111111111111111111111111010011101111111111111111111111111111111
1111111111111111111111111111100110111111111111111111111111111111
1111111111111111111111111111111111111111111111111111111111111111
1111111111111111111111111101111110111111111111111111111111111111
1111111111111111111111111111001100111111111111111111111111111111
1111111111111111111111111110000010111111111111111111111111111111
1111111111111111111111111111101010011111111111111111111111111111
1111111111111111111111111111100011111111111111111111111111111111
1111111111111111111111111111111111111111111111111111111111111111
1111111111111111111111111111111111111111111111111111111111111111
1111111111111111111111111111111111111111111111111111111111111111
1111111111111111111111111111111111111111111111111111111111111111
1111111111111111111111111111001111111111111111111111111111111111
