0000000000000000010001111111111111111111111100000000000000000000
0000000000000000111111111111111111111111111000000000000000000000
0000000001110000111111111111111111111111111000001111111000000000
0111111111111111111111111111111111111111111011111111111111000111
1111111111111111111111111111111111111111111111111111111111111111
1111111111111111111111111111111111111111111111111111111111111111
1111111111111111111111111111111111111111111111111111111111111111
1111111111111111111111111111111111111111111111111111111111111111
1111111111111111111111111111111111111111111111111111111111111111
1111111111111111111111111111110111111111111111111111111111111111
1111111111111111111111111110111111111111111111111111111111111111
1111111111111111111111111100010110111111111111111111111111111111
1111111111111111111111111111101110111111111111111111111111111111
1111111111111111111111111111111110111111111111111111111111111111
1111111111111111111111111101111110011111111111111111111111111111
1111111111111111111111111111000000111111111111111111111111111111
1111111111111111111111111111000010011111111111111111111111111111
1111111111111111111111111111101111011111111111111111111111111111
1111111111111111111111111111100011111111111111111111111111111111
1111111111111111111111111111100111111111111111111111111111111111
1111111111111111111111111111111111111111111111111111111111111111
1111111111111111111111111111111111111111111111111111111111111111
1111111111111111111111111111111111111111111111111111111111111111
1111111111111111111111111111111111111111111111111111111111111111
