0000000000000000111111111111111111111111111000000000000000000000
0000000000000000111111111111111111111111111000000011110000000000
0011111111111111111111111111111111111111111100011111111111110000
1111111111111111111111111111111111111111111111111111111111111111
1111111111111111111111111111111111111111111111111111111111111111
1111111111111111111111111111111111111111111111111111111111111111
1111111111111111111111111111111111111111111111111111111111111111
1111111111111111111111111111011111111111111111111111111111111111
1111111111111111111111111111111111111111111111111111111111111111
1111111111111111111111111111111111111111111111111111111111111111
1111111111111111111111110010111110111111111111111111111111111111
1111111111111111111111111101100110111111111111111111111111111111
1111111111111111111111111111111111101111111111111111111111111111
1111111111111111111111111011111110111111111111111111111111111111
1111111111111111111111111110011110011111111111111111111111111111
1111111111111111111111111111100000011111111111111111111111111111
1111111111111111111111111111011111101111111111111111111111111111
1111111111111111111111111111101011101111111111111111111111111111
1111111111111111111111111111000011111111111111111111111111111111
1111111111111111111111111111101011111111111111111111111111111111
1111111111111111111111111111111111111111111111111111111111111111
1111111111111111111111111111111111111111111111111111111111111111
1111111111111111111111111111111111111111111111111111111111111111
1111111111111111111111111111111111111111111111111111111111111111
