0001100000000000111111111111111111111111111000000000011110000000
1111111111000001111111111111111111111111111111111111111111111111
1111111111111111111111111111111111111111111111111111111111111111
1111111111111111111111111111111111111111111111111111111111111111
1111111111111111111111111111111111111111111111111111111111111111
1111111111111111111111111110111111111111111111111111111111111111
1111111111111111111111111111111111111111111111111111111111111111
1111111111111111111111111111110111111111111111111111111111111111
1111111111111111111111111111111111111111111111111111111111111111
1111111111111111111111110101011110111111111111111111111111111111
1111111111111111111111111011001110111111111111111111111111111111
1111111111111111111111111111111111111111111111111111111111111111
1111111111111111111111110111111111011111111111111111111111111111
1111111111111111111111111101111111110111111111111111111111111111
1111111111111111111111111111001101011111111111111111111111111111
1111111111111111111111111110111011010111111111111111111111111111
1111111111111111111111111111011001110111111111111111111111111111
1111111111111111111111111111101001111111111111111111111111111111
1111111111111111111111111111000111111111111111111111111111111111
1111111111111111111111111111111001111111111111111111111111111111
1111111111111111111111111111110001111111111111111111111111111111
1111111111111111111111111111110011111111111111111111111111111111
1111111111111111111111111111111111111111111111111111111111111111
1111111111111111111111111111111111111111111111111111111111111111
