1111111111111111111111101111111111101111111111111111111111111111
1111111111111111111111111111111111111111111111111111111111111111
1111111111111111111111111111111111111111111111111111111111111111
1111111111111111111111111111111111111111111111111111111111111111
1111111111111111111111111111111101111111111111111111111111111111
1111111111111111111110111111111111111111111111111111111111111111
1111111111111111111110110001011110111111111111111111111111111111
1111111111111111111111011100011110001101111111111111111111111111
1111111111111111111111111111111111111111111111111111111111111111
1111111111111111111101011011111111110111111111111111111111111111
1111111111111111111111001111111111101111111111111111111111111111
1111111111111111111111111011111111111110111111111111111111111111
1111111111111111111110011101001101110101111111111111111111111111
1111111111111111111111111111010111111110111111111111111111111111
1111111111111111111111111110111101110010011111111111111111111111
1111111111111111111111111110011011111111011111111111111111111111
1111111111111111111111111111111001011111111111111111111111111111
1111111111111111111111111111100101111111111111111111111111111111
1111111111111111111111111111110111110111111111111111111111111111
1111111111111111111111111111011001101110111111111111111111111111
1111111111111111111111111111111010001111111111111111111111111111
1111111111111111111111111111011011011111111111111111111111111111
1111111111111111111111111111000000011111111111111111111111111111
1111111111111111111111111111101000111111111111111111111111111111
