1111111111111111111111111110111111111111111111111111111111111111
1111111111111111111111111111111111111111111111111111111111111111
1111111111111111111111111111111101111111111111111111111111111111
1111111111111111111111111111111111111111111111111111111111111111
1111111111111111111101111111111101111111111111111111111111111111
1111111111111111111110110010111100101111111111111111111111111111
1111111111111111111110111100111111101110111111111111111111111111
1111111111111111110111111111111111111101111111111111111111111111
1111111111111111111110110111111111110011111111111111111111111111
1111111111111111111110111111111111110111111111111111111111111111
1111111111111111111111111111111110111111101011111111111111111111
1111111111111111111101111011101101110010101111111111111111111111
1111111111111111111111111111010111111111011111111111111111111111
1111111111111111111111110111111010111001101111111111111111111111
1111111111111111111111111001111011111111100111111111111111111111
1111111111111111111111111111111001001111000111111111111111111111
1111111111111111111111111111111101011111111111111111111111111111
1111111111111111111111111101100110111011111111111111111111111111
1111111111111111111111111111111111110011111111111111111111111111
1111111111111111111111111111011100011111011111111111111111111111
1111111111111111111111111111011101000011111111111111111111111111
1111111111111111111111111111111101001111111111111111111111111111
1111111111111111111111111111011011100111111111111111111111111111
1111111111111111111111111111001100011111111111111111111111111111
