1111111111111111101001111101110001111111111111111111111111111111
1111111111111101111111101111111110111110111111111111111111111111
1111111110111111110111101111111110110011110111111111111111111111
1111111110111001111011111111111111111101111111111111111111111111
1111111111111001111011111111111111111101111111111111111111111111
1111111111111111110111111111111100111001111111011111111111111111
1111111111111111011111111111111111111111111111000111111111111111
1111111111111111111111011111111111111111110001111111111111111111
1111111111111100111111001101011111111111000010011111111111111111
1111111111111111011111111100101111111111111110111111111111111111
1111111111111111111100111111110011011111101111111111111111111111
1111111111111101111100111111111011011111111110100111111111111111
1111111111111111111111111111010011110011111111111111111111111111
1111111111111111111111111111111110010011111111111111111111111111
1111111111111111111111001111011110001111111111111111111111111111
1111111111111111111111111111110111101111010011111111111111111111
1111111111111111111111111011100000111111011111011111111111111111
1111111111111111111111111111101101111101111111011111111111111111
1111111111111111111111111110111111101101111111111111111111111111
1111111111111111111111111111011111100111100101111111111111111111
1111111111111111111111111111111011101110011111111111111111111111
1111111111111111111111111111111011101110011111111111111111111111
1111111111111111111111111110011111111111111110111111111111111111
1111111111111111111111111111001111110111100011111111111111111111
