1111111111110111110111011111111110111101111111111111111111111111
1111111011111111111111011111111110110001111011111111111111111111
1111111011000111110111111111111111111101111111111111111111111111
1111111111100111010111111111111101101001111111111111111111111111
1111111111111111011111111111111101111001111111101011111111111111
1111111111111111111111111111111111111111111111100111111111111111
1111111111111110111111111111111111111111111000111111111111111111
1111111111110111111110011110111011111111101011001111111111111111
1111111111110010111111111101101111111110111111011111111111111111
1111111111111111111111111100100111001111110111111111111111111111
1111111111111111111001111111111101011111111111010001111111111111
1111111111111011111111111111100111111111111111011111111111111111
1111111111111111111111111111111111111001111111111111111111111111
1111111111111111111111111111111111001111111111111111111111111111
1111111111111111111111011111101011100111111001111111111111111111
1111111111111111111111111111110011111111101101110111111111111111
1111111111111111111111111011110100111111111111100111111111111111
1111111111111111111111111111101111111110111111111111111111111111
1111111111111111111111111110111110110011111011111111111111111111
1111111111111111111111111111101111110011100001001111111111111111
1111111111111111111111111111111111110111100111111111111111111111
1111111111111111111111111111111100110011100111111111111111111111
1111111111111111111111111111011111111111111111100111111111111111
1111111111111111111111111111111111111001111100011111111111111111
