1111111111011111111100111111111111111001111011111111111111111111
1111001100111111111111111111111111110101111111111111111111111111
1111111100011111001111111111111001101001111111111111111111111111
1111111111111001111111111111111001111011111111100001111111111111
1111111111111111111111111111111111111111111111110011111111111111
1111111111111101111111111111111111111111111010011111111111111111
1111111111111111111100111100111011111111100111101111111111111111
1111111111001111111100111001011111111111011111101111111111111111
1111111111101100111111111101001111101111111011111100111111111111
1111111111111111110111111101111111001111111111001000111111111111
1111111111111111110111111111110101111111111111111111111111111111
1111111111110111111111111111100111111000111111111111111111111111
1111111111111111111111111111111111001111111111111111111111111111
1111111111111111111111111111111111000111111110011111111111111111
1111111111111111111111111111111001110011110010111011111111111111
1111111111111111111111111011110001011111110111111011111111111111
1111111111111111111111111011110110011111001111111111111111111111
1111111111111111111111111111101111111011111111111111111111111111
1111111111111111111111111111011111011001111100011011111111111111
1111111111111111111111111111110111111101110001011011111111111111
1111111111111111111111111111111111111101110011111111111111111111
1111111111111111111111111111111111001101111101111110111111111111
1111111111111111111111111111101111111111111111110010111111111111
1111111111111111111111111111101111111111011111000011111111111111
