1111111111111111111111111111111111100011111111111111111111111111
1001100011111110011111111111110011010001111111100101111111111111
1111110011110110111111111111110001111111111111111001111111111111
1111111111100111111111111111111111111111111111011011111111111111
1111111111111111111111111111111111111111100011010111111111111111
1111111111110011111111111111111011111111100111100111111111111111
1111111111111111111001111001111111111111011111111111111111111111
1111111100111111111111111011011111111111111001111110011111111111
1111111111111101111111111101111111001111111101100110111111111111
1111111111111111001111111111111101111111111111101111111111111111
1111111111111111101111111111100111111100011111111111111111111111
1111111111101111111111111111110011111100111111111111111111111111
1111111111111111111111111111111111100111111111001111111111111111
1111111111111111111110111111111110110011111001001101111111111111
1111111111111111111111111111110001111111111011111101111111111111
1111111111111111111111111011110000001111100111111111111111111111
1111111111111111111111111011101111011111101111111111111111111111
1111111111111111111111111111101111111100111111011111111111111111
1111111111111111111111111111001111101110011100010010011111111111
1111111111111111111111111111111001111110011000011111111111111111
1111111111111111111111111111111111111111011111011111111111111111
1111111111111111111111111111111111110011011111011111110011111111
1111111111111111111111111111110111111111111111111111011111111111
1111111111111111111111111111110111111111110011111001111111111111
