1111111111111111111111111111100110110011111111110101111111111111
1100001111111010111111111111110111111111111111111001111111111111
1111111110011111111111111111111111111111111011001111111111111111
1111111111111101111111111111111111111111101011010111111111111111
1111111111111111111111111111111111111111100111110111111111111111
1111111111100111111111111011110111111111011111111111111111111111
1111111111111111110011110010111111111111111100111111001111111111
1111110011111111111111111110111111101111111110110111111111111111
1111111111111000111111111101111111101111111111111111111111111111
1111111111111100001111111111101101111100001111111111111111111111
1111111111111111111111111111111111111100011111111111111111111111
1111111111011111111111111111111101100111111111100111111111111111
1111111111111111111111111111111111100011111000000110111111111111
1111111111111111111110111111111011011101111000111111111111111111
1111111111111111111111111111111000111111110011111111111111111111
1111111111111111111111111101111001000111110011111111111111111111
1111111111111111111111111101110111111111111111111111111111111111
1111111111111111111111111111111111110111001111110100110011111111
1111111111111111111111111111101111111111101110000111110111111111
1111111111111111111111111111111100111111101111110111111111111111
1111111111111111111111111111111111111111100111110011111111011111
1111111111111111111111111111111111111110111111111111111000011111
1111111111111111111111111111111111111111111111111111111011111111
1111111111111111111111111111111001111111111110111111001111111111
