1001111111111111111111111111110111111111110111000111111111111111
0011111110011101111111111111111111111110010011100111111111111111
0011101111111111111111111111111111111111110011111111111011111111
1111111111111011111111111111111111111111111111111111100011111111
1111111111111111111111111111001111111111011111001111101111111111
1111111110111111001111100001111111111111111111110011111111111111
1111111110111111001111101101111111101111111111111111111111111111
1111111111111111111111111011111111101111111111111111111111111111
1110011111100011111111111111011101111110000111111001111111111111
1111111111100010111111111111111111111111111111111001011111111111
1111111111111110111111111111111111000101111101100111011111111111
1111111111111111111111111111111111111001011100100111111111111111
1111111110111111111111111111111111111011011111111111111111111111
1111111110111111111110111111111110010011111100111111111111111111
1111111111111111111111111111111000000100111111111111111111111111
1111111111111111111111111110111111111111111111111110011011110111
1111111111111111111111111110111011111111110011110010011111100111
1111111111111111111111111111111111111111111100110010011111111111
1111111111111111111111111111111001111111111110011111101111111111
1111111111111111111111111111111111110011111110011111101111111111
1111111111111111111111111111111111111111111110111111111111111100
1111111111111111111111111111111111111111111100111111111111111111
1111111111111111111111111111111111111111111111111111111111110011
1111111111111111111111111111111111001111111111111010111111110111
