1110101111111111111111111111011111111111110111111111000011111111
1111111111111111111111111111111111111111111111111111101111111111
1111110111111111111111111111111111111110111111100111111111111111
1001111111111111111111111111111111111111111111110111111111111111
1011111111110111111100111110111111111111111111111111111111111111
1111111111111111111100011011111111001111111111111111111111111111
1111111011111100111111011011111111001111110011110001111111111111
1111111011111101111111111100111111111110011111111000011111111111
1111111111111111111111111100111111111111111111111011111111111111
0011111100111101111111111111111111100101111100111001111111111111
0111111100111001111111111111111111111001101111111111111111111111
1111111111111111111111111111111111111111101110011111111111111111
1111111111111111111111111111111111101110111111111111111111111111
1111111111111111111110111111111101100011101111111111110111001111
1111111110111111111110111111111101010111101111111110110011111111
1111111111111111111111111111001101111111111110111100111000111111
1111111111111111111111111111001101111110011111100011111101011111
1111111111111111111111111111111111111111111111111001111110011111
1111111111111111111111111111111111001111111111111011111111111111
1111111111111111111111111111111111101110001111111011111111111111
1111111111111111111111111111111111111111111111111101111111111111
1111111111111111111111111111111111111111111111111101111111111111
1111111111111111111111111111111111111111111111111111101111011111
1111111111111111111111111111111111111100111111111111100111110011
