1111111111111111111111111111111111111111111101111111111111111111
1110111111111111111111101111111111111011111111111111111111111111
1111111111111111111111111111111111111111111011111111111111111111
1001111111111111111111111111111111111111111000111011111111111111
0011111111111111111111111111111111111111111000111011111111111111
0111111111111111111111011111111100011110111111111101111111111111
1111111111110001111111111111111111111110111111111101111111111111
1001111111110011001100101111111111111111110011111111111111111111
1111111111111011111100110011111011111111111110011111111111111111
1111111111100111111111110001111110110111110110011111111111111111
1111101111101111111111111111111110111110111111111111111110011111
1111001111111111111111111111111111111111111001111111111110010011
1111111111111111101111111111111111111111111000111111100111110000
1111111111100111101111111111111111111001011110011111101111111111
1111100111100111111111111111111111010001111111111011100100111111
1111111111111111111111111011111111011011111111111111111100111111
1111111111111111111111111011111111011111111111111111111110111111
1111111111111111111111111111111100111111111111111111111110111111
1111111111101111111111111111111111111111111111110011111111111101
1111111111100111111111111111111111111111110111110011111111111001
1111111111111111111111111111111111111111111111111111111111111111
1111111111111111111111111111111111111111111111111111111111111011
1111111111111111111111111111111111111111111111111111111111111111
1111111111111111111111111111111111111111111111111111111111111111
