1111111111111111111001111111111111111110011111111111111111111111
1111011001111111111111111111111111111111111111111111111111111111
1111001001111110111111111111111111001111111111111111111111111111
1111111111111111111001111111111111000001111111001111111111111111
1111111111111111111111111111111111000001111011111011111111111111
1111111111111111111111111111111111111111111111111111111111111111
0111111111111111111111111111110010001001111111111111111111111111
0011111111111111111111111111110110011111001111111111111111111111
0001111111111111011001111111111111111111011000111011111111111111
1111111111111111111111001111111111111111111000111111111111001110
1111111001111100111000101111111111011110110011111111111111011100
1111111001111100111101100111110011111111111111011111100111111111
0111111111111111111111100111110111111111111111001111100111111111
1111111111011111111111111111111111111111111111110111111110110011
1111111111011111111111111111111111111110111001111110111110110011
1111100111111111111100111111111111111000111111111111111111111100
1111100111111111111110111111111111101100111110111111111111111110
1111111111111111111111111111111111111111111111111111111111111111
1111111111001111111111111111001111110011111111111111111011111111
1111001111111111111111111111111111001111111111111111111001111111
1111101111111111111111111111111111111111111111111111111111111111
1111111111111111111111111111111111111111111111111111111111111111
1111111111111111111111111111111111111111111111111111111111111111
1111111111111110111111111111111111111111111111111111111111111111
