1111111111111111110111101111111111111101111111111111111111111111
1111111111111111000111111111111111111111111111111111111111111111
1111111111111111111111111111111110011111111111111111111111111111
1100100111111101111111111111111111011111111111011111111111111111
1110101111111111110011111111111000001111110011110011111111111111
1111111111111111110111111111111000011111111111111111111111111111
1111111111111111111111111111111111110011111111111111111111111111
1111111111111111111111111111100100010010111111111111111111111111
1111111111111111111111111111111111111110011011111101111111111111
0011111111111111011011111111111111111111111001111111111111001110
0011111111111111111111001111111111111111110011111111111111011110
1111111111111001110000111111111110111110111111111111100111111111
1111100011111001011001000111100111111111111111100111100111111111
1111100111111111111111000111111111111111111111111011111111011001
0111111111111111111111111111111111111110111100111110011111011000
1111111111011111111111111111111111111110011111111110011111111111
1111111111011111111111001111111111111100011111111111111111111111
1111100111111111111111011111111111100110011111011111111111111111
1111100111111111111111111111111111111111111111111111111111111111
1111111111101111111111111111100111111011111111111111111110011111
1111111111001111111111111111111111100111111111111111111111111111
1111100111111111111111111111111111111111111111111110111111111111
1111101111111111111111111111111111111111111111111111111111111111
1111111111111111111111111111111111111111111111111111111111111111
