1111111011111111111011111111111111111111111111111111111111111111
1111111011111111111111011111111111110111111111111111111111111111
1111111111111100011111111111111111111111111111111111111111111111
1111111111111100111111111111111100111111111110111111111111111111
1110111111110011111111111111111111111111110011110111111111111111
1000111111110011101111111111000001111111111111111111111111111111
1101111111111111101111111111000011111111111111111111111111111111
1111111111111111111111111111111110010111111111111111111111111111
1111111111111111111111111111001100111101111111111110111111111111
1111111111111111111111111111111111111101110001111111111111001110
0111111111111111101111111111111111111111110001111111111111011110
0011111111111111100111001111111111111111111111111111111111111111
1111111111111111110001001111111001111110111111100011100111111111
1111111111110001110001001111101111111111111111111001101111111100
1111001111111011111111000111101111111111111110011111011111001000
1110001111111111111111111111111111111110111110011111001111111111
1111111111111111111111111111111111111110011111111111111111111111
1111111110011111111111100111111111111100001111001111111111111111
1111111111011111111111100111111111110111011111111111111111111111
1111100111111111111111111111111111110111111111111111111111100111
1111100111111111111111111111111001111101111111111111111111100111
1111111111011111111111111111111111110111111111111111111111111111
1111111111001111111111111111111111110111111111111111111111111111
1111101111111111111111111111111111111111111111111111111111111111
