1111111111111111111111111111111111111111111111111111111111111111
1111111111111111111111111111111111111111111111111111111111111111
1111111111111111111111111111111111111111111111111111111111111111
1111111111111111111111111111111111111111111111111111111111111111
1111111111111111111111111111111111111111111111111111111111111111
1111111111111111111111111110000100000001111111111111111111111111
1111111111111111111111111110000000000000111111111111111111111111
1111111111111111111111111111100000000000111111111111111111111111
1111111111111111111111111111110000000000000111111111111111111111
1111111111111111111111111111110000000000000111111111111111111111
1111111111111111111111111111111100000000001111111111111111111111
1111111111111111111111111111111100000000000000011111111111111111
1111111111111100000000011111110000000000000000000000000011111111
1111111111111100000000000000000000000000000000000000000000111111
1111111111111111110110000011100000000000000000000000000000011111
1111111111111111111111111011111111111000011110000000000000111111
1111111111111111111111111111111111111101011111111111100111111111
1111111111111111111111111111111111111111111111111111111111111111
1111111111111111111111111111111111111111111111111111111111111111
1111111111111111111111111111111111111111111111111111111111111111
1111111111111111111111111111111111111111111111111111111111111111
1111111111111111111111111111111111111111111111111111111111111111
1111111111111111111111111111111111111111111111111111111111111111
1111111111111111111111111111111111111111111111111111111111111111
