1111111110111111111111111111111111111111111111111111111111111111
1111111111111111100111111111111111101111111111111111111111111111
1111101111111111111110111111111111111111111111111111111111111111
1111111111100011111111111111111101111111111110111111111111111111
1111111111100011111111111111111001111111110111101111111111111111
1111111111111111111111111111111111111111111111111111111111111111
1011111111101111111111111100001111111111111111111111111111111111
0011111111111110011111111000001111101111111111111111111111111111
1111111111111111111111111111111000101111111111111110111111111111
1111111111111111111111111110011001110011101111111111111111101110
1111111111111111111111111110111111111011100011111111111111001110
1111111111111111101111111111111111111111110111111111111111111111
0111111111111111101111001111111111111111111111110011101111111111
0111111111111111110011001111111011111101111111110001101111111111
1111111111110011100001111111111011111111111111111100111111100100
1111111111110011101110000111011111111111111111001111001111110111
1100111111111111111110000111111111111110111111111111001111111111
1000111111111111111111111111111111111110011111111111111111111111
1101111111111111111111110011111111111100001111101111111111111111
1111111110111111111111111011111111110111001111111111111111111001
1111111110111111111111111111111111110111111111111111111111111001
1111100111111111111111111111111100111100111111111111111111111111
1111100111111111111111111111111111110011111111111111111101111111
1111111111111111111111111111111111110011111111111111111111111111
