1111111111111110001000111111111111111111111111111111111111111111
1111111111111110011001100000111111111111111111111111111111111111
1111111111111111111111111001111111111111111111111111111111111111
1001111111111111111111111111111111111111110011111111111111111111
1111111111111111111111111111101111111111011111111111111111111111
1111111111001111101111111111111111111111001111111111111111111111
1111111111001111101111111111001111111111111001111111111111111111
1111111111111111111111111111001111111111111111111111111111111111
1100011111111111111111111111111111111111111111111111011111111111
1100111111111111111111111111111111111111111111111111111111111111
1111111111111111111111111111111111111111111111111111111111111110
1011110111111100000111111111101001111111111111111111111110011110
1111111111100000001111111111001111110011111111111111111100111111
0111111111100001111111001111011001110001111111111111111111111111
1111111111111111111111001111111111111011011111111100111111111111
1111111111111111001111111111111111111111011111111100011111111111
1111111111111111001100111111111111110111111111111100111111111001
1111111111111111111000111111111111110111111111111100111111111001
1111111111111000011111111100111111111111111111100011100111111111
1111111111111000011111111000111111111111111111111111000111111111
1111111111111110111110000111111111111111111111111111111111111111
1111111000111000011110000111111111111110111111110111111111111111
1111111001111000111111111110011111111100000111110111111111111111
1111111111111111111111111110111111111001000111111111111111111111
