1111111111111111111111111111111111111111111111111111111111111111
1111111111111111111111111111111111111111111111111111111111111111
1111111111111111111111111111111111111111111111111111111111111111
1111111111111111111111111111111111111111111111111111111111111111
1111111111111111111111111111111111111111111111111111111111111111
1111111111111111111111111111000100000001111111111111111111111111
1111111111111111111111111110000000000000111111111111111111111111
1111111111111111111111111111100000000000111111111111111111111111
1111111111111111111111111111110000000000001111111111111111111111
1111111111111111111111111111110000000000001111111111111111111111
1111111111111111111111111111111100000000011111111111111111111111
1111111111111111111111111111111000000000000000111100111111111111
1111111111111100000000000000000000000000000000000000000111111111
1111111111111110000000000000000000000000000000000000000001111111
1111111111111111111111000011111000000000000000000000000000111111
1111111111111111111111111111111111111000011111100000000001111111
1111111111111111111111111111111111111111111111111111111111111111
1111111111111111111111111111111111111111111111111111111111111111
1111111111111111111111111111111111111111111111111111111111111111
1111111111111111111111111111111111111111111111111111111111111111
1111111111111111111111111111111111111111111111111111111111111111
1111111111111111111111111111111111111111111111111111111111111111
1111111111111111111111111111111111111111111111111111111111111111
1111111111111111111111111111111111111111111111111111111111111111
