1111111111111111111111111111111111111111111111111111111111111111
1111111111111011111111111111111111111111111111111111111111111111
1111111111111011111111111101111111111111111111111111111111111111
1111111111111111111111111001111111111111111100011111111111111111
1111111111111111111111111111111111111111111111111111111111111111
1111111111111111111111111100111111111111111111111111111111111111
1001111111111111111111111100111111111111111111111111111111111111
1001111111111111111111111111111111111111111111111111111111111111
1111111111111111111111111111111111111111111111111111100111111111
1111111111111111111111111111111111111111111111111111111111111111
1111111111111111111111111111111111111111111111111111111111111111
1111111111111111111111111111011111111111111111111111111111111111
1111111111111111111111110001111111100111111111111111111111111000
1111111111111111111111110010111111001111111111111111111110001001
1111101111111111111111111111011111001111111111111111111110011111
1111111111111111111111100110011111111111111111111111111111111111
1111111111111100111110001110111111111101111111111111111110011111
1111111111111110111111111111111111111111111111111111111100011111
1111111111111111111111111111111111111111111111111111111100111111
1111111111111111111011111110111100111111111111111100001111111111
1111111111111111111011111111111111101111111111111000011111111111
1111110110001111111111111111111111001111111111111111110001111111
1111111100001111111100011111111111111111111111111111110000111111
1111111111111111110111111111111111111111111111111111111111111111
