1111111111111111111111111111111111111111111111111111111111111111
1111111111111111111111111111111111111111111111111111111111111111
1111111111111011111111111110011111111111111111111011111111111111
1111111111111111111111111110111111111111111111100011111111111111
1111111111111111111111111111111111111111111111111111111111111111
1111111111111101111111111111001111111111111111111111111111111111
1101111111111111111111111111001111111111111111111111111111111111
1100111111111111111111111111111111111111111111111111111111111111
1111111111111111111111111111111111111111111111111111111111111111
1111111111111111111111111111111111111111111111111111110011111111
1111111111111111111111111111111111111111111111111111111111111111
1111111111111111111111111111110111111111111111111111111111111111
0111111111111111111111111100001111111111110111111111111111111100
0111110111111111111111111100011111111111000111111111111111111000
1111110011111111111111111111111101111110001111111111111111111111
1111111111111111111111110000111001111111011111111111111111111111
1111111111111111001111110111111011111111011111111111111111111111
1111111111111111001111111111111111111111001111111111111111111100
1111111111111111111111111111111111111111111111111111111111111100
1111111111111111111110111111011111011111111111111111110001111111
1111111111111111111111111111111111111100111111111111111111111111
1111111111111111111111111111111111111111111111111110001111111111
1111111011110000111111100111111111111111111111111111001100001111
1111111111110001111001100111111111111111111111111111111100001111
