1111111111110001111111111111111111111111111111111111111111111111
1111111111110101111111111111111111111111111111111111111111111111
1111111111111110111111111111110011111111111111111111111111111111
1111111111111111111111111111111111111111111111111111100111111111
1111111111111111111111111111111111111111111111111111111111111111
1111111111111111111111111111111000111111111111111111111111111111
1111101111111111111111111111111101111111111111111111111111111111
1111100111111111111111111111111111111111111111111111111111111111
1111111111111111111111111111111111111111111111111111111111111111
1111111111111111111111111111111111111111111111111111111111111111
0111111111111111111111111111111111111111111111111111111101111111
1111111111111111111111111111111110111111111111111111111101111111
1111111111111111111111111111110010111111111111111111111111111111
1101111110011111111111111111110001111111111111111111111111111111
0111111110011111111111111111111111011111111111111111000111111111
0111111111111111111111111111111110000100111111111100000111111111
1111111111111111111001111110111111111100111111111100011111111111
1111111111111111111110111111111111111111111110111111111111111111
1111111111111111111110111011111111111111111110111111111111001111
1111111111111111111111111111110111111111111100111111111111000111
1111111111111111111111111111111111110111111100111111111111111111
1111111111111111111111111111111111111111111111111111111111111111
1110000000111111111111111111111111111111111111111111110111111111
1000000000111111111100001111100111111111111111111111110001100000
