1111111111111111111111111111111111110011111111111111111111111111
1111111111111110100111111111111111111111111111111111111111111111
1111111111111111100011111111111111101111111111111111111111111111
1111111111111111111111111111111111101111111111111111111111001111
1111111111111111111111111111111111111111111111111111111111001111
1111111111111111111111111111111111100111111111111111111111111111
1111111111111111111111111111111111110111111111111111111111111111
1111111110011111111111111111111111111111111111111111111111111111
0000111111111111111111111111111111111111111111111111111111111111
0000011111111111111111111111111111111111111111111111111111111111
0000011111111111111111111111111111111111111111111111111111111111
0000111111111111111111111111111111111111111111111111111111111111
0001111111111111111111111111111111111011111111111111111110011111
0100011111111100111111111111111111000011111111111111111111111111
0000111111111111111111111111111111100011110001111111111111111111
0000111111111111111111101111111111111111111001001111111111111111
0011111111111111111111101111110011111111111110001111111111111110
0011111111111111111111111110101111111111111111111101111111111100
0011111111111111111111111110101111111111111111111001111111111100
0011111111111111111111111111111111111111111111111111111111111110
0011111111111111111111111111111111111101111111110011111111111111
0000011111111111111111111111111111111111111111110111111111111111
0100011111111111111111111101111111111111111111111111111111111111
0111111111111011111111111100111100111111111111111111111111111111
