1111111111111111111111111110011111111111111111111111111111111111
1111111111111111110111101111111111111111111111111111111111111111
1111111111111111111111111111111111111111111111111111111111111111
1111111111111111111111101111111111111110111111111111111111111111
1111111111111111111111111111111111111111111111111111111111111100
1111111111111111111111111111111111111110011111111111111111111111
1111111111111111111111111111111111111110011111111111111111111111
0000000011111001111111111111111111111111111111111111111111111111
0000000001111111111111111111111111111111111111111111111111111111
0000000000111111111111111111111111111111111111111111111111111111
0000000000111111111111111111111111111111111111111111111111111111
0000000001111111111111111111111111111111111111111111111111111111
0000000111111111110011111111111111111111111111111111111111111111
0000000011111111110111111111111111111010001111111111111111100011
0000000011111111111111111111111111111011000111111000011111111111
0000000111111111111111111110111111111111111111111111111111111111
0000001111111111111111111111111111001111111111111111001111111111
0000001111111111111111111111111100111111111111111111111111111111
0000001111111111111111111111111111111111111111111111100111111111
0000001111111111111111111111111111111111111111111111111111111111
0000001111111101111111111111111111111111111111111111111111111111
0000000111111000111111111111111111111110111111111101111111111111
0000001111111100111111111111100111111111111111111111111111111111
0000001111111111001111111111101111111111100011111111111111111111
