1111111111111111111110111111111011111111111111111111111111111111
1111111111111111111110111111111011111111111111110111111111111111
1111111111111111111111111111111111111111110111111111111111111111
1111111111111111111111111111111111111111111111111111111111111111
1111111111111111111111111111011111111111111111111111111111111111
1111111111111111111111111111111111111111110111111111111111111111
1100000000000111111111111111111111111111110111111111111111111111
0000000000000001101111111111111111111111111111111111111111111111
0000000000000001111111111111111111111111111111111111111111111111
0000000000000001111111111111111111111111111111111111111111111111
0000000000000001111111111111111111111111111111111111111111111111
0000000000000011111111111111111111111111111111111111111111111111
0000000000001111111110011111111111111111111111111111111111111111
0000000000000111111111111111111111111111101101111111111000111100
0000000000000111111111111111110011111110111100111111111100111111
0000000000111111111111111111111111111111111110111111111111111111
1110000000011111111111111111111111100101111111111111111111011111
0000000000011111111111111111111111111101111111111111111110111111
0000000000011111111111111111111111111111111111111111111100111111
0000000000001111111111110111111111111111111111111111111111111111
0000000000001111111111100011111111111111111111111111111111111111
0000000000011111111111111111111111111111001111111110111111111111
1111000100011111111111111111111001111111111111111100111111111111
1111100100111111111011111111111111111111111111111000111111111111
