1111111111111111111111001111110111111111111111111110011111111111
1111111111111111111111011111111110111111111111111111111111111111
1111111111111111111111111111111111111111111101111111111111111111
1111111111111111111111111111111111111111111111111111111111111111
1111111111111111111111111111110011111111111111111111111111111111
1111111000000011111111111111111111111111111011111111111111111111
1110000000000000011111111111111111111111111011111111111111111111
1000000000000000000011111111111111111111111111111111111111111111
0000000000000000000111111111111111111111111111111111111111111111
0000000000000000000111111111111111111111111111111111111111111111
0000000000000000001111111111111111111111111111111111111111111111
0000000000000000011111111111111111111111111111111111111111111111
0000000000000000111111100111111111111111111111111111111111100111
0000000000000000111111111111111110111111101111011111111111100011
0000000000000000111111111111111110111111111111001111111111111111
1100000000000111111111111111111111111011111111111111111111111111
1110100000000011111111111111111111110010001111111111111111110011
1110000000000011111111111111111111111111001111111111111111011111
0000000000000011111111111111111111111111111111111111111110011111
0000000000000110111111111111100011111111111111111111111111111111
0000000000000000011111111111110111111111111111111111111111111111
0000000000000001111111111111111111111111001111111111011111111111
1111000000000111111111111111111101111111111111111111010011111111
1111111100100111111100111111111111111111111111111111110011111111
