1111111111111111111111101111111111111111111111111111101111111111
1111111111111111111111101111111111111111111111111111111111111111
1111111111111111111111111111111111111111111110111111111111111111
1111111111111111111111111111111111111111111111111111111111111111
1111111111111111111111111111111100111111111111111111111111111111
1111111000000000011111111111111111111111111011111111111111111111
1111000000000000000111111111111111111111111011111111111111111111
1100000000000000000001111111111111111111111111111111111111111111
0000000000000000000011111111111111111111111111111111111111111111
0000000000000000000011111111111111111111111111111111111111111111
0000000000000000000011111111111111111111111111111111111111111111
0000000000000000000111111111111111111111111111111111111111111111
0000000000000000011111110111111111111111111111111111111111111001
0000000000000000011111111111111111011111101111001111111111111001
1000000000000000011111111111111111111111101111001111111111111111
1110001000000011111111111111111111111011111111111111111111111111
1110110000000001111111111111111111111011100111111111111111111101
1111000000000001111111111111111111111111100111111111111111011111
0000000000000001111111111111111001111111111111111111111111011111
0000000000000001111111111111111000111111111111111111111111111111
0000000000000011001111111111111111111111111111111111111111111111
0000000000000000011111111111111111111111001111111111101111111111
1001100000000001111111111111111101111111111111111111001100111111
1111111110010001111110111111111111111111111111111111111111111111
