1111111111111111111111100111111111111111111111111111111111111111
1111111111111111111111111111111111111111111110011111111111111111
1111111111111111111111111111111111111111111111111111111111111111
1111111111111111111111111111111111111111111111111111111111111111
1111111111111111111111111111111110011111111111111111111111111111
1111111000000000000111110111111111111111111001111111111111111111
1111000000000000000001111111111111111111111001111111111111111111
1100000000000000000000111111111111111111111111111111111111111111
1000000000000000000000111111111111111111111111111111111111111111
0000000000000000000001111111111111111111111111111111111111111111
0000000000000000000001111111111111111111111111111111111111111111
0000000000000000000011111111111111111111111111111111111111111100
0000000000000000000111110011111111111111111111111111111111111100
1000000000000000001111111111111111001111101111100111111111111111
1100000000000000011111111111111111111111101111100111111111111111
1111000100000001111111111111111111111001111111111111111111111110
1110011000000000111111111111111111111111110011111111111111111110
1111100000000000111111111111111111111111111111111111111111101111
1000000000000000111111111111111110001111111111111111111111011111
0000000000000000111111111111111111001111111111111111111111111111
0000000000000000100011111111111111111111111111111111111111111111
0000000000000000100111111111111111111111001111111111100111011111
0000000000000000111111111111111101111111111111111111101111011111
1111111111001000111110111111111111111111111111111111111111111111
