1111111111111111111111110011111111111111111111110111111111111111
1111111111111111111111111111111111011111111111111111111111111111
1111111111111111111111111111111111111100011111111111111111111111
1111111111111111111111111111111111111111111111111111111111111111
1111111111000000000000011011111111111111111111111111111111111111
1111111000000000000000000111111111111111111101111111111111111111
1111100000000000000000000011111111111111111111111111111111111111
1111000000000000000000000011111111111111111111111111111111111111
1110000000000000000000000011111111111111111111111111111111111111
1110000000000000000000000011111111111111111111111111111111111111
1100000000000000000000000111111111111111111111111111111111111111
1110000000000000000000001110011111111111111111111111111111111111
1110000000000000000000111111111111110111111111111111111111111111
1111000000000000000001111111111111111111101111111001111111111111
1111110000000000000011111111111111111110111111111011111111111111
1111111111100000000111111111111111111110111111111111111111111111
1111011110000000000111111111111111111111111111011111111111111111
1111111000000000000111111111111111111111111111111111111111100111
0110000000000000000111111111111111111110011111111111111111111111
0000000000000000000111111111111111110111111111111111111111111111
0000000000000000000111111111111111111111111111111111111110011110
1000000000000000000100111111111111111111001111111111111111111110
1100000000000000000000111111111101111111011111111111111111111111
1111111111100000000101011111111111111111111111111111111111110111
