1111111111111111111111111110111111111111111111000111111111111111
1111111111111111111111111111111111100111111111111111111111111111
1111111111111111111111111111111111111111111111111111111111111111
1111111111111000000000000011101111111111111111111111111111111111
1111111111000000000000000000001111111111111111111111111111111111
1111111100000000000000000000001111111111111111011111111111111111
1111110000000000000000000000001111111111111111111111111111111111
1111110000000000000000000000001111111111111111111111111111111111
1111100000000000000000000000001111111111111111111111111111111111
1111100000000000000000000000011111111111111111111111111111111111
1111100000000000000000000000111100111111111111111111111111111111
1111100000000000000000000011111111111111111111111111111111111111
1111110000000000000000001111111111111111111111111111111111111111
1111111100000000000000001111111111111111111111111110001111111111
1111111111111000000000111111111111111111100111111111111111111111
1111111111111000000001111111111111111111100111111111011111111111
1111111111110000000000111111111111111111111101111110011111111111
1111101111000000000000111111111111111111111111111111111111111101
1111111000000000000000111111111111111111111111111111111111111101
1001000000000000000000111111111111111011111011111111111111111111
1000000000000000000000111111111111111011111111111111111111111111
1100000000000000000000011111111111111111111111111111111111111111
1110000000000000000000011111111111111111100111111111111111111111
1111100000000000000000010111111111111111100111111111111111111111
