1111111111111111111111111111001111111101111111111111100111111111
1111111111111111111111111111111111110011111111111111111111111111
1111111111111111100000000111111111110111111111111111111111111111
1111111111110000000000000000011011111111111111111111111111111111
1111111111000000000000000000000111111111111111111111111111111111
1111111100000000000000000000000011111111111111111111111111111111
1111111000000000000000000000000011111111111111111111111111111111
1111110000000000000000000000000011111111111111111111111111111111
1111110000000000000000000000000111111111111111111111111111111111
1111110000000000000000000000001111111111111111111111111111111111
1111110000000000000000000000011111101111111111111111111111111111
1111110000000000000000000001111111111111111111111111111111111111
1111111100000000000000000111111111111111111111111111111111111111
1111111111110000000000000111111111111111111111111111100011111111
0111111111111000000001011111111111111111111011111111110111111111
1111111111111000000000111111111111111111111011111111111101111111
1111111111110000000000111111111111111111111111011111111111111111
1111110111000000000000011111111111111111111111011111111111111111
1111111110000000000000011111111111111111111111111111111111111111
1110110000000000000000011111111111111111111111111111111111111111
1100000000000000000000011111111111111101111110111111111111111111
1110000000000000000000011111111111111111111111111111111111111111
1111000000000000000000011111111111111111111111111111111111111111
1111110000000000000000011001111111111111110011111111111111111111
