1111111111111111111111111111110011111110111111111111110011111111
1111111111111111111111111111111111111101111111111111110011111111
1111111111111110000000000000111111111001111111111111111111111111
1111111111110000000000000000000111011111111111111111111111111111
1111111111000000000000000000000001111111111111111111111111111111
1111111110000000000000000000000001111111111111111111111111111111
1111111100000000000000000000000000111111111111111111111111111111
1111111000000000000000000000000001111111111111111111111111111111
1111110000000000000000000000000011111111111111111111111111111111
1111110000000000000000000000000111111111111111111111111111111111
1111111000000000000000000000011111111111111111111111111111111111
1111111100000000000000000001111111111111111111111111111111111111
1111111111000000000000000001111111111111111111111111111111111111
1111111111111100000000000011111111111111111111111111111100011111
0011111111111100000000101111111111111111111111111111111101111011
0011111111111100000000011111111111111111111110111111111111110011
1111111111111000000000011111111111111111111111111111111111111111
1111111111100000000000011111111111111111110111110111111111111111
1111111110000000000000011111111111111111111111111111111111111111
1111111000000000000000011111111111111111111111111111111111111111
1111000000000000000000011111111111111111111111111111111111111111
1110000000000000000000011111111111111110011111100111111111111111
1111000000000000000000001111111111111111111111111111111111111111
1111100000000000000000001111111111111111111111111111111111111111
