1111111111111111111111111111111111111111011000000000000000000000
1111111111111111111111111111111111111110010000000000000000000000
1111111111111111111111111111111111111111100000000000000000000000
1111111111111111111111111111111111111111000000000000000000000000
1111111111111111111111111111111111111100000000000000000000000000
1111111111111111111111111111111111111000000000000000000000000000
1111111111111111111111111111111111111000000000000000000000000000
1111111111111111111111111111111111111000000000000000000000000000
1111111111111111111111111111111111111000000000000000000000000000
1111111111111111111111111111111111111111110000000000000000000000
1111111111111111111111111111111111111111100000000000000000000000
1111111111111111111111111111111111111111100000000000000000000000
1111111111111111111111111111111111111111111100000000000000000000
1111111111111111111111111111111111111111111111100000000000000000
1111111111111111111111111111111111111111111111111000000000000000
1111111111111111111111111111111111111111111111111110000000000000
1111111111111111111111111111111111111111111111111111000000000000
1111111111111111111111111111111111111111111111111111100000000000
1111111111111111111111111111111111111111111111111111100000000000
1111111111111111111111111111111111111111111111111111100000000000
1111111111111111111111111111111111111111111111111111000000000000
1111111111111111111111111111111111111111111111111111100000000000
1111111111111111111111111111111111111111111111111111111100000000
1111111111111111111111111111111111111111111111111111111111000000
