1111111111111111111111111111111111111111111111111111111111111111
1111111111111111111111111111111111111111111111111111111111111111
1111111111111111111111111111111111111111111111111111111111111111
1111111111111111111111111111111111111111111111111111111111111111
1111111111111111111111111111111111111111111111111111111111111111
1111111111111111111111111111000100000011111111111111111111111111
1111111111111111111111111111000000000001111111111111111111111111
1111111111111111111111111111110000000001111111111111111111111111
1111111111111111111111111111110000000000011111111111111111111111
1111111111111111111111111111111000000000011111111111111111111111
1111111111111111111111111111111100000000001111111111111111111111
1111111111111111000000011111111000000000000000000000111111111111
1111111111111111000000000000000000000000000000000000000111111111
1111111111111111111111100001111000000000000000000000000111111111
1111111111111111111111111111111111111000111110000000001111111111
1111111111111111111111111111111111111111111111111111111111111111
1111111111111111111111111111111111111111111111111111111111111111
1111111111111111111111111111111111111111111111111111111111111111
1111111111111111111111111111111111111111111111111111111111111111
1111111111111111111111111111111111111111111111111111111111111111
1111111111111111111111111111111111111111111111111111111111111111
1111111111111111111111111111111111111111111111111111111111111111
1111111111111111111111111111111111111111111111111111111111111111
1111111111111111111111111111111111111111111111111111111111111111
