1111111111111111111111111111111001111111111111111111111111111111
1111111111111111111110000111111101111111111111111111111100111111
1111111111111110000000000000000111111100111111111111111111111111
1111111111110000000000000000000001110111111111111111111111111111
1111111111000000000000000000000000111111111111111111111111111111
1111111110000000000000000000000000011111111111111111111111111111
1111111100000000000000000000000000011111111111111111111111111111
1111111100000000000000000000000000111111111111111111111111111111
1111111000000000000000000000000001111111111111111111111111111111
1111111000000000000000000000000011111111111111111111111111111111
1111111100000000000000000000011111111111111111111111111111111111
1111111110000000000000000001100111111111111111111111111111111111
1111111111111000000000000001111111111111111111111111111111111111
1111111111111100000000000001111111111111111111111111111111000111
1111111111111100000000001111111111111111111111111111111111001111
1100111111111100000000011111111111111111111111110111111111111111
1111111111111000000000001111111111111111011111111111111111111111
1111111111100000000000001111111111111111111111111111111111111111
1111111110000000000000001111111111111111110111111101111111111111
1111110000000000000000001111111111111111110111111111111111111111
1111000000000000000000001111111111111111111111111111111111111111
1110000000000000000000001111111111111111001111111111111111111111
1110000000000000000000001111111111111111101111111100111111111111
1111100000000000000000001111111111111111111111111111111111111111
