1111111111111111111111111111111100111111111111111111111111111111
1111111111111111111100000001111100111111111111111111111110011111
1111111111111110000000000000000011111110111111111111111111111111
1111111111110000000000000000000000111011111111111111111111111111
1111111111100000000000000000000000011111111111111111111111111111
1111111110000000000000000000000000001111111111111111111111111111
1111111100000000000000000000000000011111111111111111111111111111
1111111100000000000000000000000000011111111111111111111111111111
1111111000000000000000000000000001111111111111111111111111111111
1111111100000000000000000000000011111111111111111111111111111111
1111111100000000000000000000010011111111111111111111111111111111
1111111111000000000000000001110011111111111111111111111111111111
1111111111111000000000000001111111111111111111111111111111111111
1111111111111100000000000001111111111111111111111101111111110011
1111111111111100000000011111111111111111111111111111111111110011
1110011111111110000000011111111111111111111111111111111111111111
1111111111111000000000001111111111111111011111111111111111111111
1111111111100000000000001111111111111111111111111111111111111111
1111111110000000000000001111111111111111111111111100111111111111
1111110000000000000000001111111111111111110011111111111111111111
1111000000000000000000001111111111111111111111111111111111111111
1110000000000000000000001111111111111111111111111111111111111111
1110000000000000000000001111111111111111100111111111001111111111
1111000000000000000000001111111111111111111111111111001111111111
