1111111111111111111111111111111110111111111111111111111111111111
1111111111111111111000000000011110011111111111111111111111111111
1111111111111110000000000000000001111110010111111111111111101111
1111111111111000000000000000000000011100111111111111111111111111
1111111111100000000000000000000000001111111111111111111111111111
1111111111000000000000000000000000001111111111111111111111111111
1111111110000000000000000000000000001111111111111111111111111111
1111111100000000000000000000000000011111111111111111111111111111
1111111100000000000000000000000000111111111111111111111111111111
1111111100000000000000000000000011111111111111111111111111111111
1111111110000000000000000000011101111111111111111111111111111111
1111111111000000000000000001111000111111111111111111111111111111
1111111111111100000000000000111111111111111111111111111111111111
1111111111111110000000000000111111111111111111111110111111111001
1111111111111110000000010111111111111111111111111111111111111001
1111001111111110000000001111111111111111111111111111111111111111
1111111111111000000000001111111111111111101111111111111111111111
1111111111100000000000001111111111111111111111111111111111111111
1111111110000000000000001111111111111111111111111111111111111111
1111110000000000000000001111111111111111111111111110011111111111
1111000000000000000000001111111111111111110011111111111111111111
1110000000000000000000001111111111111111111111111111111111111111
1110000000000000000000001111111111111111110111111111110011111111
1111000000000000000000000111111111111111111111111111110011111111
