1111111111111111111111000001111111111111111111111111111111111111
1111111111100111000000000000000011111111111111111111111111111111
1111111111110000000000000000000001111111111110111111111111111111
1111111111100000000000000000000001111111111111111111111111111111
1111111110000000000000000000000111110011111111111111111111111111
1111111100000000000000000000001111111111111111111111111111111111
1111111000000000000000000000011111111111111111111111111111111111
1111111000000000000000000011111111111111111111111111111111111111
1111110000000000000000000111111111111111111111111111111111111111
1111110000000000000000000011111111111111111111111111111111111111
1111110000000000000000000001111111001111111111111111111111111111
1111111000000001110000000000010011011111111111111111111111111111
1111111110111111100000000000000011111111111111111111111011111111
0111111111111111100000000000000011111111111111111111111111111111
0011111111111111100000000000011111111111111111111111111111111111
1111111111111111100000000011111111111111111111111111111111111111
1111111111111110000000000001111111111111111111111111111111111111
1111111111110000000000000001111111111111111111111111111111111111
1111110000000000000000000001111111111111111111111111111111111110
1111100000000000000000000001111111111111111111111111111111111111
1111000000000000000000000001111111111111111111111011111111111111
1111000000000000000000000000011111111111111111111111111111111111
1111000000000000000000000000011111111001111111111111111111111111
1111111111100000000000000001100011111111111111111111110011111111
