1111111111111111111111000001111111111111111111111111111111111111
1111111111001111000000000000000011111111111111111111111111111111
1111111111100000000000000000000011111111111100111111111111111111
1111111111100000000000000000000011100111111111111111111111111111
1111111110000000000000000000001111100111111111111111111111111111
1111111100000000000000000000011111111111111111111111111111111111
1111111000000000000000000001111111111111111111111111111111111111
1111110000000000000000000011111111111111111111111111111111111111
1111110000000000000000001111111111111111111111111111111111111111
1111110000000000000000000111111111011111111111110111111111111111
1111110000000000000000000001111110011111111111111111111111111111
1111110000000011110000000000010011111111111111111111110111111111
1111111101111111100000000000000001111111111111111111111111111111
1111111111111111100000000000000011111111111111111111111111111111
1111111111111111100000000000011111111111111111111111111111111111
1111111111111111100000000001111111111111111111111111111111111111
1111111111111111000000000001111111111111111111111111111111111111
1111111111111000000000000001111111111111111111111111111111111001
1111111100000000000000000001111111111111111111111111111111111001
1111100000000000000000000001111111111111111111110111111111111111
1111000000000000000000000001111111111111111111111111111111111111
1111000000000000000000000000111111110111111111111111111111111111
1111000000000000000000000000011111110111111111111111110111111111
1111111001000000000000000000000111111111111111111111110111111111
