1111111111111111111110000011011111111111111111111111111111111111
1111111110111110000000000000000111111111110011111111111111111111
1111111110000000000000000000000000111111111011111111111111111111
1111111111000000000000000000001000111111111111111111111111111111
1111111100000000000000000001111111111111111111101111111111111111
1111111000000000000000000001101111111111111111111111111111111111
1111110000000000000000000001111111111111111111111111111111111111
1111110000000000000000000001111111111111111111111111111111111111
1111100000000000000000000111111100011111111110111111111111111111
1111100000000000000000000111111111111111111111111111111111111111
1111100000000000111000000011111111111111111111111100111111111111
1111100000011111110000000000110011111111111111111111111111111111
1111110011111111110000000000000001111111111111111111111111111111
1111011111111111100000000000000011111111111111111111111111111111
1111111111111111110000000000011111111111111111111111111111111111
1111111111111111110000000001111111111111111111111111111111111100
1111111111111111000000000000111111111111111111111111111111111111
1111111111111110000000000000111111111111111111111111111000111111
1111111111100000000000000000111111111111111111001111111111111111
1111111000000000000000000001111111111111111111111111111111111111
1111110000000000000000000000111111111111111111111111111111100100
1111100000000000000000000000111110011111111111111111011111110000
1111100000000000000000000000111111111111111111111111101111111111
1111101111100000000000000000111111111111111111111111111111111111
