1111111111111111111110000111111111111111111111111111111111111111
1111111101111110000000000000001111111111001111111111111111111111
1111111100000000000000000000001111111111111111111111111111111111
1111111111000000000000000000011111111111111111111111111111111111
1111111100000000000000000011111111111111111101111111111111111111
1111111000000000000000000000111111111111111111111111111111111111
1111110000000000000000000001111011111111111111111111111111111111
1111100000000000000000000001111001111111111111111111111111111111
1111100000000000000000000111111111111111111111111111111111111111
1111100000000001100000000111111111111111111111110011111111111111
1111100000000011111000000001111111111111111111111111111111111111
1111100000111111111000000000110011111111111111111111111111111111
1101110111111111110000000000000001111111111111111111111111111111
1111111111111111010000000000000001111111111111111111111111111111
1111111111111111110000000000011111111111111111111111111111000111
1111111111111111110000000001110111011111111111111111111111100111
1111111111111111100000000000111111111111111111111111111111111111
1111111111111100000000000000111111111111111100111001111111111111
1111111111100000000000000000111111111111111111111111111100001111
1111110000000000000000000000111111111111111111111111111110001111
1111100000000000000000000000110011111111111111111111111111111111
1110000000000000000000000000110011111111111111111111111111111111
1111000000000000000000000000011111111111111111111111111111111111
1111110111110000000000000000011111111111111111111111111111111111
