1111111111111111111111001111111111111110111111111111111111111111
1111111111111110000000000000001111111110111111111111111111111111
1111111100110000000000000000011111111111111111111111111111111111
1111111110000000000000000000111111111111101111111111111111111111
1111111100000000000000000111111111111111111111111111111111111111
1111111000000000000000000001101111111111111111111111111111111111
1111110000000000000000000000100111111111111111111111111111111111
1111100000000000000000000001111111111111111110111111111111111111
1111100000000000000000000111111111111111111110011111111111111111
1111100000000011110000000111111111111111111111111111111111111111
1111100000000111111100000001111111111111111111111111111111111111
1011100000111111111000000000111011111111111111111111111111111111
1111110011111001111000000000001001111111111111111111111111111111
1111111111111001110000000000000001111111111111111111110011111111
1111111111111111111000000000011111111111111111111111110001111111
1111111111111111111000000000111111111111111111111111111111111111
1111111111111111100000000000111111111111110011111111001011111111
1111111111111100000000000000111111111111110011111111100001111110
1111111100000000000000000000111111111111110011111111111111111111
1110110000000000000000000000111111111111111111111111111111111111
1100000000000000000000000000011111111111111111111111111111111111
1111000000000000000000000000011111111111111111111111111111111111
1110010000000000000000000000011111111111111111111111111111111111
1111011111110000000000000000011111111111111111111111111111111110
