1111111111111111111110000111111111111100111111111111111111111111
1111111111111111000000000000011111111101111111111111111111111111
1111111100110000000000000000011111111111111111111111111111111111
1111111110000000000000000001111111111111011111111111111111111111
1111111100000000000000000011111111111111111111111111111111111111
1111111000000000000000000001011111111111111111111111111111111111
1111110000000000000000000000111111111111111111111111111111111111
1111100000000000000000000001111111111111111001111111111111111111
1111100000000000000000000011111111111111111111111111111111111111
1111100000000011110000000011111111111111111111111111111111111100
1111100000000111111100000000111111111111111111111111111111111110
0111100000111111111100000000111011111111111011111111111111111111
1111110011110111111000000000000001111111111111111111111111111111
1111111111110111111000000000000001111111111111111111001111111111
1111111111111111111000000000011011111111111111111111001111111111
1111111111111111111000000000111111111111110111111111111111111111
1111111111111111100000000000111111111111100111111110000111111001
1111111111111100000000000000111111111111111111111111111111111101
1111111100000000000000000000011011111100111111111111111111111111
1100100000000000000000000000011111111111111111111111111111111111
1001000000000000000000000000011111111111111111111111111111111111
1111000000000000000000000000011111111111111111111111111111111111
1100110000000000000000000000011111111111111111111111111111111101
1111111111100000000000000000011111111111111111111111111111111000
