1111111111111111111111111111111111111111111111111111111111111111
1111111111111111111111111111111111111111111111111111111111111111
1111111111111111111111111111111111111111111111111111111111111111
1111111111111111111111111111111111111111111111111111111111111111
1111111111111111111111111111111111111111111111111111111111111111
1111111111111111111111111111100100000011111111111111111111111111
1111111111111111111111111111000000000011111111111111111111111111
1111111111111111111111111111110000000001111111111111111111111111
1111111111111111111111111111110000000000111111111111111111111111
1111111111111111111111111111111100000000111111111111111111111111
1111111111111111111111111111111000000000000010000111111111111111
1111111111111111110000000000000000000000000000000000111111111111
1111111111111111111100000000000000000000000000000000011111111111
1111111111111111111111111111111111110001110000000000011111111111
1111111111111111111111111111111111111111111111111111111111111111
1111111111111111111111111111111111111111111111111111111111111111
1111111111111111111111111111111111111111111111111111111111111111
1111111111111111111111111111111111111111111111111111111111111111
1111111111111111111111111111111111111111111111111111111111111111
1111111111111111111111111111111111111111111111111111111111111111
1111111111111111111111111111111111111111111111111111111111111111
1111111111111111111111111111111111111111111111111111111111111111
1111111111111111111111111111111111111111111111111111111111111111
1111111111111111111111111111111111111111111111111111111111111111
