1111111111111111111111111111001111111111111111111111111111111111
1111111111111111110000000000001111111111111111111111111111111111
1111110111111110000000000000001111111111111111111111111111111111
1111110110000000000000000000111111111111111111111111111111111111
1111111111100000000000000001111111111111111111111111111111111111
1111111110000000000000000000111111111111111111111111111111111111
1111111100000000000000000000011111111111111111110111111111111111
1111111100000000000000000000111111111111111000111111111111011111
1111111000000000000000000001111111111111111111111111111111111111
1111111000000000000100000001111101111011111111111111111111011111
1111111000000000111110000000011111111011111111111111111111011111
1111111000000001111110000000001100011111111111111111111111111111
1111111100000111111110000000000000001111111111111111111111111111
1111111110111111111000000000000000001111111111001111110111111111
1111011111111111101110000000000111111111111111111111111111111111
1111011111111111111110000000011111111111111111111111111111111111
1111111111111111111000000000011111111110111111111111111111111111
1111111111111111100000000000001111111111111111111111110011111111
1111111111110000000000000000001111111111111111111111100011111111
1111111100000000000000000000001111111111111111111111111111111111
0001111000000000000000000000001111111111111111111111111111111111
1111110000000000000000000000001111111111111111111111111111111111
1111111000000000000000000000000111111111111111111111111111111111
1111111111111000000000000000000111111111111111111111101111111111
