1111111111111111111111111100111111111111111111111111111111111111
1111001111111111111000000000001111111111111111111111111111111111
1111001111111110000000000000001111111111111111111111111111111111
1111111111001000000000000000111111111111111111111111111111111111
1111111111100000000000000000111111111111111111111111111111111111
1111111011000000000000000000111111111111111110111111111111111011
1111110010000000000000000000011111111111001111111111111111111011
1111111100000000000000000000111111111111001111111111101111111111
1111111100000000000000000001111111011111111111111111111111111111
1111111000000000000000000001101111011111111111111111110011111000
1111111000000000011111000000011111111111111111111111111111111111
1111111100000000111110000000000011011111111111111111111111111111
1111111100000111111110000000000000001110111011111111111111111111
1111111110011110011110000000000000001111111001111111111111111111
1001111111111110111110000000000011111111111111111111111111111111
1111011111111111111110000000011111111111111111111111111111111111
1111111111111111111100000000001111111111111111111111100111111111
1111111111111111110000000000001111111111111111111110111111111111
1111111110001110000000000000001111111111111111111111111111111111
0111111100000000000000000000001111111111111111111111111111111111
1111111100000000000000000000000111111111111111111111111111111111
1111111000000000000000000000000111111111111111111111111111111111
1111111000000000000000000000000111111111111111111110011111111111
1111111111111000000000000000000111111111111111111111111111111111
