1101111111111111111111111111111111110111111111111111111111111111
1101111111111111111000000000001111111111111111111111111111111111
1111111111111111000000000000001111111111111111111111111111111111
1111111111001100000000000000011111111111111111111111111111111111
1111111111110000000000000000111111111111111111111111111101111111
1111111111100000000000000000011111111111111111111111111111111111
0011111111000000000000000000011111000111111111111111111111110111
0111111110000000000000000000010111111111111111111111111111100111
1111111100000000000000000000110111111111111111111101111100100111
1111111100000000000000000000111111111111111111111101111100111111
1111111100000000001100000000001111111111111111111111111111111111
1111111100000000011000000000000111001110111111111111111111111111
1111111110000011111111000000000000000110111111011111111111111111
1011111111000011110110000000000000000111111111111111111111111111
1111111111111111111100000000000011111111111111111111111011111111
1000111111111111111111000000001111111111111111101100111111111111
0000111111111111111100000000001111111111111111101111111111111111
1111101111111111111000000000000111111111111111111111111111111111
1100000111111111000000000000000111111111111111111111111111111111
1100001111111000000000000000000111111111111111111111111111111111
1111111110000000000000000000000111111111111111111111111111111110
1111111100000000000000000000000111111111111111110011111111111111
1111111100000000000000000000000011111100111111111111111111111111
1111111111110000000000000000000011111110111111111111111111111111
