1011111111111111111111111111111110111111111111111111111111111111
1111111111111111111100000000001111111111111111111111111111111111
1111111111111111000000000000000111111110111111111111111111111111
1111111111001100000000000000011111111111111111111111111011111111
1111111111110000000000000000111111111111111111111111110011111111
1111111111100000000000000000011111111111111111111111111111111111
1111111111000000000000000000001100111111111111111111111111011100
1111111110000000000000000000011111111111111111111111111111001111
1111111110000000000000000000111111111111110111110111110011011111
1111111100000000000000000000111111111111111111110111110011111111
1111111100000000000011000000001111111111111111111111111111111111
1111111100000000011111000000000110001001111110111111111111111111
1111111110000001111111000000000000000111111110111111111111111110
0111111111000111101100000000000000000111111111111111111111111110
1111111111111111111001000000000001111111111111111001110111111111
0111111111111111111111000000001111111111111110111101111111111111
1111111111111111111100000000001111111111111111111111111111111111
1000011111111111111000000000000111111111111111111111111111111111
0000111111111111100000000000000111111111111111111111111111111111
1111111111111000000000000000000111111111111111111111111111111111
1110111111000000000000000000000111111111111111111111111111111001
1111111100000000000000000000000111111011111111101111111111111111
1111111100000000000000000000000011111011111111111111111111111111
1111111111110000000000000000000011111111111111111111111111111111
