1111111111111111111111111111111111111111111111111111111111111111
1111111111111111111100000000000111111111111111111111111111111111
1111111111110011100000000000000111111111111111111101111111111111
1111111111101110000000000000001111111111111111111101111111111111
1111111111100000000000000000011111111111111111111111111111111111
1111111111110000000000000000001111111111111111111111111011111111
1111111111100000000000000000001111111111111111111111111010111111
1111111111000000000000000000001111111111111111111110011111111111
1111111110000000000000000000111111111111111011111001111111111111
1111111110000000000000000000111111111111111011111111111111111111
1111111110000000000111100000000110111111101111111111111111111111
1111111110000000001111100000000011100111101111111111111111101111
1111111010000001101111000000000000000011111111111111111111101111
1111111011000111101111000000000000000011111111111101111111111111
1111111111111111111111000000000001111111111110111111111111111111
0111111111111111111111100000000111111111111111111111111111111111
1111111111111111111110000000000111111111111111111111111111111111
1111111111111111111000000000000111111111111111111111111111111111
1111111111111110100000000000000111111111111111111111111111111111
0111111111111000000000000000000001111111111111111111111110111000
1111110011000000000000000000000001111111111111111111111111111001
1111111110000000000000000000000011111111111111111111111111111111
1111111110000000000000000000000011111111111111111111111111111111
1111111111100000000000000000000010111111111111111111111111111111
