1111111111111111111111111111111111111111111111111111111111111111
1111111111101111111110000000000111111111111111111111111111111111
1111111111111111100000000000000111111111111111111011111111111111
1111111111101110000000000000001111111111111111111111111111111111
1111111111100000000000000000011111111111111111111111111111111111
1111111111110000000000000000001111111111111111111111110011111111
1111111111100000000000000000001111111111111111111111110011111111
1111111111000000000000000000001111111111111111111001111111111111
1111111110000000000000000000111111111111101111110011111111111111
1111111110000000000000000000001111111111111111111111111111111111
1111111110000000000111100000000101111111011111111111111111111111
1111111110000000001111100000000011110111111111111111111110111111
1111110100000001101111000000000000000011111111111111111111111111
1111111111000111111111000000000000000011111111111011111111111111
1111111111111111111111100000000001111111111011111111111111111111
1111111111111111111111100000000111111111111111111111111111111111
1111111111111111111110000000000111111111111111111111111111111111
1111111111111111111000000000000011111111111111111111111111111111
1111111111111101100000000000000011111111111111111111111101111111
1111110111111000000000000000000011111111111111111111111111000111
1111110111000000000000000000000011111111111111111111111111000111
1111111110000000000000000000000011111111111111111111111111111111
1111111110000000000000000000000011111111111111111111111111111111
1111111111100000000000000000000001111111111111111111111111111111
