1111111111111111111111111111111111111111111111111111111111111111
1111111111011111111110000000000111111111111111111111111111111111
1111111111111111110000000000000111111111111111111111111111111111
1111111111100110000000000000001111111111111111111111111111111111
1111111111110000000000000000011111111111111111111111111111111111
1111111111110000000000000000001111111111111111111111101111111111
1111111111100000000000000000000111111111111111111111111111111111
1111111111000000000000000000001111111111111111100111111111111111
1111111100000000000000000000011111111110111111001111111111111111
1111111100000000000000000000011111111110111111111111111111111111
1111111110000000000111100000000111111110111111111111111101111111
1111111110000000001111100000000011110011111111111111111101111111
1111101011000000111111100000000000000011111111111111111111111111
1111111111100111111111000000000000000011111111101111111111111111
1111111111111111111111100000000000111111101111111111111111111111
1111111111111111111111100000000111111111111111111111111111111111
1111111111111111111110000000000011111111111111111111111111111111
1111111111111001111000000000000011111111111111111111111111111110
1111111111111111100000000000000011111111111111111111110111111110
1111100111111000000000000000000011111111111111111111111100111111
1111111111000000000000000000000011111111111111111111111100111111
1111111110000000000000000000000011111111111111111111111111111111
1111111110000000000000000000000011111111111111111111111111111111
1111111111100000000000000000000011111111111111111111111111111111
