1111110111111111111111111111111111111111111111111111111111111111
1111111111111111111111000000000111111111111111111111111111111111
1111111111111111110000000000000011111111111111111111111111111111
1111111111110111000000000000001111111111111111111101111111111111
1111111111110000000000000000011111111111111111111101111111110011
1111111111111000000000000000000111111111111111111111111111110011
1111110111100000000000000000000111111111111111111111111111111111
1100111111100000000000000000000111111111110011111111111111111111
1100111111000000000000000000011111111111110011111111111111111111
1111111111000000000000000000011111100111111111111111111111111111
1111111111000000000111110000000111111111111111111110011111111111
1110001111000000000111100000000001110011111111111111111111111111
1111111111100000111111100000000000000001111001111111111111111111
1111111111100011111111100000000000000001111111111111111111111111
1111111111111111111111100000000000111111111111111111111111111111
1111111111001111111111100000000011111111111111111111111111111111
1111111111001111111111000000000011111111111111111111111111111111
1111111111111111111000000000000011111111111111111110111111111111
1100111111111111000000000000000011111111111111111111111011111111
1111111111110000000000000000000011111111111111110001111111111111
1111111111000000000000000000000011111111111111110001111111111111
1111111110000000000000000000000011111111111111111111111111111111
1111111110000000000000000000000001111111111111111111111111111111
1111111111111000000000000000000001111111111111111111111111111111
