1111111111111111111111111111111111111111111011111111111111111111
1111111111111111111111000000000001111111111011111111111111111111
1111111111111111111000000000000001111111111111100111111111111111
1111111111111001000000000000000111111111111111111111111111111111
1111111101111100000000000000000111111111111111111111001111111111
0111111001111000000000000000000111111111111111111111101111111111
1111111111110000000000000000000011111111001111111111111111111111
1111111111100000000000000000000111111001111111111111111111111111
1111111111100000000000000000001101111111111111101111111111111111
1111111111100000000000000000001111111111111111101111111111111111
1111111111100000000011110000000011111111111111111111111111111111
1001111111100000000111110000000000111011011111111111111111111111
1111111111100000011111110000000000000001111111111111111111111111
1111111111110011111111100000000000000001111111111111111111111111
1111111001111111111111110000000000011111111111111111111111111111
1111111011111111111111110000000011111111111111111111111111111111
1111111111111111111111000000000001111111111111111111111111111111
1111111111111111111000000000000001111111111111111111111111111111
0111111111111000000000000000000001111111111111111111111111111110
1111111111100000000000000000000001111111100111111111111111111110
1111111110000000000000000000000001111111100011111111111111111111
1111111110000000000000000000000001111111111111111111111111111111
1111111111000000000000000000000001111111111111111111111111111111
1111111111100111000000000000000001111111111111000111111111111111
