1111111111111111111111111111111111111111111111111111111111111111
1111111111111111111111000000000001111111001111001111111111111111
1111111111111111111000000000000001111111111111001111101111111111
1111111111111100000000000000000011111111111111111101111111111111
1111110011111110000000000000000111111111101111111100111111111110
1111111111111000000000000000000111111111011111111111111111111111
1111111111110000000000000000000011111111111111111111111111111111
1111111111110000000000000000000011110011111111111111111111111111
1111111111100000000000000000001011111111111111011111111111111111
1111111111100000000000000000001111111111111111111111111111111111
1111111111100000000011110000000011111111111111111111111111111111
0011111111100000000111100000000000111000111111111111111111111111
1111111111110000011111110000000000000000111111111111111111111111
1111111111111111111111110000000000000001111111111111111111111111
1111100111111111111111110000000000011111111111111111111111111111
1111111111111111111111110000000011111111111111111111111111111111
1111111111111111111111000000000001111111111111111111111111111111
1111111111111111111000000000000001111111111111111111111111111111
1111111111111000000000000000000001111111111111111111111111110001
1111111111100000000000000000000001111110011111111111111111111001
1111111110000000000000000000000001111110011111111111111111111111
1111111110000000000000000000000001111111111111111111111111111111
1111111111000000000000000000000001111111111111111111111111111111
1111111110011111000000000000000000111111111100111111111111111111
