1111111111111111111111111111000111111111111111111111111111111111
1111111111111111111111000000000000000111111100111111111111111111
1111111111111111111000000000000000000111111111111111111111111111
1111001111111111100000000000000000111111111111111111111111111100
1111111111111110000000000000000001111100111110011111111111110011
1111111111111100000000000000000111111111111111111111111111111001
1111111111111000000000000000000011011111111111111111111111111111
1111111111110000000000000000000011011111111111111111111111111111
1111111111110000000000000000001111111111111011111111111111111111
1111111111110000000000100000000111111111111111111111111111111111
1111111111110000000011011000000011110111111111111111111111111111
1111111111110000011111110000000000110011111111111111111111110011
1111111111111111111111100000000000001000111111111111111111111111
1111111111111111111111100000000000000000111111111111111111111111
1110111111111111111111110000000000011011111111111111111111111111
1111111111111111111111110000000001111111111111111111111111111111
1111111111111111111111000000000001111111111111111111111111111111
1111111111111111110000000000000001111111011111111111111001111111
1111111111111000000000000000000001111111111111111111111001111111
1111111101000000000000000000000001001111111111111111111111111011
1111111100000000000000000000000001001111111111111111111111111111
1111111110000000000000000000000001111111111111111111111111111111
1111110011111000000000000000000000111110001111111111111111111111
1111111111111111000000000000000000111111001111111111111111111111
