1111111111111111111111111110000000011111111011111111111111111111
1111111111111111111111000000000000000001111001111111111111111111
1111011111111111111000000000000000000001111111111111111111100111
1111000111111111100000000000000000000011111011111111111111100111
1111111111111111000000000000000000011111111001111111111111110111
1111111111111100000000000000000001111111111111111111111111110111
1111111111111100000000000000000010011111111111111111111111111111
1111111111111000000000000000000011111111110111111111111111111111
1111111111111000000000000000001111111111111111111111111111111111
1111111111111000000001110000000111111111111111111111111111111111
1111111111111000011110111000000001101111111111111111111111011111
1111111111111111111111111000000000111111111111111111111111011111
1111111111111111111110110000000010001001111111111111111111111111
1111111111111111111111110000000000000000111111111111111111111111
1011111111111111111111110000000000010001111111111111111111111111
1111111111111111111111110000000001111111111111111111111111111111
1111111111111111111111000000000001111111111111111111111111111110
1111111111111111110000000000000001111101111111111111000111111111
1111111111110000000000000000000001111111111111111111100111111111
1111111001000000000000000000000001111111111111111111111111100111
1111111110000000000000000000000000111111111111111111111111111111
1111111110000000000000000000000001111111111111111111111111111111
1111100111111000000000000000000000111000111111111111111111111111
1111111111111111000000000000000000111111111111111111111111111111
