1111111111111111111111111110000000000001101111111111111111111111
1100111111111111111111110000000000000000000111111111111111111111
1100111111111111111110000000000000000000000001111111110011111111
1110111111111111111000000000000000000000000001111111111111111111
1111111111111110110000000000000000000000000111111111111110111111
1011111111111100100000000000000000000000111111111111111111111111
1111111111111111000000000000000001111111111111111111111111111111
1111111111111111000000000000000001111111111111111111111111111111
1111111111111111111111100000001101111111111111111111111111111111
1111111111011111111101110000000100111111111111111111100111111111
1111111111111111111111111000000000111111111111111111100111111111
1111111111111111111011111000000000011111111111111111111111111111
1111111111111111111111110000000001001111111111111111111111111111
1111111111111111111111110000000000000100111111111111111111111111
1111111111111111111111111100000000000001111111111111111111111111
1111111111111111111111111000000001111111111111111111111111101111
1111111111111111111111000000000001011111111111111111111111111111
1111111111111111110000000000000001111111111111100111111111111111
1111101111110000000000000000000000111111111111111111111111111111
1111100111000000000000000000000000111111111111111111111101111111
1111111110000000000000000000000001111111111111111111111111111111
1110011111000000000000000000000000011111111111111111111111111111
1111111111111000000000000000000000011111111111111111111111111111
1111111011111111000000000000000000111111111111111111111111111111
