1011111111111111111111111111111000000000111111111111111111111111
1011111111111111111111111100000000000000000001111011111111111111
1011111111111111111111100000000000000000000000001001111111111111
1111111111111100111110000000000000000000000000000111100111111111
0111111111111111101100000000000000000000000000000011110111111111
1111111111111111111100000000000000000000000000000011111111111111
1111111111111111111111000000000000000000000000111111111111111111
1111111111111111111111100000000001001111111111111111111111111111
1111111111111111111111100000001111001111111111111011111111111111
1111111011111111110111110000000111001111111111111001111111111111
1111111111111111111111111000000001001111111111111111111111111111
1111111111111111101111111000000000001111111111111111111111111111
1111111111111111111111111100000000001111111111111111111111111111
1111111111111111111111111000000000000101111111111111111111111111
1111111111111111111111111100000000000001111111111111111111111111
1111111111111111111111111000000001100001111111111111111111111111
1111111111111111111111100000000001111111110011111111111111111111
1111111111111111110000000000000000111111111111111111111111111111
1110111111110000000000000000000000111111111111111111111111111111
1111111111000000000000000000000000111111111111111111101111111111
1100111110000000000000000000000000111111111111111111111111111111
1111111111000000000000000000000000111111111111111111111111111111
1111111111111000000000000000000000111111111111111111111111111111
1110111111111111000000000000000000111111111111111111111111111111
