1111111111111101111111111111011111111111011111111111111111111111
1111111111111111111111111111111100000000000111111111111111111111
1111111111111110111111111111000000000000000000011111111111111111
1111111111111111111111111000000000000000000000000011111111111111
1111111111111111111111110000000000000000000000000001111111111111
1111111111111111111111110000000000000000000000000000011111111111
1111111111111111111111110000000000000000000000000000001111111111
1111111111111111111111100000000000000000000000000000001111111111
1111111111111110111111100000000000000000000000000000011111111111
1111111111111111111111110000000111000000000000010011111111111111
1111111111111111111111111000000000000011111111111111111111111111
1111111111111111111111111000000000000111111111111111111111111111
1111111111111111111111111100000001000111111111111111111111110111
1111111111111111111111111100000000000111111111111111111111111111
1111111111111110111111111110000000001101111111011111111111110011
1111111111111111111111111100000000000001111111111111111111111111
1111111111111111111111110000000000100011111111111111111111111111
1011111111111111111110000000000000111111111111111111111111111111
1111111111111111100000000000000000111111111111111111111111111111
1111111111111000000000000000000000011111111111011111111111111111
1111111111100000000000000000000000011111111111111111111111111111
1111111111100000000000000000000000001111111111111111111111111111
1111111111111100000000000000000000001111111111111111111111111111
1111111111111111000000000000000000000111111111111111111111111111
