1111111111111111111111111111111011111111111111111111111111111111
0111111111111111111111111011111111111111111111111111111111111111
0111111111111111111111111111111111111111111111111111111111111111
1111011111111111111111111111111111111111111111111111111111111111
1111111111111111111111111111110011111111111111111111111111111111
1111111111111111001111111111000000011111111111111111111111111111
1111111111111111101111111110000000001111111111111111111111111111
1111111111111111111111111000000000011111111111111111111111111111
1111111111111111111110110000000001111100000011111111111111111111
1111111111111111111110111000000000100000000000001111111111111111
1111111111111111111111111110000000000000000000000011111111111111
1111111111111111111111111110000000000000000000000001111111111111
1111111111111111111111111110000000000000000000000001111111111111
1111111111111111111011111100000000000000000000000001111111111111
1111111111111111111111111111000000000000000000000001110111111111
1111111111111111111111111110000000000000000000000001110011111111
1011111111111110111111111100000000000000000000000011111111111111
1111111111111111111111110000000000000011100000001111111111111111
1111111111111111111100000000000000001111111111111111111111111111
1111111111111111110000000000000000000111111111111111101111111111
1111111111111111000000000000000000000111111111111111100111111111
1111111111111110000000000000000000000111111111111111111111111111
1111111111111111000000000000000000000011111111111111111011111111
1111111111111111100000000000000000000011111111111111111011111111
