1111111111111111111111110111111111111111111111111111111111111111
0111111111111111111111111111111111111111111111111111111111111111
1110111111111111111111111111111111111111111111111111111111111111
1110111111111111111111111111111111111111111111111111111111111111
1111111111111111111111111100110011111111111111111111111111111111
1111111111111110011111111100000000011111111111111111111111111111
1111111111111110111111111110000000001111111111111111111111111111
1111111111111111111111111000000000011111111111111111111111111111
1111111111111111111101111000000000111111111111111111111111111111
1111111111110111111111111100000000111100000001111111111111111111
1111111111111111111111111110000000000000000000000111111111111111
1111111111111111111111111110000000000000000000000011111111111111
1111111111111111111111111110000000000000000000000001111111111111
1111111111111111101111111100000000000000000000000001111111111111
1111111111111111111111111111000000000000000000000001001111111111
1111111111111110111111111110000000000000000000000011011111111111
1111111111111111111111111100000000000000000000000111111111111111
1111111111111111111111110000000000000111000000001111111111111111
1111111111111111111110000000000000000111111111111111111111111111
1111111111111111110000000000000000000111111111111110011111111111
1111111111111111100000000000000000000111111111111111111111111111
1111111111111111000000000000000000000111111111111111111111111111
1111111111111111000000000000000000000011111111111111110111111111
1111111111111111110000000000000000000011111111111111111111111111
