1111111111111111111111111111111111111111111111111111111001111111
1111111111111111111111111111111111111111111111111111111111111111
1111111111111111111111111111111111111111111111111111111111111111
1111111110011111111111111111111111111111111111111111111111111111
1111111111111111111111111111111100011111111111111111111111111111
1111111111111111111111111111110000000111111111111111111111111111
1100100111111111111111111100000000000011111111111111110011111111
1111111111111111111111111100000000000011111111111111100100111111
1111111111110011111111111100000000011111111111111111111111111111
1111111111111111111111111111000000001111111111111111111111111111
1111111111111111111111111111100000000111111111111111111111111111
1111111101111111111111111111100000000111111111111111111111111111
1111111111111111111111111111100000000011111111111111111111111111
1111111100111111111111111110000000000000000111111111111111111111
1111111111111111111111111111110000000000000000000111111111111111
1111111111111111111111111011000000000000000000000000001111111111
1111111111111111111111111100000000000000000000000000000001111111
1111111111111111111111110000000000000110000000000000001111111111
1111111111111111111100000000000000000011111111111111111111111111
1111111111111111110000000000000000000011111111111111111111111111
1111111111111111100000000000000000000011111111111111111111111111
1111111111111111000000000000000000000011111111111111111111111111
1111111111111111100000000000000000000001111111111111111111111111
1111111111111111100000000000000000000001111111111111111111111111
