1111111111111111111111111111111111111111111111111100111111111110
1111111111111111111111111111111111111111111111111111111111111111
1101111111111111111111111111111111111111111111111111111111111111
1111111111111111111111111111111111111111111111111111111111111111
1101111111111111111111111111111110001111111111111111111111111111
1001111111111111111100111111111000000011111111110111111111111111
1111111111111111111111111111100000000001111111100010111111111110
1111111111111111111111111111000000000011111111111111111111111111
1111111101111111111111111111000000001111111111111111111111111111
1111111111111111111111111111100000000111111111111111111111111111
1111101111111111111111111111100000000011111111111111111111111111
1111111111111111111111111111110000000011111111111111111111111111
1111111111111111111111111111100000000011111111111111111111111111
1111001111111111111111111111000000000001111111111111111111111111
1111111111111111111111111111110000000000001111111111111111111111
1111111111111111111111111111100000000000000000001111111111111111
1111111111111111111111111110000000000000000000000000011111111111
1111111111111111111111111000000000000011111100000000000000111111
1111111111111111111111000000000000000011111111111110000000001111
1111111111111111111000000000000000000001111111111111111111111111
1111111111111111100000000000000000000001111111111111111111110111
1111111111111111100000000000000000000001111111111111111111110111
1111111111111111100000000000000000000000111111111111111111111111
1111111111111111111000000000000000000000111111111111111111110011
