1111111111111111111111111111111111111111111111100111111111111111
1111111111111111111111111111111111111111111111111111111111111111
1111111111111111111111111111111111111111111111111111111111111111
1111111111111111111111111111111111111111111111111111111111111111
0111111111111111001111111111111110001111111111111111111111111111
1111111111111111001111111111111000000011111001111111111111111111
1111111111111111111111111111110000000001111001111111111111101111
1111111111111111111111111111000000000001111111111111111111111111
1111101111111111111111111111000000001111111111111111111111111111
1110111111111111111111111111110000000111111111111111111111111111
1111111111111111111111111111110000000011111111111111111111111111
1111111111111111111111111111110000000011111111111111111111111111
1111111111111111111111111111100000000011111111111111111111111111
1001111111111111111111111111000000000011111111111111111111111111
1111111111111111111111111111111000000000111111111111111111111111
1111111111111111111111111111100000000000000001111111111111111111
1111111111111111111111111111000000000000000000000000111111111111
1111111111111111111110111100000000000011111100000000000011111111
1111111111111111111111100000000000000011111111111000000000001111
1111111111111111111110000000000000000001111111111111111111000111
1111111111111111111000000000000000000001111111111111111101111111
1111111111111111110000000000000000000001111111111111111111111111
1111111111111111110000000000000000000000111111111111111100111111
1111111111111111111100000000000000000000111111111111111111111111
