1111111111111111111111111111111111111111111110111111111111111111
1111111111111111111111111111111111111111111110111111111111111111
1111111111111111111111111111111111111111111111111111111111111111
1111111111111111111111111111111111111111111111111111111111111111
1111111111111100111111111111111110001111110111111111111111111111
1111111111111111111111111111111000000011100111111111111111111111
1111111111111111111111111111110000000001100111111111111111011111
1111111111111111111111111111000000000001111111111111111111111111
1110011111111111111111111111000000001111111111111111111111111111
1101111111111111111111111111110000000111111111111111111111111111
1111111111111111111111111111110000000011111111111111111111111111
1111111111111111111111111111110000000011111111111111111111111111
0111111111111111111111111111100000000011111111111111111111111111
0111111111111111111111111111000000000011111111111111111111111111
1111111111111111111111111111111000000000111111111111111111111111
1111111111111111111111111111100000000000000011111111111111111111
1111111111111111111111111111000000000010000000000001111111111111
1111111111111111110111111100000000000011111100000000000011111111
1111111111111111111111110000000000000011111111111000000000001111
1111111111111111111110000000000000000001111111111111111110000011
1111111111111111111000000000000000000001111111111111110011111111
1111111111111111110000000000000000000001111111111111111011111111
1111111111111111110000000000000000000000111111111111111111111111
1111111111111111111100000000000000000000111111111111111111111111
