1111111111111111111111111111111111111111111011111111111111111111
1111111111111111111111111111111111111111111011111111111111111111
1111111111111111111111111111111111111111111111111111111111111111
1111111111110011111111111111111111111111111111111111111111111111
1111111111110011111111111111111110001111011111111111111111111111
1111111111111111111111111111111000000000011111111111111111111111
1111111111111111111111111111110000000000011111111111111111111111
1111111111111111111111111111000000000001111111111111111111111111
1101111111111111111111111111000000000111111111111111111111111111
1111111111111111111111111111110000000111111111111111111111111111
1111111111111111111111111111110000000011111111111111111111111111
1111111111111111111111111111110000000001111111111111111111111111
1111111111111111111111111111110000000011111111111111111111111111
1111111111111111111111111111100000000011111111111111111111111111
1111111111111111111111111111111000000000111111111111111111111111
1111111111111111111111111111100000000000000001111111111111111111
1111111111111111111111111111000000000010000000000001111111111111
1111111111111111011111111100000000000011111110000000000011111111
1111111111111111111111110000000000000001111111111000000000001111
1111111111111111111110000000000000000001111111111111011110000011
1111111111111111111000000000000000000001111111111111001111111111
1111111111111111110000000000000000000001111111111111111111111111
1111111111111111110000000000000000000000111111111111111111111111
1111111111111111111100000000000000000000111111111110111111111111
