1111111111111111111111111111111111111110111111111111111111111111
1111111111111111111111111111111111111110111111111111111111111111
1111111111111111111111111111111111111111111111111111111111111111
1111111110011111111111111111111111111011111111111111111111111111
1111111111111111111111111111111111001111111111111111111111111111
1111111111111111111111111111111000000001111111111111111111111111
1111111111111111111111111111110000000001111111111111110111111111
1111111111111111111111111111000000000001111111111111111111111111
0111111111111111111111111111000000000111111111111111111111111111
1111111111111111111111111111110000000111111111111111111111111111
1111111111111111111111111111110000000011111111111111111111111111
1111111111111111111111111111111000000001111111111111111111111111
1111111111111111111111111111110000000011111111111111111111111111
1111111111111111111111111111100000000011111111111111111111111111
1111111111111111111111111101111000000000101111111111111111111111
1111111111111111111111111111110000000000000001111111111111111111
1111111111111111111111111111000000000010000000000001111111111111
1111111111101111111111111100000000000001111110000000000111111111
1111111111111111111111100000000000000001111111111000000000111111
1111111111111111111110000000000000000001111111111011111000000111
1111111111111111111000000000000000000001111111111111111111111111
1111111111111111110000000000000000000000111111111111111111111111
1111111111111111110000000000000000000000111111111111111111111111
1111111111111111111100000000000000000000111111111111111111011111
