1111111111111111111111111111111111111111111111111111111111111111
1111111111111111111111111111111110111011111111111111111111111111
1111111001111111111111111111111111101111111111111111111111111111
1111111001111111111111111111111111111111111111111111111111111111
1111111111111111111111111111111111001111111111111111111111111111
1111111111111111111111111111111100000001111111111111111111111111
1111111111111111111111111111110000000000111111111111011111111111
1111111111111111111111111111100000000001111111111111111111111111
1111111111111111111111111111100000000111111111111111111111111111
1111111111111111111111111111110000000111111111111111111111111111
1111111111111111111111111111110000000011111111111111111111111111
1111111111111111111111111111111000000001111111111111111111111111
1111111111111111111111111111110000000011111111111111111111111111
1111111111111111111111111011100000000011111111111111111111111111
1111111111111111111111111011111000000000000111111111111111111111
1111111111111111111111111111110000000000000001111111111111111111
1111111111111111111111111111000000000010000000000001111111111111
1111111110111111111111111110000000000001111110000000001111111111
1111111111111111111101110000000000000001111111111000000001111111
1111111111111111111110000000000000000001111111101111110000001111
1111111111111111111000000000000000000001111111111111111111111111
1111111111111111111000000000000000000000111111111111111111111111
1111111111111111111000000000000000000000111111011111111111111111
1111111111111111111100000000000000000000111111111111111111111111
