1111111111111111111111111111111111111111111111111111111111111111
1111111111111111111111111111111111111111111111111111111111111111
1111111111111111110111111111111111111111111111111111111111111111
1111111111111111110111111111111111111111111111111111111111111111
1111111111111111111111111111111111111111111111111111111111111111
1111111111111111111111111111111110000001111111111111111111111111
1111111111111111111111111111111000000000111111111111111111111111
1111111111111111111111111111110000000000111111111111111111111111
1111111100111100111111111111110000000000000011111111111111111111
1111111111111100101111111111111100000000000000000111111111111111
1111111111111111101111111111111100000001111000010011111111111111
1111111111111111111111111111111100000000111000011111111111111111
1111111011111111111111111111111000000000110001111111111111111111
1111111011111111111111111111111000000001100011111111111111111111
1111111111111111111111111111111100000001101111111111111111111111
1111111111111111111111111111111000000001111111111111111111111111
1111111111111111111111111111100000000000111111111111111111111111
1111111111111111111111111110000000000000111111111111111111111111
1111111111111111111111110000000000000000111111111111111111111111
1111111111111111111110000000000000000000111111110111111111111111
1111111111111111111000000000000000000000111111110111111111111111
1111111111111111110000000000000000000000111111111111111111111111
1111111111111111111100000000000000000000111111111111111111111111
1111111111111111111110000000000000000000011111111111111111111111
