1111111111111111111111111111111111111111111111111111111111111111
1111111111111111111111111111111111111111111111111111111111111111
1111111111111111001111111111111111111111111111111111111111111111
1111111111111111111111111111111111111111111111111111111111111111
1111111111111111111111111111111111111111111111111111111111111111
1111111111111111111111111111111110000000111111111111111111111111
1111111111111111111111111111111000000000111111111111111111111111
1111111101111111111111111111110000000000000111111111111111111111
1111111101111001111111111111110000000000000000000011111111111111
1111111111111111011111111111111100000001110000010011111111111111
1111111111111111111111111111111100000001110000011111111111111111
1111110111111111111111111111111110000000100011111111111111111111
1111110111111111111111111111111000000000001111111111111111111111
1111111111111111111111111111111000000001111111111111111111111111
1111111111111111111111111111111110000001111111111111111111111111
1111111111111111111111111111111000000001111111111111111111111111
1111111111111111111111111111100000000000111111111111111111111111
1111111111111111111111111110000000000000111111111111111111111111
1111111111111111111111110000000000000000111111111111111111111111
1111111111111111111110000000000000000000111111101111111111111111
1111111111111111111100000000000000000000111111111111111111111111
1111111111111111111000000000000000000000111111111111111111111111
1111111111111111111100000000000000000000011111111111111111111111
1111111111111111111111000000000000000000011111111111111111111111
