1111111111111111111111111111111111111111111111111111111111111111
1111111111111111111111111111111111111111111111111111111111111111
1111111111111110011111111111111111111111111111111111111111111111
1111111111111111111111111111111111111111111111111111111111111111
1111111111111111111111111111111111100011111111111111111111111111
1111111111111111111111111111111110000000111111111111111111111111
1111111111111111111111111111111000000000011111111111111111111111
1111111011110011111111111111110000000000000001000011111111111111
1111111011110011111111111111110000000000000000010011111111111111
1111111111111100111111111111111100000011100000111111111111111111
1111111111111111111111111111111110000000000111111111111111111111
1111101111111111111111111111111110000000011111111111111111111111
1111101111111111111111111111111000000000111111111111111111111111
1111111111111111111111111111111000000001111111111111111111111111
1111111111111111111111111111111110000001111111111111111111111111
1111111111111111111111111111111000000000111111111111111111111111
1111111111111111111111111111110000000000111111111111111111111111
1111111111111111111111111110000000000000111111111111111111111111
1111111111111111111111110000000000000000111111111111111111111111
1111111111111111111110000000000000000000111110011111111111111111
1111111111111111111100000000000000000000011111111111111111111111
1111111111111111111000000000000000000000011111111111111111111111
1111111111111111111110000000000000000000011111111111111111111111
1111111111111111111111100000000000000000011111111111111111111111
