1111111111111111111111111111111111111111111111111111111111111111
1111111111111111111111111111111111111111111111111111111111111111
1111111111111111111111111111111111111111111110011111111111111111
1101111111110111111111111111111111111111100000111111111111111111
1111111111111111111111111111111111100000000001111111111111111111
1111111111111111111111111111111110000000001111111111111111111111
1111111011111111111111111111111110000000011111111111111111111111
0111111111111111111111111111111100000000011111111111111111111111
0011111101111111111111111111111100000000111111111111111111111111
1011111111111111111111111111111111000000111111111111111111111111
1111111111111111111111111111111111000000011111111111111111111111
1111111111111111111111111111111111000000011111111111111111111111
1111111111111111111111111111111100000000011111111111111111111001
1111111111111111111111111111111110000000011111111111111111111111
1111111111111111111111111111111110000000011111111111111111111111
1111111111111111111100111111111100000000011111111111111111111111
1111111111111111111111111111111000000000001111111111111111111111
1111111111111110111111111111000000000000001111111111111111111111
1111111111011111111111110000000000000000001111111111111111111111
1111111111111111111110000000000000000000000111111111111111111111
1111111111111111111100000000000000000000000111111111111111111111
1111111111111111111110000000000000000000000011111111111111111111
1111111111111111111111110000000000000000000011111111111111111111
1111110111111111111111111000000000000000000001111111111111111111
