1110111111111111111111111111111111110000011111111111111111111111
1111111111111111111111111111111111110000111111111111111111111111
1111111111111111111111111111111111100001111111111111111111111111
1111111111111111111111111111111111100001111111111111111111111111
1111111111111111111111111111111100000001111111111111111111111111
1011111111111111111111111111111000000000111111111111111111111111
1111111111111111111111111111111000000000111111111111111111111111
1111111111111111111111111111111000000001111111111111111111111111
1111111111111111111111111111111000000011111111111111111111111111
1111111111111111111111111111111100000001111111111111111111111111
1111111111111111111111111101111110000000011111111111111101111111
1111111111111111111111111101111000000000011111111111111111111111
1111111111111111111111111111110000000000011111111111111111111111
1111111111111111111111111111110000000000011111111111111111111111
1111111111111001111111111111111001100000011111111111111111111111
1111100111111111111111111111111000000000001111111111111111111111
1111111111111111111111111111111100000000001111111111111111111111
1111111101111111111111111111110000000000001111111111111111111111
1111111111111111111111111111000000000000000111111111111111111111
1111111111111111111111111100000000000000000111111111111111111111
1111111111111101111111100000000000000000000111111111111111111111
1111111111111111111111000000000000000000000011111111111111111111
1111111111111111111111000000000000000000000011111111111111111111
1111111111111111111111110000000000000000000001111111111111111111
