1011111111111111111111111111110000111111111111111111111111111111
1111111111111111111111111111110000111111111111111111111111111111
1111111111111111111111111111110000011111111111111111111111111111
1111111111111111111111111111110000011111111111111111111111111111
1111111111111111111111111111111000000011111111111111111111111111
1111111111111111111111111111110000000001111111111111111111111111
1111111111111111111111111111110000000001111111111111111111111111
1111111111111111111111111111110000000001111111111111111111111111
1111111111111111111111111111110000000011111111111111111111111111
1111111111111111111111111111111000000001111111111111111111111111
1111111111111111111111110111111110000000011111111111111111111111
1111111111111111111111111111111000000000011111111111111111111111
1111111111111111111111111111110000000000011111111111111111111111
1111111111111111111111111111110001000000011111111111111111111111
1110011111101111111111111111110001100000011111111111111111111111
1111111111111111111111111111110010000000001111111111111111111111
1111111111111111111111111111111100000000001111111111111111111111
1111101111111111111111111111110000000000001111111111111111111111
1111111111111111111111111111000000000000000111111111111111111111
1111111111111111111111111000000000000000000111111111111111111111
1111111111111111111111100000000000000000000111111111111111111111
1111111111111111111111000000000000000000000111111111111111111111
1111111111111111111111000000000000000000000111111111111111111111
1111111111111111111111100000000000000000000011111111111111111111
