1111111111111111111111111111111111111111111111111111111111111111
1111111111111111111111111111111111111111111111111111111111111111
1111111111111111111111111111111111111111111111111111111111111111
1111111111111111111111111111111111111111111111111111111111111111
1111111111111111111111111111111100000111111111111111111111111111
1111111111111111111111111111110000000001111111111111111111111111
1111111111111111111111111111110000000001111111111111111111111111
1111111111111111111111111111110000000001111111111111111111111111
1111111111111111111111111111110000000011111111111111111111111111
1111111111111111111111111110000000000001111111111111111111111111
1111111111111111111111001110000000000000011111111111111111111111
1111111111111111111111111111100000000000011111111111111111111111
1111111111111111111111111111110000000000011111111111111111111111
1111111111111111111111111111110001000000011111111111111111111111
1101111110011111111111111111110001100000011111111111111111111111
1111111111111111111111111111110010000000001111111111111111111111
1111111111111111111111111111110000000000001111111111111111111111
1110011111111111111111111111110000000000001111111111111111111111
1111111111111111111111111110000000000000000111111111111111111111
1111111111111111111111111000000000000000000111111111111111111111
1111111111111111111111100000000000000000000111111111111111111111
1111111111111111111111000000000000000000000111111111111111111111
1111111111111111111110000000000000000000000111111111111111111111
1111111111111111111111110000000000000000000111111111111111111111
