1111111111111111111111111111111111111111111111111111111111111111
1111111111111111111111111111111100011111111111111111111111111111
1011111111111111111111111111000000000011111111111111111111111111
1011111111111111111111110110000000000000111111111111111111111111
1111111111111111111111111100000000000000111111111111111111111111
1111111111111111111111111100000000000000011111111111111111011111
1111111111111111111111111110000000000000011111111111111111111111
1111111111111111111111111111000000000000011111111111111111111111
1111111111000001111111111111100000000000011111111111111111111111
1111110000000000000000000000000000000001111111111111111111111111
0000000000000000000000000000000000000000001111111111111111111111
0000000000000000000000000000000000000000000001111111111111111111
0000000000000001111111111011111100000000000001111111111111111111
0000000000111000111111111111111110000000000001111111111111111111
0000011111111100011111111111111101000000000001111111111111111111
1111111111000000111111111111111111000000000001111111111100111111
1111111110000001111111111111111110000000000001111111111111111111
1111110111111111111111111111111110000000000000110011111111111111
1111111111111111111111111111111111010000000000110011111111111111
1111111111111111111111111111111111100000000000011111111111111111
1111111111111111111111111111111110000000000000011111111111111111
1111111111111111111111111111111100000000000000001111111111111111
1111111111111111111111111111111000000000000000001111111111111111
1111111111111111111111111111100000000000000000000111111111111111
