1111111111111111111111111111111111111111111111111111111111111111
1111111111111111111111111111111110001111111111111111111111111111
1111110111111111111111111111110000000001111111111111111111111111
1111110111111111111111111111000000000000011111111111111111111111
1111111111111111111111111110000000000000011111111111111111111111
1111111111111111111111111110000000000000001111111111111111111101
1111111111111111111111111110000000000000001111111111111111111111
1111111111111111111111111111100000000000001111111111111111111111
1111111111111111111111111111110000000000001111111111111111111111
1111110000000000000000000000000000000000011111111111111111111111
0000000000000000000000000000000000000000000111111111111111111111
0000000000000000000000000000000000000000000000111111111111111111
0000000000000011111111111111111100000000000000011111111111111111
0000000000000001111111111111111110000000000000011111111111111111
0001111111110001111111111111111111000000000000111111111110011111
1111111101100001111111111111111111100000000000111111111110011111
1111111000000011111111111111111111100000000000011111111111111111
1111111110011111111111111111111111000000000000000111111111111111
1111111111111111111111111111111111101000000000000111111111111111
1111111111111111111111111111111111111000000000000111111111111111
1111111111111111111111111111111111100000000000000111111111111111
1111111111111111111111111111111111000000000000000111111111111111
1111111111111111111111111111111110000000000000000011111111111111
1111111111111111111111111111111000000000000000000011111111111111
