1111111110111111111111111111111111111111111111111111111111111111
1111111111111111111111111111111111111111111111111111111111111111
1111111111111111111111111111111111111000001110101111111111111111
1111111111111111111111110111111111000000000001111111111111111111
1111111111111111111111111111111110000000000000111111111111111111
1111111111111111111111111111111100000000000000111111111111111111
1111111111111111111111111111111100000000000000011111111111111111
1111111111111111111111111111111100000000000000011111111111111111
1111111111111111111111111111111111100000000000011111111111111111
1111111111111111111111111111111111110000000000111111111111111111
1111111000000000000000000000000000000000000000111111111111111111
0000000000000000000000000000000000000000000000000111111111111111
0000000000000000000000000000000000000000000000000001111111111111
0000000000000001111111111111111111110000000000000000110011111110
0000011111111100111111011111111111111000000000000000110011111000
1111111110010000111111011111111111111110000000000001111111111111
1111111110000001111111111111111111111110000000000000011111111111
1111111111111111111111111111111111111100000000000000000011111111
1111111111111111111111111111111111111100000000000000000001111111
1111111111111111111111111111111111111111100000000000000000011111
1111111111111111111111111111111111111111000000000000011100011111
1111111111111111111111111111111111111100000000000000001100011111
1001111111111111111111111111111111111000000000000000001110011111
1000111111111111111111111111111111110000000000000000000111111111
