1111111111111111111111111111111111111111111111111111111111111111
1111111111111111111111111111111111111111111111111111111111111111
1111111111111111111111111111111111111111111111111111111111111111
1111111111111111111111111111111111111111111111111111111111111111
1111111111111111111111111111111111111111110000000111111111111111
1111111111111111111111111111111111111111000000000001111111111111
1111111111111111111111111111111111111110000000000000111111111111
1111111111111111111111111111111111111110000000000000111111111111
1111111111111111111111111111111111111110000000000000011111111111
1111111111111111111111111111111111111111110000000000011111111111
1111111111111111111110000011111111111111111000000000111111110111
1111111111111111000000000000000000000000000000000000000111111111
0000000000000000000000000000000000000000000000000000001111111111
0000000000000000000000011111111111100000000000000000000011111111
0000001111000001111111001111111111111111111000000000000011011111
1101111111111111110000011111111111111111111000000000000001111111
1001111111111111110000111111111111111111111100000000000000111111
1111111111111111111111111111111111111111111110000000000000001111
1111111111111111111111111111111111111111111100000000000000000001
1111111111111111111111111111111111111111111110000000000010000000
1111111111111111111111100111111111111111111110000000000001110000
1111111111111111111111111111111111111111111100000000000000111100
1111111111111111111111111111111111111111111000000000000000011110
1111111111111111111111111111111111111111110000000000000000001110
