1111111111111111111111111111111111111111111111111111111111111111
1111111111111111111111111111111111111111111111111111111111111111
1111111111111111111111111111111111111111111111111111111111111111
1111111111111111111111111111111111111111111111111111111111111111
1111111111111111111111111111111111111111111100000011111111111111
1111111111111111111111111111111111111111100000000000111111111111
1111111111111111111111111111111111111111000000000000011111111111
1111111111111111111111111111111111111111000000000000001111111111
1111111111111111111111111111111111111111000000000000001111111111
1111111111111111111111111111111111111111111000000000001111111111
1111111111111111111111111111111111111111111100000000000011111111
1111111111111111110000000000000000000000000000000000010011111111
0000000000000000000000000000000000000000000000000000000111111111
0000000000000000000000000111111111100000000000000000000001111111
0000000001111000011111100111111111111111111100000000000001111110
1111111001111111111100000111111111111111111100000000000000111111
1111111101111111111100001111111111111111111110000000000000011111
1111111111111111111111110111111111111111111111000000000000000111
1111111111111111111111111111111111111111111110000000000000000000
1111111111111111111111111111011111111111111111000000000001000000
1111111111111111111111111111011111111111111111000000000000110000
1111111111111111111111111111111111111111111110000000000000011110
1111111111111111111111111111111111111111111100000000000000001111
1111111111111111111111111111111111111111111000000000000000000111
