1111111111111111111111111111111111111111111111111111111111111111
1111111111111111111111111111111111111111111111111111111111111111
1111111111111111111111111111111111111111111111111111111111111111
1111111111111111111111111111111111111111111111111111111111111111
1111111111111111111111111111111111111111111111111110011111111111
1111111111111111111111111111111111111111111111100000000001111101
1111111111111111111111111111111111111111111111000000000000111111
1111111111111111111111111111111111111111111110000000000000111101
1111111111111111111111111111111111111111111110000000000000011100
1111111111111111111111111111111111111111111111100000000000001111
1111111111111000111111111111111111111111111111111000000000011111
1111111111111001111111111000000000000000000000000000000000011111
0000000000000000000000000000000000000000000000000000000000001111
0000000000000000000000000000000000100000000000000000000000000111
1111110000000001111000001011100111111111111111111000000000000011
1111111111111111111111111100000111111111111111111000000000000001
1111111111111111111111111100011111111111111111111100000000000000
1111111111111111111111111111111111111111111111111110000000000000
1111111111111111111111111111111111111101111111111100000000000000
1111111111111111111111111111111111111100111111111110000000000010
1111111111111111111111111111111111111111111111111110000000000001
1001111111111111111111111111111111111111111111111100000000000000
1111111111111111111111111111111111111111111111111000000000000000
1111111111111111111111111111111111111111111111110000000000000000
