1111111111111111111111111111111111111111111111111111111111111111
1111111111111111111111111111111111111111111111111111111111111111
1111111111111111111111111111111111111111111111111111111111111111
1111111111111111111111111111111111111111111111111111111111111111
1111111111111111111111111111111111111111111111111111000011111111
1111111111111111111111111111111111111111111111111000000000011110
1111111111111111111111111111111111111111111111110000000000001111
1111111111111111111111111111111111111111111111100000000000000111
1111111111111111111111111111111111111111111111100000000000000111
1111111111111111111111111111111111111111111111111000000000000011
1111111111111111100111111111111111111111111111111110000000000111
1111111111111111111111111100000000000000000000000000000000000111
0000000000000000000000000000000000000000000000000000000000000011
0000000000000000000000000000000000000000000000000000000000000001
1111110000000000011000000110110011111111111111111110000000000000
1111111111111111111111111110000011111111111111111110000000000000
1111111111111111111111111110000111111111111111111111000000000000
1111111111111111111111111111111111111111111111111111100000000000
1111111111111111111111111111111111111110011111111111000000000000
1111111111111111111111111111111111111111011111111111000000000000
1110011111111111111111111111111111111111111111111111100000000000
1110111111111111111111111111111111111111111111111111000000000000
1111111111111111111111111111111111111111111111111110000000000000
1111111111111111111111111111111111111111111111111100000000000000
