1111111111111111111111111111111111111111111111111111111111111111
1111111111111111111111111111111111111111111111111111111111111111
1111111111111111111111111111111111111111111111111111111111111111
1111111111111111111111111111111111111111111111111111111111111111
1111111111111111111111111111111111111111111111111111100000011111
1111111111111111111111111111111111111111111111111110000000000011
1111111111111111111111111111111111111111111111111100000000000001
1111111111111111111111111111111111111111111111111000000000000000
1111111111111111111111111111111111111111111111111000000000000000
1111111111111111111100111111111111111111111111111111000000000000
1111111111111111111100111111111111111111111111111111100000000000
1111111111111111111111111110000000000000000000000000000000000001
0000000000000000000000000000000000000000000000000000000000000000
0000000000000000000000000000000000000000000000000000000000000000
1111110000000000000100000011011100111111111111111111100000000000
1111111111111111111111111111100000111111111111111111110000000000
1111111111111111111111111111100001111111111111111111111000000000
1111111111111111111111111111111111111111111111111111111000000000
1111111111111111111111111111111111111111001111111111111000000000
1111111111111111111111111111111111111111111111111111111000000000
1111101111111111111111111111111111111111111111111111111100000000
1111111111111111111111111111111111111111111111111111111000000000
1111111111111111111111111111111111111111111111111111110000000000
1111111111111111111111111111111111111111111111111111100000000000
