1111111111111111111111111111111111111111111111111111111111111111
1111111111111111111111111111111111111111111111111111111111111111
1111111111111111111111111111111111111111111111111111111111111111
1111111111111111111111111111111111111111111111111111111111111000
1111111111111111111111111111111111111111111111111111111111000000
1111111111111111111111111111111111111111111111111111111100000000
1111111111111111111111111111111111111111111111111111111000000000
1111111111111111111111111111111111111111111111111111111000000000
1111111111111111111111111111111111111111111111111111111100000000
1111111111111111111111111001111111111111111111111111111111000000
1111111111111111111111111111111111111111111111111111111111100000
1111111111111111111111111111110000000000000000000000000000000000
0000000000000000000000000000000000000000000000000000000000000000
0000000000000000000000000000000000000000000000000000000000000000
1111110000000000000000000000001000100011111111111111111111100000
1111111111111111111111111111111111110001111111111111111111110000
1111111111111111111111111111111100000011111111111111111111111000
1111111111111111111111111111111111111111111011111111111111111100
1111111111111111111111111111111111111111111011111111111111111100
1111111101111111111111111111111111111111111111111111111111111000
1111111111111111111111111111111111111111111111111111111111111111
1111111111111111111111111111111111111111111111111111111111111110
1111111111111111111111111111111111111111111111111111111111111100
1111111111111111111111111111111111111111111111111111111111111000
