1111111111111111111111111111111111110000000001111111111111111100
1111111111111111111111111111111111100000010111111111111111110000
1111111111111111111111111111111111100000011111111111111111110000
1111111111111111111111111111111111100000000111111111111111111111
1111111111111111111111111111111111100000001111111111111111111111
1111111111111111111111111111111111110000011111111111111111111111
1111111111111111111111111111111111111001111111111111111111111111
1111111111111111111111111111111111111111111111111111111111111111
1111111111111111111111111111111111111111111111111111111111111111
1111111111111111111111111111111111111111111111111111111111111111
1111111111111111111111111111111111111111111111111111111111111111
1111111111111111111111111111111111111111111111111111111111111111
1111111111111111111111111111111111111111111111111111111111111111
1111111111111111111100000000000000000000000000000000000000111110
1111100000000000000000000000000000000000000000000000000000000000
0000000000000000000000000000000000000000000000000000000000000000
0000000000000000000000000000000000000000000000000000000000000000
1111111111111100000000000000000000000000000000000000000000000000
1111111111111111111111111111110000000000000000000001111111111111
1111111111111111111111111111111111111111111111111111111111111111
1111111111111111111111111111111111111111111111111111111111111111
1111111111111111111111111111111111111111111111111111111111111111
1111111111111111111111111111111111111111111111111111111111111111
1111111111111111111111111111111111111111111111111111111111111111
