1111111111111111111111111111111110000000000000011111111000000000
1111111111111111111111111111111000000000000000111111110000000000
1111111111111111111111111111000000000000000011111111110000000000
1111111111111111111111111100000000000000001111111111100000000000
1111111111111111111111110000000000000000011111111110000000000000
1111111111111111111111100000000000000000111111111100000000000001
1111111111111111111111110000000000000001111111111000000000000001
1111111111111111111111111000000000000011111111111001111100000001
1111111111111111111111100000000000000111111111111111111000000001
1111111111111111111111000000000000001111111111111111111000000011
1111111111111111111110000000001111111111111111111111110000000111
1111111111111111111100000000011111111111111111111111000000011111
1111111111111111111100000000111111111111111111111100000001111111
1111111111111111111000000000001111111111111111111000001111111111
1111111111111111111000000000001111110000011111111111111111111111
1111111111110000000000000000000000000000000000000000000000111111
0000000000000000000000000000000000000000000000000000000000000000
0000000000000000000000000000000000000000000000000000000000000000
0000000000000000000000000000000000000000000000000000000000000000
1111111111111111111110000000000000000000000000000000000000000000
1111111111111111111111111111111111111111111111111111111111111111
1111111111111111111111111111111111111111111111111111111111111111
1111111111111111111111111111111111111111111111111111111111111111
1111111111111111111111111111111111111111111111111111111111111111
