1111111111111111111111111000000000000000011111111111111000000000
1111111111111111111111111100000000000000111111111111110000000000
1111111111111111111111111110000000000000111111111111100000000000
1111111111111111111111111111000000000001111111111111000000000000
1111111111111111111111111110000000000001111111111110000000000000
1111111111111111111111111100000000000011111111111000000000000000
1111111111111111111111111000000000000111111111110000000000000001
1111111111111111111111110000000000001111111111000000000000000011
1111111111111111111111100000000000011111111110000000000000000011
1111111111111111111110000000000000111111111100000000000000000111
1111111111111111111100000000000001111111111110000000000000001111
1111111111111111110000000000000011111111111000000000000000001111
1111111111111111100000000000000111111111110000000000000000011111
1111111111111111000000000000001111111111000000000000000001111111
1111111111111111000000000000001111111110000000000000000011111111
1111111111111111000000000000011111111100011100000000000011111111
0000000000000000000000000000000000000000000000000000000111111111
0000000000000000000000000000000000000000000000000000000111111111
0000000000000000000000000000000000000000000000000000000000000111
0000000000000000000000000000000000000000000000000000000000000000
1111111111110010000000000011111111111111000000000000000000000000
1111111111110000000000000011111111111111000001111111000000000000
1111111111111100000000011111111111111111111111111111111111110000
1111111111111100000011111111111111111111111111111111111111111111
