1111111111111111111111111100000000000000000111111110000000000000
1111111111111111111111111100000000000000000111111110000000000000
1111111111111111111111111110000000000000001111111100000000000000
1111111111111111111111111111111000000000001111111000000000000000
1111111111111111111111111111110000000000001111111000000000000001
1111111111111111111111111111100000000000011111110000000000000011
1111111111111111111111111111000000000000011111100000000000000111
1111111111111111111111111100000000000000111111000000000000001111
1111111111111111111111111000000000000001111110000000000000011111
1111111111111111111111100000000000000111111000000000000000111111
1111111111111111111110000000000000001111110000000000000001111111
1111111111111111111000000000000000111111100000000000000001111111
1111111111111111100000000000000001111111000000000000000011111111
1111111111111111000000000000000011111110000000000000000011111111
1111111111111111100000000000000111111111000000000000000111111111
1111111111111110000000000000001111111110000000000000000111111111
1111111111111100000000000000011111111100000000000000001111111111
0000000000000000000000000000000000000000000000000000111111111111
0000000000000000000000000000000000000000000000000000000111111111
0000000000000000000000000000000000000000000000000000000000000011
0000000000000000000000000000000000000000000000000000000000000000
1111111111111000000000000111111111111110000000000000000000000000
1111111111111111111111111111111111111100000000010011110000000000
1111111111111111111111111111111111111100000111111111111111111000
