1111111111111111111111100000000000000000001111000000000000111111
1111111111111111111111110000000000000000001111000000000000111111
1111111111111111111111111000000000000000001111100000000000111111
1111111111111111111111111110001100000000011111100000000000111111
1111111111111111111111111111111100000000011111000000000000111111
1111111111111111111111111111111000000000011111000000000001111111
1111111111111111111111111111110000000000111110000000000011111111
1111111111111111111111111111100000000000111110000000000011111111
1111111111111111111111111110000000000001111100000000000111111111
1111111111111111111111111100000000000111111100000000000111111111
1111111111111111111111110000000000001111111000000000001111111111
1111111111111111111111100000000000011111110000000000001111111111
1111111111111111111110000000000000111111100000000000011111111111
1111111111111111111100000000000001111111000000000000011111111111
1111111111111111111100000000000011111111100000000000011111111111
1111111111111111110000000000000011111111000000000000111111111111
1100000000000000000000000000000000000000000000000001111111111111
0000000000000000000000000000000000000000000000000000111111111111
0000000000000000000000000000000000000000000000000000000000011111
0000000000000000000000000000000000000000000000000000000000000000
1111111111111111111111111111111111111111101001000000000000000000
1111111111111111111111111111111111111111111111111111110000000000
1111111111111111111111111111111111111111111111111111111111110000
1111111111111111111111111111111111111111111111111111111111111111
