1111111111111111111111111110000000000000000000000000000000000000
1111111111111111111111111100000000000000000000000000000000000000
1111111111111111111111111100000000000000000000000000000000000000
1111111111111111111111111110000000100000001110000000000000000000
1111111111111111111111111111111111000000001111000000000000000000
1111111111111111111111111111111111000000011111000000001100000000
1111111111111111111111111111111111000000011111000000001110000000
1111111111111111111111111111111111000000011111000000001111000000
1111111111111111111111111111111110000000011110000000011111000000
1111111111111111111111111111111100000000111110000000111111000000
1111111111111111111111111111111100000001111110000000111111100000
1111111111111111111111111111110000000011111100000000111111100000
1111111111111111111111111111100000000011111000000000111111100000
1111111111111111111111111111000000000111111000000001111111100000
1111111111111111111111111111000000000111111000000001111111100000
1111111111111100000000000000000000000000000000000001111111000000
1111100000000000000000000000000000000000000000000000000011000000
0000000000000000000000000000100000001111110000000000000000000000
0000000000000011111111111111111111111111111111111111000000000000
0000001111111111111111111111111111111111111111111111111110000000
1111111111111111111111111111111111111111111111111111111110000000
1111111111111111111111111111111111111111111111111111111110000000
1111111111111111111111111111111111111111111111111111111110000000
1111111111111111111111111111111111111111111111111111111110000000
