1111111111111111111111111111100000000000000000000000000000000000
1111111111111111111111111111000000000000000000000000000000000000
1111111111111111111111111111000000000000000000000000000000000000
1111111111111111111111111111000000000000000000000000000000000000
1111111111111111111111111111111111100000001111000000000000000000
1111111111111111111111111111111111100000001111100000000000000000
1111111111111111111111111111111111100000001111100000000000000000
1111111111111111111111111111111111100000011111100000000000000000
1111111111111111111111111111111111000000011111000000001100000000
1111111111111111111111111111111110000000111111000000011100000000
1111111111111111111111111111111110000000111110000000111100000000
1111111111111111111111111111111100000001111100000000111110000000
1111111111111111111111111111110000000011111000000000111110000000
1111111111111111111111111111110000000011111000000001111110000000
1111111111111111111111111111110000000011111000000001111110000000
1111111111111111100000000000000000000000000000000000111100000000
1111111110000000000000000000000000000000000000000000000000000000
1110000000000000000000000001111000101111111100000000000000000000
0000000000000001111111111111111111111111111111111111110000000000
0000000011111111111111111111111111111111111111111111111000000000
0001111111111111111111111111111111111111111111111111111000000000
1111111111111111111111111111111111111111111111111111111000000000
1111111111111111111111111111111111111111111111111111111000000000
1111111111111111111111111111111111111111111111111111111000000000
