1111111111111111111111111111000111100000000000000000000011111111
1111111111111111111111111111111110000000000000000000000000111111
1111111111111111111111111111111100000000000000000000000000011111
1111111111111111111111111111111100000000000000000000000000001111
1111111111111111111111111111111110000000000000000000000000000111
1111111111111111111111111111111111111000000000000000000000000011
1111111111111111111111111111111111111000000111000000000000000000
1111111111111111111111111111111111111000000111111110000000000000
1111111111111111111111111111111111111000000111111100000000000000
1111111111111111111111111111111111111000000111111000000000000000
1111111111111111111111111111111111110000001111110000000000000000
1111111111111111111111111111111111100000011111000000000000000000
1111111111111111111111111111111111000000111110000000000000000000
1111111111111111111111111111111110000000111110000000000000000000
1111111111111111111111111111100000000000000000000000000000000000
1111111111111111000000000000000000000000000000000000000000000000
1111111111000000000000000000000000000000000000000000000000000000
1111100000000000000011111111111111111111111111111100000000000000
1100000000001111111111111111111111111111111111111100000000000000
0000000111111111111111111111111111111111111111111100000000000000
0000111111111111111111111111111111111111111111111100000000000000
0111111111111111111111111111111111111111111111111100000000000000
1111111111111111111111111111111111111111111111111000000000000000
1111111111111111111111111111111111111111111111111000000000000000
