1111111111111111111111111111111110000000000000000000000111111111
1111111111111111111111111111111111111100000000000000000001111111
1111111111111111111111111111111111110000000000000000000001111111
1111111111111111111111111111111111100000000000000000000000111111
1111111111111111111111111111111111100000000000000000000000011111
1111111111111111111111111111111111110000000000000000000000011111
1111111111111111111111111111111111111100000000000000000000111111
1111111111111111111111111111111111111110000010000000000000111111
1111111111111111111111111111111111111110000011000000000000001111
1111111111111111111111111111111111111110000011110000000000000011
1111111111111111111111111111111111111110000011110000000000000001
1111111111111111111111111111111111111100000111110000000000000000
1111111111111111111111111111111111111000000111100000000000000000
1111111111111111100000000000000011110000001111100000000000000000
1111111110000000000000000000000000000000000011100000000000000000
1111110000000000000000000000000000000000000000000000000000000000
1110000000001111111111111111111111111100010000000000000000000000
0000000111111111111111111111111111111111111111100000000000000000
0000011111111111111111111111111111111111111111000000000000000000
0001111111111111111111111111111111111111111111000000000000000000
0001111111111111111111111111111111111111111111000000000000000000
0000111111111111111111111111111111111111111111000000000000000000
0000011111111111111111111111111111111111111111000000000000000000
0000001111111111111111111111111111111111111110000000000000000000
