1111111111111111111111111111111111100000000000000000000011111111
1111111111111111111111111111111111111110000000000000000111111111
1111111111111111111111111111111111111111000000000000000001111111
1111111111111111111111111111111111111100000000000000000000111111
1111111111111111111111111111111111111000000000000000000000111111
1111111111111111111111111111111111111000000000000000000000011111
1111111111111111111111111111111111111110000000000000000000001111
1111111111111111111111111111111111111110000000000000000000011111
1111111111111111111111111111111111111111000000000000000000011111
1111111111111111111111111111111111111111000001000000000000011111
1111111111111111111111111111111111111111000001100000000000001111
1111111111111111111111111111111111111110000011000000000000001111
1111111111111100000000000000111111111110000011000000000000000111
1111111100000000000000000000000000000000000110000000000000000011
1111100000000000000000000000000000000000000010000000000000000001
0000000000111111111111111111111111100000000000000000000000000000
0000000111111111111111111111111111111110001000000000000000000000
0000111111111111111111111111111111111111111110000000000000000000
0000011111111111111111111111111111111111111100000000000000000000
0000011111111111111111111111111111111111111100000000000000000000
0000001111111111111111111111111111111111111100000000000000000000
0000001111111111111111111111111111111111111000000000000000000000
0000000111111111111111111111111111111111111000000000000000000000
0000000011111111111111111111111111111111111000000000000000000000
