1111111111111111111111111111111111111111111111000000000000000000
1111111111111111111111111111111111111111111111000000000000000000
1111111111111111111111111111111111111111110000000000000000000000
1111111111111111111111111111111111111111111000000000000000000001
1111111111111111111111111111111111111111111100000000000000011111
1111111111111111111111111111111111111111111000000000000000011111
1111111111111111111111111111111111111111110000000000000000011111
1111111111111111111111111111111111111111110000000000000000000111
1111111111111111111111111111111111111111100000000000000000000111
1111111111111111111111111111111111111111000000000000000000001111
0001111111100000000000000000111111111111000000000000000000000011
0000000000000000000000000000000000011111000000000000000000000011
0000000000000111111111111000000000000001000000000000000000000011
0000000111111111111111111111111100000000000000000000001110000001
0000001111111111111111111111111111111000000000000000011110000000
0000001111111111111111111111111111111110000000000000000000000000
0000001111111111111111111111111111111111000000000000000000000001
0000001111111111111111111111111111111111000000000000000000111111
0000001111111111111111111111111111111110000000000000000000111111
0000001111111111111111111111111111111110000000000000000000011111
0000000111111111111111111111111111111100000000000000000000000111
0000000111111111111111111111111111111000000000000000000000000011
0000000111111111111111111111111111110000000000000000000000000001
0000000111111111111111111111111111100000000000000000000000000000
