1111111111111111111111111111111111111111111111111111111111111111
1111111111111111111111111111111111111111111111111111111111111111
1111111111111111111111111111111111111111111111111111111111111111
1111111111111111111111111111111111111111111111100000000000001111
1100111111111111111111111111111111111111111111000000000000000111
0000111111111111111111111111111111111111111000000000000000000111
0000000000011111111111111111111111111111111100000000000000000011
1000000000000000000000000000001111111111111000000000000000011111
1000000000000000000000000000000000011111111000000000000000111111
1000000000011111111111111110000000000011111000000000000000011111
0000000000111111111111111111111110000000000000000000000000011111
0000000000111111111111111111111111110000000000000000000000011111
0000000001111111111111111111111111111111000000000000000000111111
0000000001111111111111111111111111111110000000000000000000011111
0000000001111111111111111111111111111110000000000000000000001111
0000000011111111111111111111111111111100000000000000000000000111
0000000011111111111111111111111111111000000000000000000000000011
0000000011111111111111111111111111110000000000000000000000000001
0000000111111111111111111111111111111000100000000000000000000011
0000000111111111111111111111111111111111000000000000111000011111
0000000111111111111111111111111111111100000000000000111100001111
0000000111111111111111111111111111111000000000000000011110000111
1000000011111111111111111111111111111000000000000000011111000011
1100000011111111111111111111111111110000000000000000001111100011
