1111111111111111111111111111111111111111111111111111111111111111
1111111111111111111111111111111111111111111111111111111111111111
1111111111111111111111111111111111111111111111111111111111111111
1111111111111111111111111111111111111111111111111111111111111111
1100001111111111111111111111111111111111111111000000000001111111
1000001111111111111111111111111111111111111110000000000000111111
1000000000000011110000000011111111111111110000000000000000000111
1110000000000000000000000000000001111111111000000000000000000111
1100000000000000000111110000000000000111110000000000000000111111
1100000000001111111111111111111000000000110000000000000001111111
1000000000011111111111111111111111100000000000000000000000111111
1000000000011111111111111111111111111110000000000000000000111111
1000000000111111111111111111111111111111100000000000000001111111
1000000000111111111111111111111111111110000000000000000001111111
0000000000111111111111111111111111111110000000000000000000111111
0000000001111111111111111111111111111110000000000000000000011111
0000000001111111111111111111111111111000000000000000000000000111
0000000001111111111111111111111111110000000000000000000000000011
1000000011111111111111111111111111110000000000000000000000000111
1000000011111111111111111111111111111101100000000001111100001111
1000000011111111111111111111111111111111000000000001111110000111
1000000011111111111111111111111111111100000000000000111111000011
1100000001111111111111111111111111111000000000000000111111100001
1110000001111111111111111111111111110000000000000000011111110000
