1111111111111111111111111111111111111111111111111111111111111111
1111111111111111111111111111111111111111111111111111111111111111
1111111111111111111111111111111111111111111111111111111111111111
1111111111111111111111111111111111111111111111111111111111111111
1111001111111111111111111111111111111111111111000000000111111111
1100001111111111111111111111111111111111111110000000000001111111
1100000000000111111000000011111111111111110000000000000000001111
1110000000000000000000000000000001111111110000000000000000001111
1110000000000000000001000000000000000111110000000000000001111111
1110000000001111111111111111111000000000000000000000000001111111
1100000000001111111111111111111111110000000000000000000011111111
1100000000011111111111111111111111111110000000000000000001111111
1100000000011111111111111111111111111111100000000000000001111111
1000000000011111111111111111111111111111000000000000000011111111
1000000000111111111111111111111111111110000000000000000001111111
1000000000111111111111111111111111111110000000000000000000111111
1000000000111111111111111111111111111100000000000000000000001111
1000000001111111111111111111111111111000000000000000000000000111
1000000001111111111111111111111111111000000000000000000000000111
1000000001111111111111111111111111111100100000000011111110000111
1100000001111111111111111111111111111111000000000001111111000011
1100000001111111111111111111111111111110000000000001111111100001
1110000000111111111111111111111111111000000000000000111111110000
1111000000111111111111111111111111111000000000000000111111111000
