1111111111111111111111111111111111111111111111111111111111111111
1111111111111111111111111111111111111111111111111111111111111111
1111111111111111111111111111111111111111111111111111111111111111
1111111111111111111111111111111111111111111111111111111111111111
1111111111111111111111111111111111111111111111111001111111111111
1111001111111111111111111111111111111111111100000000001111111111
1100000111111111111111111111111111111111111000000000000000111111
1100000000000000000000000000000011111111000000000000000000011111
1111000000000000000000000000000000000111000000000000000011111111
1111000000000000011111111111110000000000000000000000000011111111
1110000000000111111111111111111111110000000000000000001111111111
1110000000001111111111111111111111111111000000000000000111111111
1110000000001111111111111111111111111111100000000000000111111111
1110000000001111111111111111111111111111000000000000011111111111
1100000000011111111111111111111111111110000000000000000111111111
1100000000011111111111111111111111111110000000000000000000111111
1100000000011111111111111111111111111110000000000000000000011111
1110000000011111111111111111111111111100000000000000000000001111
1110000000011111111111111111111111111100000000000011000000000011
1110000000011111111111111111111111111110000000000111111111100001
1110000000011111111111111111111111111111000000000011111111110000
1111000000011111111111111111111111111110000000000011111111111000
1111000000011111111111111111111111111100000000000011111111111100
1111100000001111111111111111111111111000000000000001111111111100
