1111111111111111111111111111111111111111111111111111111111111111
1111111111111111111111111111111111111111111111111111111111111111
1111111111111111111111111111111111111111111111111111111111111111
1111111111111111111111111111111111111100000111111111111111111111
1111111111111111111111111111111111100000000000001111111111111111
1111111111111111111111111111111111100000000000011111111111111111
1111111111111111111111111111111111000000000000011111111111111111
1111000111111111111000000000000000000000000000011111111111111111
1110000000000000000000000000000000000000000000111111111111111111
1111000000000000000111111111111100000000000001111111111111111111
1111100000000011111111111111111110000000000000000111111111111111
1111100000000011111111111111111111110000000000000001111111111111
1111100000000111111111111111111111110000000000000000000111111111
1111100000000111111111111111111111110000000000000000000001111111
1111100000000111111111111111111111110000000000000000000000111111
1111100000000111111111111111111111110000000000000000000000001111
1111110000000111111111111111111111110000000000000000001110000111
1111110000000111111111111111111111110000000000000111111111000011
1111110000000011111111111111111111110000000011111111111111110001
1111111000000011111111111111111111000000000011111111111111111000
1111111000000011111111111111111110000000000001111111111111111100
1111111100000001111111111111111100000000000001111111111111111100
1111111110000001111111111111111100000000000001111111111111111111
1111111111000000111111111111111100000000000001111111111111111111
