1111111111111111111111111111111111111111111111111111111111111111
1111111111111111111111111111111111111111111111111111111111111111
1111111111111111111111111111111111111100111111111111111111111111
1111111111111111111111111111111111000000000000111111111111111111
1111111111111111111111111111111110000000000000111111111111111111
1111111111111111111111111111111110000000000001111111111111111111
1111111111111111111111111111111100000000000001111111111111111111
1110000111111111110000000000000000000000000011111111111111111111
1110000000000000000000000000000000000000000011111111111111111111
1111000000000000001111111111111000000000000001111111111111111111
1111100000000111111111111111111110000000000000001111111111111111
1111100000000111111111111111111111000000000000000001111111111111
1111100000000111111111111111111111000000000000000000000111111111
1111100000000111111111111111111111100000000000001000000011111111
1111100000000111111111111111111111100000000000000000000000111111
1111100000000111111111111111111111100000000000000000001000011111
1111100000000111111111111111111111100000000000000000011100001111
1111110000000111111111111111111111100000000001111111111111000011
1111110000000111111111111111111111000000000111111111111111100001
1111110000000111111111111111111100000000000111111111111111110000
1111111000000011111111111111111000000000000011111111111111111000
1111111100000011111111111111111000000000000011111111111111111100
1111111100000001111111111111110000000000000011111111111111111111
1111111110000000111111111111110000000000000011111111111111111111
