1111111111111111111111111111111111111111111111111111111111111111
1111111111111111111111111111111111111111111111111111111111111111
1111111111111111111111111111111110000000100011111111111111111111
1111111111111111111111111111111000000000000011111111111111111111
1111111111111111111111111111111000000000000111111111111111111111
1111111111111111111111111111110000000000000111111111111111111111
1111111111111111111111111111100000000000001111111111111111111111
1100001111111111000000000000000000000000001111111111111111111111
1100000000000000000000000000000000000000011111111111111111111111
1110000000000000011111111111110000000000000001111111111111111111
1111000000001111111111111111111100000000000000011111111111111111
1111000000001111111111111111111110000000000000000010111111111111
1111000000001111111111111111111110000000000000000000001111111111
1111000000001111111111111111111110000000000000000000000111111111
1111000000001111111111111111111110000000000000000000000001111111
1111000000001111111111111111111110000000000000000000110000111111
1111000000001111111111111111111110000000000011111111111100011111
1111100000001111111111111111111100000000011111111111111110000111
1111100000001111111111111111111000000000011111111111111111000011
1111110000000111111111111111110000000000001111111111111111100000
1111110000000111111111111111100000000000001111111111111111110000
1111111000000011111111111111100000000000001111111111111111111100
1111111100000011111111111111000000000000001111111111111111111111
1111111110000001111111111111000000000000000111111111111111111111
