1111111111111111111111111111111111111111111111111111111111111111
1111111111111111111111111111111111111111111111111111111111111111
1111111111111111111111111111111100000000000111111111111111111111
1111111111111111111111111111110000000000000111111111111111111111
1111111111111111111111111111110000000000001111111111111111111111
1111111111111111111111111111100000000000001111111111111111111111
1111111111111111111111111111000000000000011111111111111111111111
1100011111111111000000000000000000000000011111111111111111111111
1100000000000000000000000000000000000000011111111111111111111111
1100000000000000011111111111110000000000000011111111111111111111
1111000000001111111111111111111100000000000000011111111111111111
1110000000001111111111111111111100000000000000000000111111111111
1110000000001111111111111111111100000000000000000000011111111111
1110000000001111111111111111111100000000000000000000001111111111
1111000000001111111111111111111100000000000000000000000011111111
1111000000001111111111111111111110000000000000000001110000111111
1111000000001111111111111111111110000000011111111111111000011111
1111000000001111111111111111111000000000111111111111111110001111
1111100000001111111111111111110000000000011111111111111111000111
1111100000001111111111111111100000000000011111111111111111100000
1111110000000111111111111111000000000000011111111111111111110000
1111110000000111111111111111000000000000001111111111111111111000
1111111000000011111111111110000000000000001111111111111111111111
1111111100000001111111111110000000000000001111111111111111111111
