1111111111111111111111111111111111111111111111111111111111111111
1111111111111111111111111111111111111111111111111111111111111111
1111111111111111111111111111110000011111111111111111111111111111
1111111111111111111111111110000000000001111111111111111111111111
1111111111111111111111111100000000000001111111111111111111111111
1111111111111111111111111100000000000011111111111111111111111111
1111111111111111111111110000000000000011111111111111111111111111
1111111111111111111111111000000000000111111111111111111111111111
0011111111110000000000000000000000001111111111111111111111111111
0000000000000000000000000000000000000011111111111111111111111111
0000000000000111111111111110000000000000000111111111111111111111
1000000001111111111111111111100000000000000001111111111111111111
0000000001111111111111111111100000000000000000000111111111111111
0000000001111111111111111111100000000000000100000001111111111111
0000000001111111111111111111110000000000000000000000011111111111
1000000001111111111111111111110000000000000000001100001111111111
1000000001111111111111111111110000000000011111111111000011111111
1000000001111111111111111111100000000111111111111111100001111111
1000000001111111111111111111000000000011111111111111111000111111
1100000001111111111111111110000000000011111111111111111100000111
1100000000111111111111111100000000000011111111111111111110000011
1110000000111111111111111000000000000001111111111111111111000001
1111000000011111111111111000000000000001111111111111111111111011
1111100000011111111111110000000000000001111111111111111111111111
