1111111111111111111111111111111111111111111111111111111111111111
1111111111111111111111111111111111111111111111111111111111111111
1111111111111111111111111111110001111111111111111111111111111111
1111111111111111111111111110000000000001111111111111111111111111
1111111111111111111111111100000000000011111111111111111111111111
1111111111111111111111111100000000000011111111111111111111111111
1111111111111111111111110000000000000011111111111111111111111111
1111111111111111111111110000000000000111111111111111111111111111
0111111111111000000000000000000000001111111111111111111111111111
0000000000000000000000000000000000001111111111111111111111111111
0000000000000011111111111100000000000000001111111111111111111111
0000000001111111111111111111000000000000000011111111111111111111
0000000011111111111111111111100000000000000000001111111111111111
0000000011111111111111111111100000000000001100000011111111111111
0000000011111111111111111111100000000000000000000000111111111111
0000000011111111111111111111100000000000000000011000001111111111
0000000001111111111111111111110000000000000000011110000111111111
1000000001111111111111111111100000000111111111111111100011111111
1000000001111111111111111111000000000111111111111111110000111111
1000000001111111111111111110000000000011111111111111111000011111
1100000001111111111111111100000000000011111111111111111100000011
1100000000111111111111111000000000000011111111111111111111000011
1110000000111111111111110000000000000011111111111111111111110011
1111000000011111111111110000000000000011111111111111111111111111
