1111111111111111111111111111111111111111111111111111111111111111
1111111111111111111111111111111111111111111111111111111111111111
1111111111111111111111111111111001111111111111111111111111111111
1111111111111111111111111110000000000001111111111111111111111111
1111111111111111111111111100000000000011111111111111111111111111
1111111111111111111111111100000000000011111111111111111111111111
1111111111111111111111110000000000000011111111111111111111111111
1111111111111111111111110000000000000111111111111111111111111111
0111111111111000000000000000000000001111111111111111111111111111
0000000000000000000000000000000000001111111111111111111111111111
0000000000000011111111111100000000000000011111111111111111111111
0000000001111111111111111111000000000000000011111111111111111111
0000000011111111111111111111000000000000000000001111111111111111
0000000011111111111111111111100000000000001000000011111111111111
0000000011111111111111111111100000000000000000000001111111111111
0000000011111111111111111111100000000000000000011000011111111111
0000000011111111111111111111110000000000000000011110000111111111
0000000011111111111111111111100000000111111111111111000011111111
1000000001111111111111111111000000000111111111111111110001111111
1000000001111111111111111110000000000011111111111111111000011111
1000000001111111111111111100000000000011111111111111111100000011
1100000001111111111111111000000000000011111111111111111110000011
1110000000111111111111110000000000000011111111111111111111100011
1110000000111111111111110000000000000011111111111111111111111111
