1111111111111111111111111111111111111111111111111111111111111111
1111111111111111111111111111111111111111111111111111111111111111
1111111111111111111111111111111001111111111111111111111111111111
1111111111111111111111111110000000000001111111111111111111111111
1111111111111111111111111100000000000011111111111111111111111111
1111111111111111111111111000000000000011111111111111111111111111
1111111111111111111111110000000000000011111111111111111111111111
1111111111111111111111110000000000000111111111111111111111111111
1111111111111100000000000000000000000111111111111111111111111111
0111111100000000000000000000000000011111111111111111111111111111
0000000000000001111111111000000000000001111111111111111111111111
0000000000011111111111111111000000000000001111111111111111111111
0000000111111111111111111111000000000000000001111111111111111111
0000000111111111111111111111100000000000000000000111111111111111
0000000111111111111111111111100000000000000000000011111111111111
0000000111111111111111111111100000000000000000000000111111111111
0000000111111111111111111111100000000000000000011100001111111111
0000000111111111111111111111100000000111111111111110000111111111
0000000111111111111111111111000000000111111111111111100001111111
0000000011111111111111111110000000000111111111111111110000111111
0000000011111111111111111100000000000011111111111111111000000111
0000000011111111111111111000000000000011111111111111111110000011
1000000011111111111111110000000000000011111111111111111111000011
1000000001111111111111110000000000000011111111111111111111110011
