1111111111111111111111111111111111111111111111111111111111111111
1111111111111111111111111111111111111111111111111111111111111111
1111111111111111111111111111110001111111111111111111111111111111
1111111111111111111111111100000000000001111111111111111111111111
1111111111111111111111111000000000000011111111111111111111111111
1111111111111111111111111000000000000011111111111111111111111111
1111111111111111111111110000000000000011111111111111111111111111
1111111111111111111111100000000000000111111111111111111111111111
1111111111111110000000110000000000000111111111111111111111111111
1111111110000000000000000000000000001111111111111111111111111111
0000000000000000111100000000000000001111111111111111111111111111
0000000000111111111111111110000000000000001111111111111111111111
0000001111111111111111111111000000000000000011111111111111111111
0000011111111111111111111111000000000000000000001111111111111111
0000011111111111111111111111000000000000001000000011111111111111
0000011111111111111111111111100000000000000000000000111111111111
0000011111111111111111111111100000000000000000001000001111111111
0000011111111111111111111111100000000000000000011110000111111111
0000011111111111111111111111000000000111111111111111100001111111
0000001111111111111111111110000000000111111111111111110000111111
0000001111111111111111111100000000000011111111111111111000011111
0000001111111111111111111000000000000011111111111111111100000011
0000001111111111111111110000000000000011111111111111111111000001
0000001111111111111111110000000000000011111111111111111111100000
