1111111111111111111111111111111111111111111111111111111111111111
1111111111111111111111111111111111111111111111111111111111111111
1111111111111111111111111111100001111111111111111111111111111111
1111111111111111111111111100000000000001111111111111111111111111
1111111111111111111111111000000000000011111111111111111111111111
1111111111111111111111111000000000000011111111111111111111111111
1111111111111111111111100000000000000011111111111111111111111111
1111111111111111111111100000000000000111111111111111111111111111
1111111111111111111111100000000000000111111111111111111111111111
1111111100000000000000000000000000001111111111111111111111111111
0000000000000000000000000000000000011111111111111111111111111111
0000000001111111111111111100000000000000011111111111111111111111
0000111111111111111111111110000000000000000111111111111111111111
0000111111111111111111111111000000000000000000111111111111111111
0000111111111111111111111111000000000000000000000011111111111111
0000111111111111111111111111000000000000000000000001111111111111
0000111111111111111111111111000000000000000000000000011111111111
0000111111111111111111111111100000000000000000001100000111111111
0000111111111111111111111111100000000111111110011111000011111111
0000111111111111111111111110000000000111111111111111110000111111
0000111111111111111111111100000000000111111111111111111000011111
0000111111111111111111111000000000000011111111111111111100001111
0000111111111111111111110000000000000011111111111111111110000001
0000111111111111111111110000000000000011111111111111111111100000
