1111111111111111111111111111111111111111111111111111111111111111
1111111111111111111111111111111111111111111111111111111111111111
1111111111111111111111111100000000111001111111111111111111111111
1111111111111111111111100000000000000001111111111111111111111111
1111111111111111111111100000000000000111111111111111111111111111
1111111111111111111111100000000000000011111111111111111111111111
1111111111111111111111000000000000000011111111111111111111111111
1111111111111111111100000000000000000111111111111111111111111111
1111111111111111111111000000000000000111111111111111111111111111
1111110000000000000000000000000000001111111111111111111111111111
0000000000000000000000000000000000011111111111111111111111111111
0000000011111111111000000000000000011111111111111111111111111111
0000111111111111111111111100000000000000011111111111111111111111
1111111111111111111111111100000000000000000111111111111111111111
1111111111111111111111111100000000000000000000011111111111111111
1111111111111111111111111100000000000000000000000001111111111111
1111111111111111111111111110000000000000000110000000111111111111
1111111111111111111111111110000000000000000000000000001111111111
1111111111111111111111111110000000000000000000000000000011111111
1111111111111111111111111110000000000000000000000111000001111111
1111111111111111111111111110000000000111111111001111110000011111
1111111111111111111111111100000000000111111111111111111100001111
1111111111111111111111111000000000000111111111111111111110000111
1111111111111111111111100000000000000011111111111111111111000011
