1111111111111111111111111111111111111111111111111111111111111111
1111111111111111111111110000000111111111111111111111111111111111
1111111111111111111110000000000000000011111111111111111111111111
1111111111111111111100000000000000000111111111111111111111111111
1111111111111111111000000000000000001111111111111111111111111111
1111111111111111111000000000000000000111111111111111111111111111
1111111111111111110000000000000000000111111111111111111111111111
1111111111111111100000000000000000001111111111111111111111111111
1111111111111111100000000000000000001111111111111111111111111111
1111000000000011110000000000000000011111111111111111111111111111
0000000000000000000000000000000000111111111111111111111111111111
0000000000000000000000000000000001111111111111111111111111111111
1111111111111111111000000000000000011111111111111111111111111111
1111111111111111111111100000000000000000011111111111111111111111
1111111111111111111111100000000000000000000011111111111111111111
1111111111111111111111100000000000000000000000111111111111111111
1111111111111111111111110000000000000000000000000111111111111111
1111111111111111111111110000000000000000000100000000011111111111
1111111111111111111111111000000000000000000111000000001111111111
1111111111111111111111111000000000000000000000000000000011111111
1111111111111111111111111000000000000000000000000000000000111111
1111111111111111111111111000000000000000000000000011110000011111
1111111111111111111111111000000000001111111111000111111100000111
1111111111111111111111110000000000001111111111111111111110000011
