1111111111111111111111111111111111111111111111111111111111111111
1111111111111111111111000000000111000011111111111111111111111111
1111111111111111111000000000000000000011111111111111111111111111
1111111111111111110000000000000000000111111111111111111111111111
1111111111111111110000000000000000001111111111111111111111111111
1111111111111111110000000000000000000111111111111111111111111111
1111111111111111100000000000000000000111111111111111111111111111
1111111111111111000000000000000000001111111111111111111111111111
0000000000000010000000000000000000001111111111111111111111111111
0000000000000000000000000000000000011111111111111111111111111111
0000000000000000000000000000000000111111111111111111111111111111
1111111111111111000000000000000001111111111111111111111111111111
1111111111111111100000000000000000011111111111111111111111111111
1111111111111111111000000000000000000010111111111111111111111111
1111111111111111111111000000000000000000000111111111111111111111
1111111111111111111111000000000000000000000001111111111111111111
1111111111111111111111100000000000000000000000011111111111111111
1111111111111111111111100000000000000000000000000011111111111111
1111111111111111111111100000000000000000000000000000011111111111
1111111111111111111111110000000000000000000011100000000111111111
1111111111111111111111110000000000000000000000000000000011111111
1111111111111111111111110000000000000000000000000000000001111111
1111111111111111111111110000000000000000000000000001100000011111
1111111111111111111111110000000000000111110000000011111000001111
