1111111111111111111111111111111000000000000011111111111111111111
1111111111111111111111111111110000000000000000000001111111111111
1111111111111111111111111111100000000000000000000000111111111111
1111111111111111111111111111000000000000000000000011111111111111
1111111111111111111111111000000000000000000000001111111111111111
1111111111111111111111110000000000000000000000001111111111111111
1111111111111111111111111100000000000000000000001111111111111111
0000000000000000000000010000000000000000000000111111111111111111
0000000000000000000000000000000000000000000001111111111111111111
0000000011111110000000000000000000000000000011111111111111111111
0001111111111111111111110000000000000000000111111111111111111111
1111111111111111111111111111000000000000000111111111111111111111
1111111111111111111111111111110000000000000001111111111111111111
1111111111111111111111111111100000000000000000000011111111111111
1111111111111111111111111111100000000000000000000000011111111111
1111111111111111111111111111110000000000000000000000000111111111
1111111111111111111111111111110000000000000000000000000011111111
1111111111111111111111111111110000000000000000000000000000011111
1111111111111111111111111111110000000000000000000000000000000011
1111111111111111111111111111110000000000000000000000011000000000
1111111111111111111111111111110000000000000000000000000000000000
1111111111111111111111111111110000000000000000000000000000000000
1111111111111111111111111111110000000000000000000000000000000000
1111111111111111111111111111110000000000000001111100000000011110
