1111111111111111111111111111111000000000000001111111111111111111
1111111111111111111111111111110000000000000000000000111111111111
1111111111111111111111111111110000000000000000000000011111111111
1111111111111111111111111111000000000000000000000011111111111111
1111111111111111111111111000000000000000000000001111111111111111
1111111111111111111111111000000000000000000000000111111111111111
1111111111111111111111111100000000000000000000001111111111111111
0000000000000000000000000000000000000000000000111111111111111111
0000000000000000000000000000000000000000000000111111111111111111
0000000011111111110000000000000000000000000011111111111111111111
0011111111111111111111111100000000000000000111111111111111111111
1111111111111111111111111111100000000000000111111111111111111111
1111111111111111111111111111111000000000000000011111111111111111
1111111111111111111111111111110000000000000000000001111111111111
1111111111111111111111111111110000000000000000000000001111111111
1111111111111111111111111111111000000000000000000000000011111111
1111111111111111111111111111111000000000000000000000000000111111
1111111111111111111111111111111000000000000000000000000000001111
1111111111111111111111111111111000000000000000000000000000000001
1111111111111111111111111111111000000000000000000000001100000000
1111111111111111111111111111111000000000000000000000000000000000
1111111111111111111111111111111000000000000000000000000000000000
1111111111111111111111111111111000000000000000000000000000000000
1111111111111111111111111111111000000000000000111110000000001111
