1111111111111111111111111111111111000000000000000000000001111111
1111111111111111111111111111111111000000000000000000000001111111
1111111111111111111111111111111000000000000000000000000111111111
1111111111111111111111111111100000000000000000000000011111111111
1111111111111111111111111111100000000000000000000000001111111111
1111111111111110000011111111110000000000000000000000011111111111
0000000000000000000000000000000000000000000000000011111111111111
0000000000000000000000000000000000000000000000000011111111111111
0000000000001111111111000000000000000000000000000111111111111111
0000000111111111111111111111110000000000000000001111111111111111
0111111111111111111111111111111110000000000000001111111111111111
1111111111111111111111111111111111100000000000000001111111111111
1111111111111111111111111111111111000000000000000000000011111111
1111111111111111111111111111111111000000000000000000000000011111
1111111111111111111111111111111111000000000000000000000000000111
1111111111111111111111111111111111100000000000000011000000000011
1111111111111111111111111111111111000000000000000000000000000000
1111111111111111111111111111111111100000000000000000000000000000
1111111111111111111111111111111111100000000000000000000000001000
1111111111111111111111111111111111100000000000000000000000000000
1111111111111111111111111111111111100000000000000000000000000000
1111111111111111111111111111111111100000000000000000000000000000
1111111111111111111111111111111111100000000000000000000000000000
1111111111111111111111111111111111000000000000000011111111000000
