1111111111111111111111111111111111111100000000000000000000000011
1111111111111111111111111111111111100000000000000000000000011111
1111111111111111111111111111111111000000000000000000000000011111
1111111111111111111111111111111111000000000000000000000000011111
0000000011111000000000000000000001000000000000000000000000111111
0000000000000000000000000000000000000000000000000000000011111111
0000000000000000000000000000000000000000000000000000000011111111
0000000000000011111111111111111100000000000000000000000011111111
0000011111111111111111111111111111100000000000000000000111111111
0000011111111111111111111111111111111100000000000000000111111111
0000111111111111111111111111111111111110000000000000000000111111
0000111111111111111111111111111111111100000000000000000000000001
0001111111111111111111111111111111111100000000000000000000000000
0001111111111111111111111111111111111110000000000000000000000000
0001111111111111111111111111111111111110000000000000000010000000
0011111111111111111111111111111111111110000000000000000000000000
0011111111111111111111111111111111111110000000000000000000000000
0011111111111111111111111111111111111110000000000000000000000000
0011111111111111111111111111111111111110000000000000000000000000
0111111111111111111111111111111111111110000000000000000000000000
0111111111111111111111111111111111111110000000000000000000000000
0111111111111111111111111111111111111111000000000000000000000000
0111111111111111111111111111111111111110000000000000000001111110
0111111111111111111111111111111111111100000000000000000111111111
