1111111111111111111111111111111111111100000000000000000000000011
1111111111111111111111111111111111100000000000000000000000001111
1111111111111111111111111111111111100000000000000000000000000111
0001111111111111110000000000111111110000000000000000000000001111
0000000000000000000000000000000000000000000000000000000000011111
0000000000000000000000000000000000000000000000000000000001111111
0000000000000000001111111110000000000000000000000000000001111111
0000000000000111111111111111111111100000000000000000000001111111
0000001111111111111111111111111111111000000000000000000011111111
0000011111111111111111111111111111111111000000000000000001111111
0000011111111111111111111111111111111111000000000000000000001111
0000111111111111111111111111111111111110000000000000000000000000
0000111111111111111111111111111111111110000000000000000000000000
0000111111111111111111111111111111111111000000000000000001000000
0001111111111111111111111111111111111111000000000000000001100000
0001111111111111111111111111111111111111000000000000000000000000
0001111111111111111111111111111111111111000000000000000000000000
0001111111111111111111111111111111111111000000000000000000000000
0011111111111111111111111111111111111111000000000000000000000000
0011111111111111111111111111111111111111000000000000000000000000
0011111111111111111111111111111111111111000000000000000000000000
0011111111111111111111111111111111111111100000000000000000000000
0111111111111111111111111111111111111111000000000000000000111111
0111111111111111111111111111111111111110000000000000000011111111
