0000000000000001111111111111111111111111111111111111111111111100
0000000000000011111111111111111111111111111111111111111111111111
0000000000000011111111111111111111111111111111111111111111111111
0000000000000111111111111111111111111111111111111111111111111111
0000000000000111111111111111111111111111111111111111111111111111
0000000000001111111111111111111111111111111111111111111111111111
0000000000001111111111111111111111111111111111111111111111111111
0000000000001111111111111111111111111111111111111111111111111111
0000000000011111111111111111111111111111111111111111111111111111
0000000000011111111111111111111111111111111111111111111111111111
0000000000011111111111111111111111111111111111111111111111111111
0000000000011111111111111111111111111111111111111111111111111111
0000000000111111111111111111111111111111111111111111111111111111
0000000000111111111111111111111111111111111111111111111111111111
0000000000111111111111111111111111111111111111111111111111111111
0000000000111111111111111111111111111111111111111111111111111111
0000000000111111111111111111111111111111111111111111111111111111
0000000000111111111111111111111111111111111111111111111111111111
0000000000011111111111111111111111111111111111111111111111111111
0000000000011111111111111111111111111111111111111111111111111111
0000000000011111111111111111111111111111111111111111111111111100
1000000000011111111111111111111111111111111111111111111111111000
1000000000001111111111111111111111111111111111111111111111110000
1100000000001111111111111111111111111111111111111111111111110000
