0000000000000001111111111111111111111111111111111111111111111111
0000000000000011111111111111111111111111111111111111111111111111
0000000000000011111111111111111111111111111111111111111111111111
0000000000000111111111111111111111111111111111111111111111111111
0000000000000111111111111111111111111111111111111111111111111111
0000000000001111111111111111111111111111111111111111111111111111
0000000000001111111111111111111111111111111111111111111111111111
0000000000001111111111111111111111111111111111111111111111111111
0000000000001111111111111111111111111111111111111111111111111111
0000000000011111111111111111111111111111111111111111111111111111
0000000000011111111111111111111111111111111111111111111111111111
0000000000011111111111111111111111111111111111111111111111111111
0000000000011111111111111111111111111111111111111111111111111111
0000000000011111111111111111111111111111111111111111111111111111
0000000000011111111111111111111111111111111111111111111111111111
0000000000011111111111111111111111111111111111111111111111111111
0000000000011111111111111111111111111111111111111111111111111111
0000000000011111111111111111111111111111111111111111111111111111
0000000000001111111111111111111111111111111111111111111111111111
1000000000001111111111111111111111111111111111111111111111111111
1100000000001111111111111111111111111111111111111111111111111111
1110000000000111111111111111111111111111111111111111111111111111
1111000000000111111111111111111111111111111111111111111111111110
1111100000000011111111111111111111111111111111111111111111111100
