1111100000000000000111111111111111111111111111111111111111111111
1111100000000000000111111111111111111111111111111111111111111111
1111100000000000000111111111111111111111111111111111111111111111
1111110000000000000111111111111111111111111111111111111111111111
1111110000000000000111111111111111111111111111111111111111111111
1111111000000000000111111111111111111111111111111111111111111111
1111111000000000000111111111111111111111111111111111111111111111
1111111100000000000111111111111111111111111111111111111111111111
1111111100000000000011111111111111111111111111111111111111111111
1111111110000000000011111111111111111111111111111111111111111111
1111111111000000000011111111111111111111111111111111111111111111
1111111111100000000011111111111111111111111111111111111111111111
1111111111110000000001111111111111111111111111111111111111111111
1111111111111000000001111111111111111111111111111111111111111111
1111111111111100000000111111111111111111111111111111111111111111
1111111111111110000000111111111111111111111111111111111111111111
1111111111111111000000011111111111111111111111111111111111111111
1111111111111111110000011111111111111111111111111111111111111111
1111111111111111111100001111111111111111111111111111111111111111
1111111111111111111111000111111111111111111111111111111111111111
1111111111111111111111111111111111111111111111111111111111111111
1111111111111111111111111111111111111111111111111111111111111111
1111111111111111111111111111111111111111111111111111111111111111
1111111111111111111111111111111111111111111111111111111111111111
