1111111111111111111111111111111111111111111111111111111111111111
1111111111111111111111111111111111111111111111111111111111111111
1111111111111111111111111111111111111111111111111111111111111111
1111111111111111111111111111111111111111111111111111111111111111
1111111111111111111111111111111000111111111111111111111111111111
1111111111111111111111111110000000001111111111111111111111111111
1111111111111111111111111110000000000111111111111111111111111111
1111111111111111111111111111100000000011111111111111111111111111
1111111111111111111111111111110000000111111111111111111111111111
1111111111111111110001111111110000000000000000111111111111111111
1111111111111111110000000000000000000000000000000111111111111111
1111111111111111111111110001110000000000000000000111111111111111
1111111111111111111111111111111111000111111000011111111111111111
1111111111111111111111111111111111111111111111111111111111111111
1111111111111111111111111111111111111111111111111111111111111111
1111111111111111111111111111111111111111111111111111111111111111
1111111111111111111111111111111111111111111111111111111111111111
1111111111111111111111111111111111111111111111111111111111111111
1111111111111111111111111111111111111111111111111111111111111111
1111111111111111111111111111111111111111111111111111111111111111
1111111111111111111111111111111111111111111111111111111111111111
1111111111111111111111111111111111111111111111111111111111111111
1111111111111111111111111111111111111111111111111111111111111111
1111111111111111111111111111111111111111111111111111111111111111
