1111111111111111111111111111111111111111111111111111111111111111
1111111111111111111111111111111111111111111111111111111111111111
1111111111111111111111111111111111111111111111111111111111111111
1111111111111111111111111111111111111111111111111111111111111111
1111111111111111111111111111111000111111111111111111111111111111
1111111111111111111111111110000000001111111111111111111111111111
1111111111111111111111111110000000000111111111111111111111111111
1111111111111111111111111111100000000011111111111111111111111111
1111111111111111111111111111110000000111111111111111111111111111
1111111111111111110111111111110000000000000000111111111111111111
1111111111111111110000000000000000000000000000001111111111111111
1111111111111111111110100000000000000000000000000111111111111111
1111111111111111111111111111111111000111110000011111111111111111
1111111111111111111111111111111111111111111111111111111111111111
1111111111111111111111111111111111111111111111111111111111111111
1111111111111111111111111111111111111111111111111111111111111111
1111111111111111111111111111111111111111111111111111111111111111
1111111111111111111111111111111111111111111111111111111111111111
1111111111111111111111111111111111111111111111111111111111111111
1111111111111111111111111111111111111111111111111111111111111111
1111111111111111111111111111111111111111111111111111111111111111
1111111111111111111111111111111111111111111111111111111111111111
1111111111111111111111111111111111111111111111111111111111111111
1111111111111111111111111111111111111111111111111111111111111111
