1111111111111111111111111111111111111111111111111111111111111111
1111111111111111111111111111111111111111111111111111111111111111
1111111111111111111111111111111111111111111111111111111111111111
1111111111111111111111111111111111111111111111111111111111111111
1111111111111111111111111111111111111111111111111111111111111111
1111111111111111111111111111111111111111111111111111111111111111
1111111111111111111111111111111111111111111111111111111111111111
1111111111111111111111111111111111111111111111111111111111111111
1111111111111111111111111111111111111111111111111111111111111111
1111111111111111111111111111011110111011111111111111111111111111
1111111111111111111100110011001100110001001111111111111111111111
1111111111111111110000010001100110011001000000111111111111111111
1111111111111111110001000000000000000000000000111111111111111111
1111111111111111110000000000000000000000000001111111111111111111
1111111111111111111100000000000000000000000011111111111111111111
1111111111111111000000000000000000000000000000011111111111111111
1111111111111100000011000000000000000000001000000011111111111111
1111111111110000001111000000000000000000001111000001111111111111
1111111111110000011111000000000000000000001111000000111111111111
1111111111110000001111100000000000000000011111000000111111111111
1111111111111000000001111110000000000111111000000001111111111111
1111111111111110000000000011111111111000000000000111111111111111
1111111111111111110000000000000000000000000000111111111111111111
1111111111111111111111110000000000000001111111111111111111111111
