1111111111111111111111111111111111111111111111111111111111111111
1111111111111111111111111111111111111111111111111111111111111111
1111111111111111111111111111111111111111111111111111111111111111
1111111111111111111111111111111111111111111111111111111111111111
1111111111111111111111111111111111111111111111111111111111111111
1111111111111111111111111111111111111111111111111111111111111111
1111111111111111111111111111111111111111111111111111111111111111
1111111111111111111111111111111111111111111111111111111111111111
1111111111111111111111111111111111111111111111111111111111111111
1111111111111111111011100110001100011000100011111111111111111111
1111111111111111000001100111001110011001100000001111111111111111
1111111111111110000101111111111111111111111100000111111111111111
1111111111111110000011111011100110011101100100000111111111111111
1111111111111111100010001000000000000001000000001111111111111111
1111111111111111111000000000000000000000000001111111111111111111
1111111111111110000000000000000000000000000000001111111111111111
1111111111110000000100000000011111100000000010000001111111111111
1111111111100000111110000011000000001100001111110000011111111111
1111111111000011111111000000000000000000001111111000001111111111
1111111110000011111111000000000000000000001111111100000111111111
1111111111000001111111110000000000000001111111111000001111111111
1111111111100000011111111111111111111111111111100000011111111111
1111111111111000000001111111111111111111111000000001111111111111
1111111111111111000000000000000000000000000000001111111111111111
