1111111111111111111111111111111111111111111111111111111111111111
1111111111111111111111111111111111111111111111111111111111111111
1111111111111111111111111111111111111111111111111111111111111111
1111111111111111111111111111111111111111111111111111111111111111
1111111111111111111111111111111111111111111111111111111111111111
1111111111111111111111111111111111111111111111111111111111111111
1111111111111111111111111111111111111111111111111111111111111111
1111111111111111111111111111111111111111111111111111111111111111
1111111111111111111111111111111111111111111111111111111111111111
1111111111111111111110011110011111001111000111111111111111111111
1111111111111100011100011110011111001111000111000110111111111111
1111111111000100011111111111111111111111111111001100011111111111
1111111110000111111111111111111111111111111111111110000011111111
1111111100001111111111111111111111111111111111111110000011111111
1111111111000011111111111111111111111111111111001110000111111111
1111111111100011000011111111100000011011111110000111111111111111
1111111111111111000000000000000000000000000011000111111111111111
1111111111111111000000000000011111110000000000011111111111111111
1111111111111100000001111111111111111111111000000011111111111111
1111111111111000000111111111111111111111111110000001111111111111
1111111111111000000111111111111111111111111110000001111111111111
1111111111111000000001111111111111111111111000000001111111111111
1111111111111100000000000111111111111110000000000111111111111111
1111111111111111100000000000000000000000000000011111111111111111
