1111111111111111111111111111111111111111111111111111111111111111
1111111111111111111111111111111111111111111111111111111111111111
1111111111111111111111111111111111111111111111111111111111111111
1111111111111111111111111111111111111111111111111111111111111111
1111111111111111111111111111111111111111111111111111111111111111
1111111111111111111111111111111111111111111111111111111111111111
1111111111111111111111111111111111111111111111111111111111111111
1111111111111111111111111111111111111111111111111111111111111111
1111111111111111111111111111111111111111111111111111111111111111
1111111111111111111111111111111111111111111111111111111111111111
1111111111111111111111111110011111000111100111111111111111111111
1111111111111100111000111110011111000111100011100011111111111111
1111111111111000111100111111111111111111111111100011000111111111
1111111100011111111111111111111111111111111111111111000111111111
1111110000011111111111111111111111111111111111111111111000111111
1111110001111111111111111111111111111111111111111111110000111111
1111111100001111110000000000000000000000000001111111100001111111
1111111100011100000000111111111111111111110000000001110001111111
1111111111110000001111111001111111111001111111000000111111111111
1111111111000000011111110000000000000000111111110000001111111111
1111111110000011111111110000000000000000111111111100000111111111
1111111110000011111111111111111111111111111111111100000111111111
1111111110000001111111111111111111111111111111111000000111111111
1111111111000000011111111111111111111111111111100000001111111111
