1111111111111111111111111111111111111111111111111111111111111111
1111111111111111111111111111111111111111111111111111111111111111
1111111111111111111111111111111111111111111111111111111111111111
1111111111111111111111111111111111111111111111111111111111111111
1111111111111111111111111111111111111111111111111111111111111111
1111111111111111111111111111111111111111111111111111111111111111
1111111111111111111111111111111111111111111111111111111111111111
1111111111111111111111111111111111111111111111111111111111111111
1111111111111111111111111111111111111111111111111111111111111111
1111111111111111111111111111111111111111111111111111111111111111
1111111111111111111111111111111111111111111111111111111111111111
1111111111111111111111111111111111111111111111111111111111111111
1111111111111111111111111111111111111111111111111111111111111111
1111111111111111111001111100011111000111110011111111111111111111
1111111111110001111001111110011111101111110011111000111111111111
1111111011110001111111111111111111111111111111111000111001111111
1111110000111111111111111111111111111111111111111111110000111111
1111111001111111111111111111111111111111111111111111111111000111
1111000110001111111111111111110001111111111111111111000110000111
1111000000111111111111110000000000000000111111111111110000001111
1111100011111111111111100000000000000000011111111111111100001111
1111000011111111111111100000000000000000011111111111111100001111
1110001111110001111111110000000000000001111111111000111111000111
1110001111100001111111111111111111111111111111110000011111000111
