1111111111111111111111111111111111111111111111111111111111111111
1111111111111111111111111111111111111111111111111111111111111111
1111111111111111111111111111111111111111111111111111111111111111
1111111111111111111111111111111111111111111111111111111111111111
1111111111111111111111111111111111111111111111111111111111111111
1111111111111111111111111111111111111111111111111111111111111111
1111111111111111111111111111111111111111111111111111111111111111
1111111111111111111111111111111111111111111111111111111111111111
1111111111111111111111111111111111111111111111111111111111111111
1111111111111111111111111111111111111111111111111111111111111111
1111111111111111111111111111111111111111111111111111111111111111
1111111111111111111111111111111111111111111111111111111111111111
1111111111111111111111111111111111111111111111111111111111111111
1111111111111111111111111111111111101111111111111111111111111111
1111111111111111111001111100011111000111110001111111111111111111
1111111111110011111001111110111111101111110001111000111111111111
1111111111110011111111111111111111111111111111111100111101111111
1111110001111111111111111111111111111111111111111111111000111111
1111110001111111111111111111100000011111111111111111111001101111
1110000111111111111111100000000000000000111111111111111111000111
1110001111111111111111000000000000000000001111111111111111000111
1110000111111111111110000000000000000000001111111111111110000111
1100000011111111111111000000000000000000011111111111111110000011
1101000111111111111111111000000000000011111111111111111110000011
