1111111111111111111111111111111111111111111111111111111111111111
1111111111111111111111111111111111111111111111111111111111111111
1111111111111111111111111111111111111111111111111111111111111111
1111111111111111111111111111111111111111111111111111111111111111
1111111111111111111111111111111111111111111111111111111111111111
1111111111111111111111111111111111111111111111111111111111111111
1111111111111111111111111111111111111111111111111111111111111111
1111111111111111111111111111111111111111111111111111111111111111
1111111111111111111111111111111111111111111111111111111111111111
1111111111111111111111111111111111111111111111111111111111111111
1111111111111111111111111111111111111111111111111111111111111111
1111111111111111111111111111111111111111111111111111111111111111
1111111111111111111111111111111111111111111111111111111111111111
1111111111111111111111111111111111111111111111111111111111111111
1111111111111111111111111111111111111111111111111111111111111111
1111111111111111111001111100011111000111110011111111111111111111
1111111111110011111001111100011111001111110001111100111111111111
1111111111100011111111111111111111111111111111111100011111111111
1111110001110111111111111111000000001111111111111111111000111111
1111110001111111111111100000000000000000011111111111111000111111
1111011111111111111110000000000000000000000111111111111111000111
1100001111111111111100000000011111100000000011111111111111000011
1110001111111111111110000000000000000000000111111111111111100111
1111000111111111111111100000000000000000011111111111111110001111
