1111111111111111111111111111111111111111111111111111111111111111
1111111111111111111111111111111111111111111111111111111111111111
1111111111111111111111111111111111111111111111111111111111111111
1111111111111111111111111111111111111111111111111111111111111111
1111111111111111111111111111111111111111111111111111111111111111
1111111111111111111111111111111111111111111111111111111111111111
1111111111111111111111111111111111111111111111111111111111111111
1111111111111111111111111111111111111111111111111111111111111111
1111111111111111111111111111111111111111111111111111111111111111
1111111111111111111111111111111111111111111111111111111111111111
1111111111111111111111111111111111111111111111111111111111111111
1111111111111111111111111111111111111111111111111111111111111111
1111111111111111111111111111111111111111111111111111111111111111
1111111111111111111111111111000000011111111111111111111111111111
1111111111111111111111111110000000011111111111111111111111111111
1111111111111111111111111110000000011111111111111111111111111111
1111111111111111111111111111000000111111111111111111111111111111
1111111111111111111111111111100000011111111111111111111111111111
1111111111111111111111111111000000001111111111111111111111111111
1111111111111110000001111111000000001111111000000111111111111111
1111111111100000011111111111000000001111111111100000011111111111
1111111100000111111111111111000000001111111111111110000011111111
1111110000011111111111111000000000000011111111111111100001111111
1111100001111111111111111000000000000001111111111111110000011111
