1111111111111111111111111111111111111111111111111111111111111111
1111111111111111111111111111111111111111111111111111111111111111
1111111111111111111111111111111111111111111111111111111111111111
1111111111111111111111111111111111111111111111111111111111111111
1111111111111111111111111111111111111111111111111111111111111111
1111111111111111111111111111111111111111111111111111111111111111
1111111111111111111111111111111111111111111111111111111111111111
1111111111111111111111111111111111111111111111111111111111111111
1111111111111111111111111111111111111111111111111111111111111111
1111111111111111111111111111111111111111111111111111111111111111
1111111111111111111111111111111111111111111111111111111111111111
1111111111111111111111111111111111111111111111111111111111111111
1111111111111111111111111111110011111111111111111111111111111111
1111111111111111111111111110000000011111111111111111111111111111
1111111111111111111111111110000000011111111111111111111111111111
1111111111111111111111111110000000011111111111111111111111111111
1111111111111111111111111111000000011111111111111111111111111111
1111111111111111111111111111100000011111111111111111111111111111
1111111111111111111111111111000000001111111111111111111111111111
1111111111111111111111111111000000001111111111111111111111111111
1111111111000001111111111111000000001111111111111000011111111111
1111111000001111111111111111000000001111111111111111000011111111
1111100001111111111111110000000000000001111111111111110000111111
1111000011111111111111110000000000000000111111111111111100001111
