1111111111111111111111111111111111111111111111111111111111111111
1111111111111111111111111111111111111111111111111111111111111111
1111111111111111111111111111111111111111111111111111111111111111
1111111111111111111111111111111111111111111111111111111111111111
1111111111111111111111111111111111111111111111111111111111111111
1111111111111111111111111111111111111111111111111111111111111111
1111111111111111111111111111111111111111111111111111111111111111
1111111111111111111111111111111111111111111111111111111111111111
1111111111111111111111111111111111111111111111111111111111111111
1111111111111111111111111111111111111111111111111111111111111111
1111111111111111111111111111111111111111111111111111111111111111
1111111111111111111111111111111111111111111111111111111111111111
1111111111111111111111111111111111111111111111111111111111111111
1111111111111111111111111111000000011111111111111111111111111111
1111111111111111111111111111000000001111111111111111111111111111
1111111111111111111111111111000000001111111111111111111111111111
1111111111111111111111111111100000011111111111111111111111111111
1111111111111111111111111111000000001111111111111111111111111111
1111111111111111111111111111000000001111111111111111111111111111
1111111111111111111111111111000000000111111111111111111111111111
1111111111111111111111000000000000000000011111111111111111111111
1111111111111111100000000000000000000000000000111111111111111111
1111111111111110000000011110000000000111100000000111111111111111
1111111111111000000011111110000000000111111100000001111111111111
