1111111111111111111111111111111111111111111111111111111111111111
1111111111111111111111111111111111111111111111111111111111111111
1111111111111111111111111111111111111111111111111111111111111111
1111111111111111111111111111111111111111111111111111111111111111
1111111111111111111111111111111111111111111111111111111111111111
1111111111111111111111111111111111111111111111111111111111111111
1111111111111111111111111111111111111111111111111111111111111111
1111111111111111111111111111111111111111111111111111111111111111
1111111111111111111111111111111111111111111111111111111111111111
1111111111111111111111111111111111111111111111111111111111111111
1111111111111111111111111111111111111111111111111111111111111111
1111111111111111111111111111111111111111111111111111111111111111
1111111111111111111111111111111001111111111111111111111111111111
1111111111111111111111111110000000001111111111111111111111111111
1111111111111111111111111111000000001111111111111111111111111111
1111111111111111111111111111100000001111111111111111111111111111
1111111111111111111111111111000000001111111111111111111111111111
1111111111111111111111111111000000001111111111111111111111111111
1111111111111111111111111111000000000111111111111111111111111111
1111111111111111111111111110000000000011111111111111111111111111
1111111111111111100000001110000000000011000000011111111111111111
1111111111111000000111111110000000000111111110000001111111111111
1111111111000001111111111110000000000111111111111000001111111111
1111111110000111111111111100000000000011111111111110000111111111
