1111111111111111111111111111111111111111111111111111111111111111
1111111111111111111111111111111111111111111111111111111111111111
1111111111111111111111111111111111111111111111111111111111111111
1111111111111111111111111111111111111111111111111111111111111111
1111111111111111111111111111111111111111111111111111111111111111
1111111111111111111111111111111111111111111111111111111111111111
1111111111111111111111111111111111111111111111111111111111111111
1111111111111111111111111111111111111111111111111111111111111111
1111111111111111111111111111111111111111111111111111111111111111
1111111111111111111111111111111111111111111111111111111111111111
1111111111111111111111111111111111111111111111111111111111111111
1111111111111111111111111111111111111111111111111111111111111111
1111111111111111111111111111111001111111111111111111111111111111
1111111111111111111111111110000000000111111111111111111111111111
1111111111111111111111111110000000001111111111111111111111111111
1111111111111111111111111111100000001111111111111111111111111111
1111111111111111111111111111000000001111111111111111111111111111
1111111111111111111111111111000000001111111111111111111111111111
1111111111111111111111111111000000000111111111111111111111111111
1111111111111111111111111110000000000011111111111111111111111111
1111111111111111111111111110000000000011111111111111111111111111
1111111111110001111111111110000000000011111111110001111111111111
1111111111000111111111111100000000000011111111111110001111111111
1111111100011111111111111100000000000011111111111111100011111111
