0001111111111111111111111111111111111111111111110000000000000000
0011111111111111111111111111111111111111111111100000000000000000
0111111111111111111111111111111111111111111111100000000000000000
0111111111111111111111111111111111111111111111000000000000000000
0111111111111111111111111111111111111111111111000000000000000000
1111111001111111111111111111111111111111111110000000000000000000
1111110011111111111111111111111111111111111100000000000000000000
1111110111111111111111111111111111111111111111111000000000000000
1111000111111111111111111111111111111111111111110000000000000000
1110001111111111111111111111111111111111111111110000000000000000
1100011111111111111111111111111111111111111111111110000000000000
1000111111111111111111111111111111111111111111111111110000000000
0001111111111111111111111111111111111111111111111111111100000000
0011111111111111111111111111111111111111111111111111111110000000
0111111111111111111111111111111111111111111111111111111111000000
1111111111111111111111111111111111111111111111111111111111000000
1111111111111111111111111111111111111111111111111111111111000000
1111111111111111111111111111111111111111111111111111111111000000
1111111111111111111111111111111111111111111111111111111111000000
1111111111111111111111111111111111111111111111111111111111000000
1111111111111111111111111111111111111111111111111111111111000000
1111111111111111111111111111111111111111111111111111111111111110
1111111111111111111111111111111111111111111111111111111111111111
1111111111111111111111111111111111111111111111111111111111111111
