1111111111111111111111111111111111111111111111111111111111111111
1111111111111111111111111111111111111111111111111111111111111111
1111111111111111111111111111111111111111111111111111111111111111
1111111111111111111111111111111111111111111111111111111111111111
1111111111111111111111111111111111111111111111111111111111111111
1111111111111111111111111110000000011111111111111111111111111111
1111111111111111111111111110000000001111111111111111111111111111
1111111111111111111111111111100000000011111111111111111111111111
1111111111111111111111111111100000000011111111111111111111111111
1111111111111111111111111111110000000000111111111111111111111111
1111111111111111110000000000000000000000000000011111111111111111
1111111111111111110000000000000000000000000000000111111111111111
1111111111111111111111111011110000000100000000001111111111111111
1111111111111111111111111111111111111111111111111111111111111111
1111111111111111111111111111111111111111111111111111111111111111
1111111111111111111111111111111111111111111111111111111111111111
1111111111111111111111111111111111111111111111111111111111111111
1111111111111111111111111111111111111111111111111111111111111111
1111111111111111111111111111111111111111111111111111111111111111
1111111111111111111111111111111111111111111111111111111111111111
1111111111111111111111111111111111111111111111111111111111111111
1111111111111111111111111111111111111111111111111111111111111111
1111111111111111111111111111111111111111111111111111111111111111
1111111111111111111111111111111111111111111111111111111111111111
