1111111111111111111111111111111111111111111111111111111111111111
1111111111111111111111111111111111111111111111111111111111111111
1111111111111111111111111111111111111111111111111111111111111111
1111111111111111111111111111111111111111111111111111111111111111
1111111111111111111111111111111111111111111111111111111111111111
1111111111111111111111111110000000011111111111111111111111111111
1111111111111111111111111110000000001111111111111111111111111111
1111111111111111111111111111100000000011111111111111111111111111
1111111111111111111111111111100000000011111111111111111111111111
1111111111111111111111111111110000000111111111111111111111111111
1111111111111111110000000111100000000000000000011111111111111111
1111111111111111110000000000000000000000000000001111111111111111
1111111111111111111111111011110000000000000000001111111111111111
1111111111111111111111111111111111001111111100111111111111111111
1111111111111111111111111111111111111111111111111111111111111111
1111111111111111111111111111111111111111111111111111111111111111
1111111111111111111111111111111111111111111111111111111111111111
1111111111111111111111111111111111111111111111111111111111111111
1111111111111111111111111111111111111111111111111111111111111111
1111111111111111111111111111111111111111111111111111111111111111
1111111111111111111111111111111111111111111111111111111111111111
1111111111111111111111111111111111111111111111111111111111111111
1111111111111111111111111111111111111111111111111111111111111111
1111111111111111111111111111111111111111111111111111111111111111
