1111111111111111111111111111111111111111111111111111111111111111
1111111111111111111111111111111111111111111111111111111111111111
1111111111111111111111111111111111111111111111111111111111111111
1111111111111111111111111111111111111111111111111111111111111111
1111111111111111111111111111111111111111111111111111111111111111
1111111111111111111000111100000001111111111111111111111111111111
1111111111111111110000000000000000111111111111111111111111111111
1111111111111111111000000000000000111111111111111111111111111111
1111111111111111111100000000000000111111111111111111111111111111
1111111111111111111110000000000000111111111111111111111111111111
1111111111111111111110000000000001111111111111111111111111111111
1111111111111111111111000000000000111111111111111111111111111111
1111111111111111111111000000000000001111111111111111111111111111
1111111111111111111110000000000000000111111111111111111111111111
1111111111111111111100000000000000000111111111111111111111111111
1111111111111111110000000000000000000011111111111111111111111111
1111111111111111110000000000000000000001111111111111111111111111
1111111111111111110000000000000000000000011111111111111111111111
1111111111111111000000000110000000000000001111111111111111111111
1111111111111110000000001100000000000000001111111111111111111111
1111111111111000000000111000000000000011001111111111111111111111
1111111111100000000001111000000000000011111111111111111111111111
1111111111100000000111110000000000000001111111111111111111111111
1111111111000000011111100000000000000001111111111111111111111111
