0000001111111111111111111111111111111111111111110000000000000000
0000001111111111111111111111111111111111111111110000000000000000
0000011111111111111111111111111111111111111111110000000000000000
0000011111111111111111111111111111111111111111110000000000000000
0000111111101111111111111111111111111111111111100000000000000000
0000111111111111111001111111111111111111111111100000000000000000
0000111111011111110011111111111111111111111111000000000000000000
0001111111111111100011111111111111111111111111000000000000000000
0000111111111111100111111111111111111111111111111000000000000000
0000111011111111111111111111111111111111111111110000000000000000
0001110111111111111111111111111111111111111111111100000000000000
0001111111111111111111111111111111111111111111111111100000000000
0001111111111111111111111111111111111111111111111111111000000000
0001111111111111111111111111111111111111111111111111111110000000
0011111111111111111111111111111111111111111111111111111111000000
0011111111111111111111111111111111111111111111111111111111000000
0111111111111111111111111111111111111111111111111111111111000000
1111111111111111111111111111111111111111111111111111111111000000
1111111111111111111111111111111111111111111111111111111111000000
1111111111111111111111111111111111111111111111111111111111000000
1111111111111111111111111111111111111111111111111111111111100000
1111111111111111111111111111111111111111111111111111111111111111
1111111111111111111111111111111111111111111111111111111111111111
1111111111111111111111111111111111111111111111111111111111111111
