1111111111111111111111111111000000001111111111111111111111111111
1111111111111111111111111111011111101111111111111111111111111111
1111111111111111111111111111111111111111111111111111111111111111
1111111111111111111111111111111111110000111110000000111111111111
1111111111111111111111111111011111100000000000000000001111111111
1111111111111111111111111111001111001000000000000000000111111111
1111111111111111111111111111000110001100000000000000000111111111
1111111111111111111111111111000110001110000000000000000111111111
1111111111111111111111111111001111001110000000000000000111111111
1111111111111111111111111111011111101100000000000000000111111111
1111111111111111111111111111001111001000000000000000011111111111
1111111111111111111111111111000110000000000000000000000111111111
1111111111111111111111111111000000001100000000000000000001111111
1111111111111111111111111111000000001100000000000000000000011111
1111111111111111111111111111000000001000000000000000000000000111
1111111111111111111111111111000000000000000000000000000000000011
1111111111111111111111111111000000000000000000000000000000000011
1111111111111111111111111111000000000000000000000000000000000001
1111111111111111111111111111000000000000000000000000000000000000
1111111111111111111111111111000000000000000000000000000000000000
1111111111111111111111111111000000000000000000000000000000000000
1111111111111111111111111111000000000000000000000000000000000000
1111111111111111111111111111000000000000000000000000000000000000
1111111111111111111111111111000000000000000000000000000000000000
