1111111111111111111111111110000000000111111111111111111111111111
1111111111111111111111111110011111100111111111111111111111111111
1111111111111111111111111111111111111111110001111111111111111111
1111111111111111111111111110111111110111100000010000000000011111
1111111111111111111111111110011111100111110000000000000000000111
1111111111111111111111111110001111000111111000000000000000001111
1111111111111111111111111110000110000111111000000000000000000111
1111111111111111111111111110000110000111111100000000000000000111
1111111111111111111111111110001111000111111000000000000000000111
1111111111111111111111111110011111100111110000000000000000001111
1111111111111111111111111110001111000111100000000000000000011111
1111111111111111111111111110000110000111111000000000000000000011
1111111111111111111111111110000000000111110000000000000000000000
1111111111111111111111111110000000000111110000000000000000000000
1111111111111111111111111110000000000111100000000000000000000000
1111111111111111111111111110000000000111000000000000000000000000
1111111111111111111111111110000000000110000000000000000000000000
1111111111111111111111111110000000000100000000000000000000000000
1111111111111111111111111110000000000000000000000000000000000000
1111111111111111111111111110000000000000000000000000000000000000
1111111111111111111111111110000000000000000000000000000000000000
1111111111111111111111111110000000000000000000000000000000000000
1111111111111111111111111110000000000000000000000000000000000000
1111111111111111111111111110000000000000000000000000000000000000
