1111111111111111111111111100000000000011111111111111111111111111
1111111111111111111111111100011111100111111111111111111111111111
1111111111111111111111111111111111111111111110000111111000011111
1111111111111111111111111100111111110011111100000000000000000001
1111111111111111111111111100011111100011111110000000000000000000
1111111111111111111111111100001111000011111111000000000000000001
1111111111111111111111111100000110000011111111000000000000000000
1111111111111111111111111100000110000011111111100000000000000000
1111111111111111111111111110001111000111111111000000000000000000
1111111111111111111111111100011111100011111100000000000000000011
1111111111111111111111111100001111000011111100000000000000000001
1111111111111111111111111100000110000011111110000000000000000000
1111111111111111111111111100000000000011111110000000000000000000
1111111111111111111111111100000000000011111100000000000000000000
1111111111111111111111111100000000000011111000000000000000000000
1111111111111111111111111100000000000011110000000000000000000000
1111111111111111111111111100000000000011000000000000000000000000
1111111111111111111111111100000000000010000000000000000000000000
1111111111111111111111111100000000000000000000000000000000000000
1111111111111111111111111100000000000000000000000000000000000000
1111111111111111111111111100000000000000000000000000000000000000
1111111111111111111111111100000000000000000000000000000000000000
1111111111111111111111111100000000000000000000000000000000000000
1111111111111111111111111100000000000000000000000000000000000000
