1111111111111111111111111000000000000001111111111111111111100011
1111111111111111111111111000011111100001111111111111111110000000
1111111111111111111111111001111111111001111111111111111111000000
1111111111111111111111111000111111110001111111111111111111000000
1111111111111111111111111000011111100001111111111111111111000000
1111111111111111111111111000001111000001111111111111111111000000
1111111111111111111111111000000110000001111111111111111111000000
1111111111111111111111111000000110000001111111111111111111000000
1111111111111111111111111000001111000001111111111111111110000000
1111111111111111111111111000011111100001111111111111111100000000
1111111111111111111111111000001111000001111111111111111110000000
1111111111111111111111111000000110000001111111111111111110000000
1111111111111111111111111000000000000001111111111111111100000000
1111111111111111111111111000000000000001111111111111110000000000
1111111111111111111111111000000000000001111111111111000000000000
1111111111111111111111111000000000000001111111111100000000000000
1111111111111111111111111000000000000001111111110000000000000000
1111111111111111111111111000000000000001111111000000000000000000
1111111111111111111111111000000000000001111110000000000000000000
1111111111111111111111111000000000000001111110000000000000000000
1111111111111111111111111000000000000001111100000000000000000000
1111111111111111111111111000000000000001111100000000001000000000
1111111111111111111111111000000000000001111100000000011000000000
1111111111111111111111111000000000000001111000000001110000000000
