1111111111111111111111110000000000000000111111111111111111111000
1111111111111111111111110000011111100000111111111111111111111000
1111111111111111111111110001111111111000111111111111111111111100
1111111111111111111111110000111111110000111111111111111111111000
1111111111111111111111110000011111100000111111111111111111111000
1111111111111111111111110000001111000000111111111111111111111000
1111111111111111111111110000000110000000111111111111111111111100
1111111111111111111111110000000110000000111111111111111111111000
1111111111111111111111111000001111000000111111111111111111110000
1111111111111111111111110000011111100000111111111111111111110000
1111111111111111111111110000001111000000111111111111111111111000
1111111111111111111111110000000110000000111111111111111111110000
1111111111111111111111110000000000000000111111111111111111100000
1111111111111111111111110000000000000000111111111111111110000000
1111111111111111111111110000000000000000111111111111111000000000
1111111111111111111111110000000000000000111111111111100000000000
1111111111111111111111110000000000000000111111111110000000000000
1111111111111111111111110000000000000000111111111000000000000000
1111111111111111111111110000000000000000111111110000000000000000
1111111111111111111111110000000000000000111111100000000000001000
1111111111111111111111110000000000000000111111100000000000010000
1111111111111111111111110000000000000000111111000000000001100000
1111111111111111111111110000000000000000111111000000000111000000
1111111111111111111111110000000000000000111110000000001111000000
