1111111111111111111100000000000000000000000011111111111111111111
1111111111111111111100000000111111110000000011111111111111111111
1111111111111111111100000001111111111000000011111111111111111111
1111111111111111111100000000111111110000000011111111111111111111
1111111111111111111100000000011111100000000011111111111111111111
1111111111111111111100000000001111000000000011111111111111111111
1111111111111111111100000000000110000000000011111111111111111111
1111111111111111111100000000000111000000000011111111111111111111
1111111111111111111100000000001111000000000011111111111111111111
1111111111111111111100000000001111100000000011111111111111111111
1111111111111111111100000000001111000000000011111111111111111111
1111111111111111111100000000000110000000000011111111111111111111
1111111111111111111100000000000000000000000011111111111111111111
1111111111111111111100000000000000000000000011111111111111111111
1111111111111111111100000000000000000000000011111111111111111111
1111111111111111111100000000000000000000000011111111111111111111
1111111111111111111100000000000000000000000011111111111111111111
1111111111111111111100000000000000000000000011111111111111111111
1111111111111111111100000000000000000000000011111111111111111111
1111111111111111111100000000000000000000000011111111111111111111
1111111111111111111100000000000000000000000011111111111111111111
1111111111111111111100000000000000000000000011111111111111111111
1111111111111111111100000000000000000000000011111111111111111111
1111111111111111111100000000000000000000000011111111111111111111
