1111111111111111110000000000010110100000000000111111111111111111
1111111111111111110000000001111111111100000000111111111111111111
1111111111111111110000000000111111111000000000111111111111111111
1111111111111111110000000000011111110000000000111111111111111111
1111111111111111110000000000001111100000000000111111111111111111
1111111111111111110000000000001111000000000000111111111111111111
1111111111111111110000000000000110000000000000111111111111111111
1111111111111111110000000000000111000000000000111111111111111111
1111111111111111110000000000001111100000000000111111111111111111
1111111111111111110000000000001111100000000000111111111111111111
1111111111111111110000000000001111000000000000111111111111111111
1111111111111111110000000000000110000000000000111111111111111111
1111111111111111110000000000000000000000000000111111111111111111
1111111111111111110000000000000000000000000000111111111111111111
1111111111111111110000000000000000000000000000111111111111111111
1111111111111111110000000000000000000000000000111111111111111111
1111111111111111110000000000000000000000000000111111111111111111
1111111111111111110000000000000000000000000000111111111111111111
1111111111111111110000000000000000000000000000111111111111111111
1111111111111111110000000000000000000000000000111111111111111111
1111111111111111110000000000000000000000000000111111111111111111
1111111111111111110000000000000000000000000000111111111111111111
1111111111111111110000000000000000000000000000111111111111111111
1111111111111111110000000000000000000000000000111111111111111111
