1111111111000000000000000000111111111110000000000000001111111111
1111111111000000000000000000011111111100000000000000001111111111
1111111111000000000000000000011111111000000000000000001111111111
1111111111000000000000000000001111110000000000000000001111111111
1111111111000000000000000000000111100000000000000000001111111111
1111111111000000000000000000000111111100000000000000001111111111
1111111111000000000000000000000111111100000000000000001111111111
1111111111000000000000000000001111111110000001000000001111111111
1111111111000000000001000000000111111000000000000000001111111111
1111111111000000000000000000000111110000000000000000001111111111
1111111111000000000000000000111111111000000000000000001111111111
1111111111000000000000000000001111100000000000000000001111111111
1111111111000000000000000000000111100000000000000000001111111111
1111111111000000000000000000000000000000000000000000001111111111
1111111111000000000000000000000000000000000000000000001111111111
1111111111000000000000000000000000000000000000000000001111111111
1111111111000000000000000000000000000000000000000000001111111111
1111111111000000000000000000000000000000000000000000001111111111
1111111111000000000000000000000000000000000000000000001111111111
1111111111000000000000000000000000000000000000000000001111111111
1111111111000000000000000000000000000000000000000000001111111111
1111111111000000000000000000000000000000000000000000001111111111
1111111111000000000000000000000000000000000000000000001111111111
1111111111000000000000000000000000000000000000000000001111111111
