1111100000000000000000000000011111111100000000000000000000011111
1111100000000000000000000000001111111000000000000000000000011111
1111100000000000000000000000001111110000000000000000000000011111
1111100000000000000000000000001111000000011000000000000000011111
1111100000000000000000000000001111001101111100000000000000011111
1111100000000000000000000000001111111111111000000000000000011111
1111100000000000000000000010011111111111111000000000000000011111
1111100000000000000000000100001111111111100000000000000000011111
1111100000000000000000000000001111111111000000000000000000011111
1111100000000000000000000000000011111110000000000000000000011111
1111100000000000000000000000000111111111111000000000000000011111
1111100000000000000000000011111111111100000000000000000000011111
1111100000000000000000000000111111111100000000000000000000011111
1111100000000000000000000000000001111110000000000000000000011111
1111100000000000000000000000000000111100000000000000000000011111
1111100000000000000000000000000000000000000000000000000000011111
1111100000000000000000000000000000000000000000000000000000011111
1111100000000000000000000000000000000000000000000000000000011111
1111100000000000000000000000000000000000000000000000000000011111
1111100000000000000000000000000000000000000000000000000000011111
1111100000000000000000000000000000000000000000000000000000011111
1111100000000000000000000000000000000000000000000000000000011111
1111100000000000000000000000000000000000000000000000000000011111
1111100000000000000000000000000000000000000000000000000000011111
