1111000000000000000000000000011111111100000000000000000000001111
1111000000000000000000000000001111111000000000000000000000001111
1111000000000000000000000000001111100000000000000000000000001111
1111000000000000000000000000001111000000001100000000000000001111
1111000000000000000000000000001111001110111110000000000000001111
1111000000000000000000000000001111111111111100000000000000001111
1111000000000000000000000011111111111111111000000000000000001111
1111000000000000000000000000000111111111100000000000000000001111
1111000000000000000000000000000111111111000000000000000000001111
1111000000000000000000000000000111111111000000000000000000001111
1111000000000000000000000000000111111111111000000000000000001111
1111000000000000000000000001111111111110000000000000000000001111
1111000000000000000000000011111111111100000000000000000000001111
1111000000000000000000000000000001111110000000000000000000001111
1111000000000000000000000000000000111100000000000000000000001111
1111000000000000000000000000000000000000000000000000000000001111
1111000000000000000000000000000000000000000000000000000000001111
1111000000000000000000000000000000000000000000000000000000001111
1111000000000000000000000000000000000000000000000000000000001111
1111000000000000000000000000000000000000000000000000000000001111
1111000000000000000000000000000000000000000000000000000000001111
1111000000000000000000000000000000000000000000000000000000001111
1111000000000000000000000000000000000000000000000000000000001111
1111000000000000000000000000000000000000000000000000000000001111
