1110000000000000000000000000011111111100000000000000000000000111
1110000000000000000000000000001111111000000000000000000000000111
1110000000000000000000000000001111100000000000000000000000000111
1110000000000000000000000000001111000000001110000000000000000111
1110000000000000000000000000001111001110111111000000000000000111
1110000000000000000000000000111111111111111100000000000000000111
1110000000000000000000000000001111111111111000000000000000000111
1110000000000000000000000000000111111111100000000000000000000111
1110000000000000000000000000000111111111000000000000000000000111
1110000000000000000000000000011111111111000000000000000000000111
1110000000000000000000000000000111111111111000000000000000000111
1110000000000000000000000000011111111110000000000000000000000111
1110000000000000000000000011111111111100000000000000000000000111
1110000000000000000000000000000011111111000000000000000000000111
1110000000000000000000000000000000111110000000000000000000000111
1110000000000000000000000000000000000000000000000000000000000111
1110000000000000000000000000000000000000000000000000000000000111
1110000000000000000000000000000000000000000000000000000000000111
1110000000000000000000000000000000000000000000000000000000000111
1110000000000000000000000000000000000000000000000000000000000111
1110000000000000000000000000000000000000000000000000000000000111
1110000000000000000000000000000000000000000000000000000000000111
1110000000000000000000000000000000000000000000000000000000000111
1110000000000000000000000000000000000000000000000000000000000111
