1100000000000000000000000000011111111100000000000000000000000011
1100000000000000000000000000011111111000000000000000000000000011
1100000000000000000000000000001111100000000000000000000000000011
1100000000000000000000000000001111000000001111000000000000000011
1100000000000000000000000000001111001111111111000000000000000011
1100000000000000000000000000001111111111111100000000000000000011
1100000000000000000000000000001111111111111100000000000000000011
1100000000000000000000000000000111111111100000000000000000000011
1100000000000000000000000000001111111111000000000000000000000011
1100000000000000000000001100111001111111000000000000000000000011
1100000000000000000000000000000011111111111000000000000000000011
1100000000000000000000000000001111111110000000000000000000000011
1100000000000000000000000011111111111110000000000000000000000011
1100000000000000000000000000000011111110100000000000000000000011
1100000000000000000000000000000000111111000000000000000000000011
1100000000000000000000000000000000000000000000000000000000000011
1100000000000000000000000000000000000000000000000000000000000011
1100000000000000000000000000000000000000000000000000000000000011
1100000000000000000000000000000000000000000000000000000000000011
1100000000000000000000000000000000000000000000000000000000000011
1100000000000000000000000000000000000000000000000000000000000011
1100000000000000000000000000000000000000000000000000000000000011
1100000000000000000000000000000000000000000000000000000000000011
1100000000000000000000000000000000000000000000000000000000000011
