1000000000000000000000000000011111111000000000000000000000000001
1000000000000000000000000000011111110000000000000000000000000001
1000000000000000000000000000011111100000000000000000000000000001
1000000000000000000000000000001111000010001111000000000000000001
1000000000000000000000000000001111001111111111000000000000000001
1000000000000000000000000000001111111111111100000000000000000001
1000000000000000000000000000011111111111111100000000000000000001
1000000000000000000000000000001111111111100000000000000000000001
1000000000000000000000000000011111111111000000000000000000000001
1000000000000000000000000000110001111111000000000000000000000001
1000000000000000000000100011000011111111111000000000000000000001
1000000000000000000000000000000111111110000000000000000000000001
1000000000000000000000000001111111111110000000000000000000000001
1000000000000000000000000011101111111110100000000000000000000001
1000000000000000000000000000000000111111000000000000000000000001
1000000000000000000000000000000000000000000000000000000000000001
1000000000000000000000000000000000000000000000000000000000000001
1000000000000000000000000000000000000000000000000000000000000001
1000000000000000000000000000000000000000000000000000000000000001
1000000000000000000000000000000000000000000000000000000000000001
1000000000000000000000000000000000000000000000000000000000000001
1000000000000000000000000000000000000000000000000000000000000001
1000000000000000000000000000000000000000000000000000000000000001
1000000000000000000000000000000000000000000000000000000000000001
