0000000000000000000000000000111111111000000000000000000000000000
0000000000000000000000000000111111111000000000000000000000000000
0000000000000000000000000000011111111100000010000000000000000000
0000000000000000000000000000011111011101111111000000000000000000
0000000000000000000000000000001111011111111110000000000000000000
0000000000000000000000000000011111111111111100000000000000000000
0000000000000000000000000000011111111111111000000000000000000000
0000000000000000000000000000001111111111100000000000000000000000
0000000000000000000000000000011111111111000000000000000000000000
0000000000000000000000000011110000111111011100000000000000000000
0000000000000000000000001100000001111111110000000000000000000000
0000000000000000000000011000000011111111000000000000000000000000
0000000000000000000000111000001111111111000000000000000000000000
0000000000000000000001000001111111111111101000000000000000000000
0000000000000000000000000000000000011111110000000000000000000000
0000000000000000000000000000000000000000000000000000000000000000
0000000000000000000000000000000000000000000000000000000000000000
0000000000000000000000000000000000000000000000000000000000000000
0000000000000000000000000000000000000000000000000000000000000000
0000000000000000000000000000000000000000000000000000000000000000
0000000000000000000000000000000000000000000000000000000000000000
0000000000000000000000000000000000000000000000000000000000000000
0000000000000000000000000000000000000000000000000000000000000000
0000000000000000000000000000000000000000000000000000000000000000
