0000000000000000000000000000111111111100000000000000000000000000
0000000000000000000000000000111111111100000000000000000000000000
0000000000000000000000000000011111011101000111000000000000000000
0000000000000000000000000000011111011111111111000000000000000000
0000000000000000000000000000011111111111111110000000000000000000
0000000000000000000000000000011111111111111100000000000000000000
0000000000000000000000000000011111111111110000000000000000000000
0000000000000000000000000000001111111111100000000000000000000000
0000000000000000000000000000001111111111000000000000000000000000
0000000000000000000000000011110000111111111100000000000000000000
0000000000000000000000001110000001111111110000000000000000000000
0000000000000000000000111000000011111111000000000000000000000000
0000000000000000000000110000001111111111000000000000000000000000
0000000000000000000001110000111111111111101000000000000000000000
0000000000000000000000000001000000011111111000000000000000000000
0000000000000000000000000000000000000000000000000000000000000000
0000000000000000000000000000000000000000000000000000000000000000
0000000000000000000000000000000000000000000000000000000000000000
0000000000000000000000000000000000000000000000000000000000000000
0000000000000000000000000000000000000000000000000000000000000000
0000000000000000000000000000000000000000000000000000000000000000
0000000000000000000000000000000000000000000000000000000000000000
0000000000000000000000000000000000000000000000000000000000000000
0000000000000000000000000000000000000000000000000000000000000000
