0000000000000000000000000000111111111110000000000000000000000000
0000000000000000000000000000111111111100000001000000000000000000
0000000000000000000000000000011111001111001111000000000000000000
0000000000000000000000000000011111001111111110000000000000000000
0000000000000000000000000000011111111111111100000000000000000000
0000000000000000000000000000011111111111111000000000000000000000
0000000000000000000000000000011111111111110000000000000000000000
0000000000000000000000000000001111111111100000000000000000000000
0000000000000000000000000000001111111111000000000000000000000000
0000000000000000000000000011110000111111111100000000000000000000
0000000000000000000000001110000001111111110000000000000000000000
0000000000000000000000111000000011111111000000000000000000000000
0000000000000000000001110000000111111111100000000000000000000000
0000000000000000000011100000111111111111111100000000000000000000
0000000000000000000010000001100000011111111000000000000000000000
0000000000000000010000000000000000000000000000000000000000000000
0000000000000000000000000000000000000000000000000000000000000000
0000000000000000000000000000000000000000000000000000000000000000
0000000000000000000000000000000000000000000000000000000000000000
0000000000000000000000000000000000000000000000000000000000000000
0000000000000000000000000000000000000000000000000000000000000000
0000000000000000000000000000000000000000000000000000000000000000
0000000000000000000000000000000000000000000000000000000000000000
0000000000000000000000000000000000000000000000000000000000000000
