0000000000000000000000000000111111111111111101000000000000000000
0000000000000000000000000000111111111111111010000000000000000000
0000000000000000000000000000011111111111111100000000000000000000
0000000000000000000000000000011111111111111000000000000000000000
0000000000000000000000000000011111111111110000000000000000000000
0000000000000000000000000000001111111111110001110000000000000000
0000000000000000000000000000001111111111111011110000000000000000
0000000000000000000000000000011111111111111111100000000000000000
0000000000000000000000000001111000001111111111000000000000000000
0000000000000000000000000111110000001111111111000000010000000000
0000000000000000000000001111000000111111111111100000100000000000
0000000000000000000000011110000000011111111111111111100000000000
0000000000000000000000111100000000011111111111111111110000000000
0000000000000000000001111000000000111111111111111111100000000000
0000000000000000000001110000000001111111101111111110000000000000
0000000000000000000001110000000011110000000000000000000000000000
0000000000000000000011110000000010000000000000000000000000000000
0000000000000000000111000000000000000000000000000000000000000000
0000000000000000011100000000000000000000000000000000000000000000
0000000000000000000000000000000000000000000000000000000000000000
0000000000000000000000000000000000000000000000000000000000000000
0000000000000000000000000000000000000000000000000000000000000000
0000000000000000000000000000000000000000000000000000000000000000
0000000000000000000000000000000000000000000000000000000000000000
