0000000000000000000000000000111111111111111101000000000000000001
0000000000000000000000000000111111111111111110000000000000000001
0000000000000000000000000000011111111111111100000000000000000001
0000000000000000000000000000011111111111111000000000000000000001
0000000000000000000000000000001111111111110000100000000000000001
0000000000000000000000000000001111111111110111110000000000000001
0000000000000000000000000000001111111111111111100000000000000001
0000000000000000000000000000011111011111111111100000000000000001
0000000000000000000000000001111000001111111111000000000000000001
0000000000000000000000000111110000001111111111000000010000000001
0000000000000000000000001111100000011111111111110001110000000001
0000000000000000000000011110000000011111111111111111110000000001
0000000000000000000000111100000000111111111111111111110000000001
0000000000000000000000111000000001111111111111111111100000000001
0000000000000000000001111000000011111111000111111100000000000001
0000000000000000000001110000000011110000000000000000000000000001
0000000000000000000011110000000011000000000000000000000000000001
0000000000000000000011100000000000000000000000000000000000000001
0000000000000000000110000000000000000000000000000000000000000001
0000000000000000000000000000000000000000000000000000000000000001
0000000000000000000000000000000000000000000000000000000000000001
0000000000000000000000000000000000000000000000000000000000000001
0000000000000000000000000000000000000000000000000000000000000001
0000000000000000000000000000000000000000000000000000000000000001
