0000000000000000000000000000111111111111111111000000000000000011
0000000000000000000000000000111111111111111110000000000000000011
0000000000000000000000000000011111111111111100000000000000000011
0000000000000000000000000000011111111111111000000000000000000011
0000000000000000000000000000011111111111111001110000000000000011
0000000000000000000000000000001111111111111111110000000000000011
0000000000000000000000000000011111111111111111100000000000000011
0000000000000000000000000000011111011111111111100000000000000011
0000000000000000000000000001111000001111111111000000000000000011
0000000000000000000000000111110000001111111111000000110000000011
0000000000000000000000001111100000011111111111110001100000000011
0000000000000000000000011110000000111111111111111111110000000011
0000000000000000000000111100000001111111111111111111110000000011
0000000000000000000000111000000011111111111111111111100000000011
0000000000000000000001111000000011111111000011111100000000000011
0000000000000000000001111000000011110000000000000000000000000011
0000000000000000000001110000000000000000000000000000000000000011
0000000000000000000011100000000000000000000000000000000000000011
0000000000000000000111000000000000000000000000000000000000000011
0000000000000000000000000000000000000000000000000000000000000011
0000000000000000000000000000000000000000000000000000000000000011
0000000000000000000000000000000000000000000000000000000000000011
0000000000000000000000000000000000000000000000000000000000000011
0000000000000000000000000000000000000000000000000000000000000011
