0000000000000000000000000011111111111111111100000000000000001111
0000000000000000000000000011111111111111111100000000000000001111
0000000000000000000000000011111111111111110000000000000000001111
0000000000000000000000000001111111111111110000000000000000001111
0000000000000000000000000001111111111111111100000000000000001111
0000000000000000000000000001111111111111111110000000000000001111
0000000000000000000000000001111111111111111100000000000000001111
0000000000000000000000000011111001111111111000000000000000001111
0000000000000000000000000111100001111111111000000100000000001111
0000000000000000000000001111000111111111111000011000000000001111
0000000000000000000000011110000111111111111111111000000000001111
0000000000000000000000111000011111111111111111111100000000001111
0000000000000000000001110000011111111111111111111000000000001111
0000000000000000000001110000011111111100111111000000000000001111
0000000000000000000001100000011111000000000000000000000000001111
0000000000000000000011100000001000000000000000000000000000001111
0000000000000000000011100000000000000000000000000000000000001111
0000000000000000000011000000000000000000000000000000000000001111
0000000000000000000000000000000000000000000000000000000000001111
0000000000000000000000000000000000000000000000000000000000001111
0000000000000000000000000000000000000000000000000000000000001111
0000000000000000000000000000000000000000000000000000000000001111
0000000000000000000000000000000000000000000000000000000000001111
0000000000000000000000000000000000000000000000000000000000001111
