0000000000000000000000001111111111111111110000000000000000011111
0000000000000000000000001111111111111111100000000000000000011111
0000000000000000000000001111111111111111000000000000000000011111
0000000000000000000000000111111111111110000000000000000000011111
0000000000000000000000000111111111111111000000000000000000011111
0000000000000000000000000111111111111111110000000000000000011111
0000000000000000000000000111111111111111100000000000000000011111
0000000000000000000000000111001111111111100000000000000000011111
0000000000000000000000011110001111111111000001000000000000011111
0000000000000000000000111100011111111111000011000000000000011111
0000000000000000000001111000111111111111111111000000000000011111
0000000000000000000011110001111111111111111111000000000000011111
0000000000000000000011100011111111111111111110000000000000011111
0000000000000000000111000011111110000000000000000000000000011111
0000000000000000000111000001110000000000000000000000000000011111
0000000000000000000111000000000000000000000000000000000000011111
0000000000000000000110000000000000000000000000000000000000011111
0000000000000000000110000000000000000000000000000000000000011111
0000000000000000000000000000000000000000000000000000000000011111
0000000000000000000000000000000000000000000000000000000000011111
0000000000000000000000000000000000000000000000000000000000011111
0000000000000000000000000000000000000000000000000000000000011111
0000000000000000000000000000000000000000000000000000000000011111
0000000000000000000000000000000000000000000000000000000000011111
