0000000000000000001111111111111110000000000000000000000111111111
0000000000000000000111111111111111000000000000000000000111111111
0000000000000000000111111111111110000000000000000000000111111111
0000000000000000000111111111111100000000000000000000000111111111
0000000000000000000011111111111100000000000000000000000111111111
0000000000000000000011111111111111100000000000000000000111111111
0000000000000000000011111111111111100000000000000000000111111111
0000000000000000000011111111111111000000000000000000000111111111
0000000000000000000111011111111110000100000000000000000111111111
0000000000000000001111111111111111001100000000000000000111111111
0000000000000000011101111111111111111100000000000000000111111111
0000000000000000111001111111111111111100000000000000000111111111
0000000000000000110001111111000000000000000000000000000111111111
0000000000000001110000111000000000000000000000000000000111111111
0000000000000001110000000000000000000000000000000000000111111111
0000000000000001100000000000000000000000000000000000000111111111
0000000000000001110000000000000000000000000000000000000111111111
0000000000000000000000000000000000000000000000000000000111111111
0000000000000000000000000000000000000000000000000000000111111111
0000000000000000000000000000000000000000000000000000000111111111
0000000000000000000000000000000000000000000000000000000111111111
0000000000000000000000000000000000000000000000000000000111111111
0000000000000000000000000000000000000000000000000000000111111111
0000000000000000000000000000000000000000000000000000000111111111
