0000000001111111110000000000000000000000000000001111111111111111
0000000000111111111000000000000000000000000000001111111111111111
0000000000011111011100000000000000000000000000001111111111111111
0000000000011111111110000000000000000000000000001111111111111111
0000000000011111111100000000000000000000000000001111111111111111
0000000000011111111100000000000000000000000000001111111111111111
0000000000111111111100000000000000000000000000001111111111111111
0000000111000111111111100000000000000000000000001111111111111111
0000001100001111111111000000000000000000000000001111111111111111
0000000100111111111100000000000000000000000000001111111111111111
0000000111111111111111100000000000000000000000001111111111111111
0000000000000000111111000000000000000000000000001111111111111111
0000000000000000000000000000000000000000000000001111111111111111
0000000000000000000000000000000000000000000000001111111111111111
0000000000000000000000000000000000000000000000001111111111111111
0000000000000000000000000000000000000000000000001111111111111111
0000000000000000000000000000000000000000000000001111111111111111
0000000000000000000000000000000000000000000000001111111111100000
0000000000000000000000000000000000000000000000001111111111100000
0000000000000000000000000000000000000000000000001111111111100000
0000000000000000000000000000000000000000000000001111111111110000
0000000000000000000000000000000000000000000000001111111111110000
0000000000000000000000000000000000000000000000001111111111110000
0000000000000000000000000000000000000000000000001111111111100000
