0000000011111110000000000000000000000000000111111111111111111111
0000000011111110000000000000000000000000000111111111111111111111
0000000011111110000000000000000000000000000111111111111111111111
0000000001110111000000000000000000000000000111111111111111111111
0000011011100111100000000000000000000000000111111111111111111111
0000100111111111100000000000000000000000000111111111111111111111
0000000000111111100000000000000000000000000111111111111111111111
0000000000111110000000000000000000000000000111111111111111111111
0000000001111110000000000000000000000000000111111111111111111111
0000001111111000000000000000000000000000000111111111111111111111
0000000001111000000000000000000000000000000111111111111111111111
0000000000111000000000000000000000000000000111111111111111111111
0000000000000000000000000000000000000000000111111111111111111111
0000000000000000000000000000000000000000000111111111111111111111
0000000000000000000000000000000000000000000111111111111111111111
0000000000000000000000000000000000000000000111111111111110000011
0000000000000000000000000000000000000000000111111111111110000000
0000000000000000000000000000000000000000000111111111111100000000
0000000000000000000000000000000000000000000111111111111100000000
0000000000000000000000000000000000000000000111111111111100000000
0000000000000000000000000000000000000000000111111111111000000000
0000000000000000000000000000000000000000000111111111110000000000
0000000000000000000000000000000000000000000111111111110000000000
0000000000000000000000000000000000000000000111111111110000000000
