0000001111111100000000000000000000000011111111111111111111111111
0000000111111000000000000000000000000011111111111111111111111111
0000000111110000000000000000000000000011111111111111111111111111
0000000111100000000000000000000000000011111111111111111111111111
0000000110100000000000000000000000000011111111111111111111111111
0000001111111111000000000000000000000011111111111111111111111111
0000000111111110000000000000000000000011111111111111111111111111
0000000011111000000000000000000000000011111111111111111111111111
0000100111111000000000000000000000000011111111111111111111111111
0000001111000000000000000000000000000011111111111111111111111111
0000000111000000000000000000000000000011111111111111111111111111
0000000000000000000000000000000000000011111111111111111111111111
0000000000000000000000000000000000000011111111111111111111111111
0000000000000000000000000000000000000011111111111111111111111111
0000000000000000000000000000000000000011111111111111111110000111
0000000000000000000000000000000000000011111111111111111100000001
0000000000000000000000000000000000000011111111111111111000000001
0000000000000000000000000000000000000011111111111111000000000111
0000000000000000000000000000000000000011111111111100000000000001
0000000000000000000000000000000000000011111111111000000000000000
0000000000000000000000000000000000000011111111110000000000000000
0000000000000000000000000000000000000011111111111111100000000001
0000000000000000000000000000000000000011111111111111000000000001
0000000000000000000000000000000000000011111111111111100000000001
