0000001111111100000000000000000000001111111111111111111111111111
0000001111111000000000000000000000001111111111111111111111111111
0000001111100000000000000000000000001111111111111111111111111111
0000000111100000000000000000000000001111111111111111111111111111
0000001111001000000000000000000000001111111111111111111111111111
0000101111011110000000000000000000001111111111111111111111111111
0000000111111100000000000000000000001111111111111111111111111111
0000000011110000000000000000000000001111111111111111111111111111
0000100111110000000000000000000000001111111111111111111111111111
0000001111000000000000000000000000001111111111111111111111111111
0000000111000000000000000000000000001111111111111111111111111111
0000000000000000000000000000000000001111111111111111111111111111
0000000000000000000000000000000000001111111111111111111111111111
0000000000000000000000000000000000001111111111111111111111111111
0000000000000000000000000000000000001111111111111111111110000111
0000000000000000000000000000000000001111111111111111111000000011
0000000000000000000000000000000000001111111111111111110000000011
0000000000000000000000000000000000001111111111111110000000000110
0000000000000000000000000000000000001111111111111000000000000000
0000000000000000000000000000000000001111111111110000000000000000
0000000000000000000000000000000000001111111111111111000000000000
0000000000000000000000000000000000001111111111111111000000000011
0000000000000000000000000000000000001111111111111111100000000011
0000000000000000000000000000000000001111111111111111111000000001
