0000001111111100000000000000000000011111111111111111111111111111
0000001111110000000000000000000000011111111111111111111111111111
0000001111100000000000000000000000011111111111111111111111111111
0000001111000000000000000000000000011111111111111111111111111111
0000001111000000000000000000000000011111111111111111111111111111
0000101110011110000000000000000000011111111111111111111111111111
0000001111111000000000000000000000011111111111111111111111111111
0000000111110000000000000000000000011111111111111111111111111111
0000100111100000000000000000000000011111111111111111111111111111
0000011110000000000000000000000000011111111111111111111111111111
0000001110000000000000000000000000011111111111111111111111111111
0000000000000000000000000000000000011111111111111111111111111111
0000000000000000000000000000000000011111111111111111111111111111
0000000000000000000000000000000000011111111111111111111111111111
0000000000000000000000000000000000011111111111111111111110000111
0000000000000000000000000000000000011111111111111111111000000011
0000000000000000000000000000000000011111111111111111110000000111
0000000000000000000000000000000000011111111111111110000000000110
0000000000000000000000000000000000011111111111111100000000000000
0000000000000000000000000000000000011111111111111000000000000000
0000000000000000000000000000000000011111111111111110000000000001
0000000000000000000000000000000000011111111111111111000000000111
0000000000000000000000000000000000011111111111111111111000000011
0000000000000000000000000000000000011111111111111111111000000011
