0000111111100000000000000000000011111111111111111111111111111111
0000111111111000000000000000000011111111111111111111111111111111
0000011111100000000000000000000011111111111111111111111111111111
0000011111000000000000000000000011111111111111111111111111111111
0000011110000000000000000000000011111111111111111111111111111111
0000001111100000000000000000000011111111111111111111111111111111
0000011111100000000000000000000011111111111111111111111111111111
0000001111000000000000000000000011111111111111111111111111111111
0000001111100000000000000000000011111111111111111111111111111111
0000000111000000000000000000000011111111111111111111111111111111
0000000010000000000000000000000011111111111111111111111111111111
0000000000000000000000000000000011111111111111111111111111111111
0000000000000000000000000000000011111111111111111111111111111111
0000000000000000000000000000000011111111111111111111111100011111
0000000000000000000000000000000011111111111111111111100000011111
0000000000000000000000000000000011111111111111111111100000011111
0000000000000000000000000000000011111111111111111111000000011111
0000000000000000000000000000000011111111111111111110000000000011
0000000000000000000000000000000011111111111111111110000000000011
0000000000000000000000000000000011111111111111111110000000000111
0000000000000000000000000000000011111111111111111111101000001111
0000000000000000000000000000000011111111111111111111111000001111
0000000000000000000000000000000011111111111111111111111000000111
0000000000000000000000000000000011111111111111111111110000000111
