0000111111100000000000000000000011111111111111111111111111111111
0001111111111100000000000000000011111111111111111111111111111111
0000111111110000000000000000000011111111111111111111111111111111
0000011111000000000000000000000011111111111111111111111111111111
0000011110000000000000000000000011111111111111111111111111111111
0000011111000000000000000000000011111111111111111111111111111111
0000001111000000000000000000000011111111111111111111111111111111
0000001110000000000000000000000011111111111111111111111111111111
0000001110000000000000000000000011111111111111111111111111111111
0000001111110000000000000000000011111111111111111111111111111111
0000000100000000000000000000000011111111111111111111111111111111
0000000000000000000000000000000011111111111111111111111111111111
0000000000000000000000000000000011111111111111111111111111111111
0000000000000000000000000000000011111111111111111111111110011111
0000000000000000000000000000000011111111111111111111100000001111
0000000000000000000000000000000011111111111111111111110000011111
0000000000000000000000000000000011111111111111111110000000000011
0000000000000000000000000000000011111111111111111100000000000011
0000000000000000000000000000000011111111111111111000000000000011
0000000000000000000000000000000011111111111111111111000000000111
0000000000000000000000000000000011111111111111111111100100001111
0000000000000000000000000000000011111111111111111111111000001111
0000000000000000000000000000000011111111111111111111111000000111
0000000000000000000000000000000011111111111111111111111000000111
