0011111111110000000000000000000011111111111111111111111111111111
0001111111111000000000000000000011111111111111111111111111111111
0000111111100000000000000000000011111111111111111111111111111111
0000111110000000000000000000000011111111111111111111111111111111
0000111110000000000000000000000011111111111111111111111111111111
0000111110000000000000000000000011111111111111111111111111111111
0000011110000000000000000000000011111111111111111111111111111111
0000001110000000000000000000000011111111111111111111111111111111
0000011110000000000000000000000011111111111111111111111111111111
0000011111110000000000000000000011111111111111111111111111111111
0000001100000000000000000000000011111111111111111111111111111111
0000000000000000000000000000000011111111111111111111111111111111
0000000000000000000000000000000011111111111111111111111111111111
0000000000000000000000000000000011111111111111111111111110001111
0000000000000000000000000000000011111111111111111111110000001111
0000000000000000000000000000000011111111111111111111110000001111
0000000000000000000000000000000011111111111111111110000000000011
0000000000000000000000000000000011111111111111111100000000000011
0000000000000000000000000000000011111111111111111100000000000111
0000000000000000000000000000000011111111111111111111000000000111
0000000000000000000000000000000011111111111111111111110000000111
0000000000000000000000000000000011111111111111111111111100000111
0000000000000000000000000000000011111111111111111111111000000011
0000000000000000000000000000000011111111111111111111111000000011
