0111111111111000000000000000000011111111111111111111111111111111
0011111111110000000000000000000011111111111111111111111111111111
0001111111000000000000000000000011111111111111111111111111111111
0001111100000000000000000000000011111111111111111111111111111111
0011111100000000000000000000000011111111111111111111111111111111
0001111100000000000000000000000011111111111111111111111111111111
0000111100000000000000000000000011111111111111111111111111111111
0000111100000000000000000000000011111111111111111111111111111111
0000111100000000000000000000000011111111111111111111111111111111
0001111111110000000000000000000011111111111111111111111111111111
0000011100000000000000000000000011111111111111111111111111111111
0000000000000000000000000000000011111111111111111111111111111111
0000000000000000000000000000000011111111111111111111111111111111
0000000000000000000000000000000011111111111111111111111110000111
0000000000000000000000000000000011111111111111111111110000000111
0000000000000000000000000000000011111111111111111111111000000111
0000000000000000000000000000000011111111111111111111000000000111
0000000000000000000000000000000011111111111111111100000000000011
0000000000000000000000000000000011111111111111111100000000000011
0000000000000000000000000000000011111111111111111111110000000011
0000000000000000000000000000000011111111111111111111111000000011
0000000000000000000000000000000011111111111111111111111100000001
0000000000000000000000000000000011111111111111111111111000000001
0000000000000000000000000000000011111111111111111111111000000001
