1111111111100000000000000000000011111111111111111111111111111111
0111111110000000000000000000000011111111111111111111111111111111
0111111100000000000000000000000011111111111111111111111111111111
1111111000000000000000000000000011111111111111111111111111111111
0111111000000000000000000000000011111111111111111111111111111111
0011111000000000000000000000000011111111111111111111111111111111
0011111000000000000000000000000011111111111111111111111111111111
0001110000000000000000000000000011111111111111111111111111111111
1111111000000000000000000000000011111111111111111111111111111111
0111111111100000000000000000000011111111111111111111111111111111
0001111000000000000000000000000011111111111111111111111111111111
0000000000000000000000000000000011111111111111111111111111111111
0000000000000000000000000000000011111111111111111111111111111111
0000000000000000000000000000000011111111111111111111111111000011
0000000000000000000000000000000011111111111111111111111000000011
0000000000000000000000000000000011111111111111111111111000000011
0000000000000000000000000000000011111111111111111111000000000011
0000000000000000000000000000000011111111111111111110000000000011
0000000000000000000000000000000011111111111111111110000000000001
0000000000000000000000000000000011111111111111111111100000000001
0000000000000000000000000000000011111111111111111111100010000001
0000000000000000000000000000000011111111111111111111111100000000
0000000000000000000000000000000011111111111111111111111100000000
0000000000000000000000000000000011111111111111111111111000000000
