1111111110000000000000000000000011111111111111111111111111111111
1111111100000000000000000000000011111111111111111111111111111111
1111111000000000000000000000000011111111111111111111111111111111
1111110000000000000000000000000011111111111111111111111111111111
1111110000000000000000000000000011111111111111111111111111111111
0111110000000000000000000000000011111111111111111111111111111111
0111110000000000000000000000000011111111111111111111111111111111
0011110000000000000000000000000011111111111111111111111111111111
1111110000000001000000000000000011111111111111111111111111111111
1111111111100000000000000000000011111111111111111111111111111111
0111111000000000000000000000000011111111111111111111111111111111
0001000000000000000000000000000011111111111111111111111111111111
0000000000000000000000000000000011111111111111111111111111111111
0000000000000000000000000000000011111111111111111111111111000011
0000000000000000000000000000000011111111111111111111111100000011
0000000000000000000000000000000011111111111111111111111100000011
0000000000000000000000000000000011111111111111111111100000000011
0000000000000000000000000000000011111111111111111111000000000011
0000000000000000000000000000000011111111111111111110000000000001
0000000000000000000000000000000011111111111111111111100000000000
0000000000000000000000000000000011111111111111111111000000000000
0000000000000000000000000000000011111111111111111111111110000000
0000000000000000000000000000000011111111111111111111111100000000
0000000000000000000000000000000011111111111111111111111100000000
