0000000000000000000000000000000001111111111111111111111111111111
0000000000000000000000000000000001111111111111111111111111111111
0000000000000000000000000000000001111111111111111111111111111111
0000000000000000000000000000000001111111111111111111111111111111
0000000000000000000000000000000001111111111111111111111111111111
1111100000000000000000000000000001111111111111111111111111111111
0000011111000000000000000000000001111111111111111111111111111111
0000000000111100000000000000000001111111111111111111111111111111
1111000000000111100000000000000001111111111111111111111111111111
1111110000000000000000000000000001111111111111111111111111111111
1111111000000000000000000000000011111111111111111111111111111111
1111110000000000000000000000000011111111111111111111111111111111
0000000000000000000000000000000011111111111111111111111111111111
0000000000000000000000000000000011111111111111111111111111111100
0000000000000000000000000000000011111111111111111111111111110000
0000000000000000000000000000000011111111111111111111001111110000
0000000000000000000000000000000011111111111111111111000011111100
0000000000000000000000000000000011111111111111111110000001110000
0000000000000000000000000000000011111111111111111000000000000000
0000000000000000000000000000000011111111111111110000000000000000
0000000000000000000000000000000011111111111111111000000000000000
0000000000000000000000000000000011111111111111111110000001110000
0000000000000000000000000000000011111111111111111111111111110000
0000000000000000000000000000000011111111111111111111111111111000
