0000000000000000000000000000000000111111111111111111111111111111
0000000000000000000000000000000000111111111111111111111111111111
0000000000000000000000000000000001111111111111111111111111111111
0000000000000000000000000000000001111111111111111111111111111111
1111000000000000000000000000000001111111111111111111111111111111
0001111100000000000000000000000001111111111111111111111111111111
0000000111111000000000000000000001111111111111111111111111111111
0000000000111111100000000000000001111111111111111111111111111111
1000000000000000000000000000000001111111111111111111111111111111
1100000000000000000000000000000001111111111111111111111111111111
1110000000000000000000000000000001111111111111111111111111111111
1100000000000000000000000000000001111111111111111111111111111111
0000000000000000000000000000000011111111111111111111111111111111
0000000000000000000000000000000011111111111111111111111111111111
0000000000000000000000000000000011111111111111111111111111111111
0000000000000000000000000000000011111111111111111110111111111111
0000000000000000000000000000000011111111111111111110000001111111
0000000000000000000000000000000011111111111111111111000000011111
0000000000000000000000000000000011111111111111111100000000000000
0000000000000000000000000000000011111111111111110000000000000000
0000000000000000000000000000000111111111111111110000000000000000
0000000000000000000000000000000111111111111111111100000000000001
0000000000000000000000000000000111111111111111111111000000001111
0000000000000000000000000000000111111111111111111111111111111111
