0000000000000000000000000000000000011111111111111111111111111111
0000000000000000000000000000000000011111111111111111111111111111
0000000000000000000000000000000000011111111111111111111111111111
1110000000000000000000000000000000111111111111111111111111111111
1111111000000000000000000000000000111111111111111111111111111111
0001111111110000000000000000000000111111111111111111111111111111
0000000111111111000000000000000000111111111111111111111111111111
0000000000000000000000000000000000111111111111111111111111111111
0000000000000000000000000000000001111111111111111111111111111111
0000000000000000000000000000000001111111111111111111111111111111
0000000000000000000000000000000001111111111111111111111111111111
0000000000000000000000000000000001111111111111111111111111111111
0000000000000000000000000000000011111111111111111111111111111111
0000000000000000000000000000000011111111111111111111111111111111
0000000000000000000000000000000011111111111111111111111111111111
0000000000000000000000000000000011111111111111111111111111111111
0000000000000000000000000000000111111111111111111100000000011111
0000000000000000000000000000000111111111111111111110000000000001
0000000000000000000000000000000111111111111111111111100000000000
0000000000000000000000000000000111111111111111111000000000000000
0000000000000000000000000000001111111111111111110000000000000000
0000000000000000000000000000001111111111111111111000000000000000
0000000000000000000000000000001111111111111111111111000000000000
0000000000000000000000000000001111111111111111111111111000000111
