1111111111111111111111111111111111111111111111111111111111111111
1111111111111111111111111111111111111111111111111111111111111111
1111111111111111111111111111111111111111111111111111111111111111
1111111111111111111111111111111111111111111111111111111111111111
1111111111111111111111111111111111111111111111111111111111111111
1111111111111111111111111111100100001111111111111111111111111111
1111111111111111111111111111000000000111111111111111111111111111
1111111111111111111111111111110000000011111111111111111111111111
1111111111111111111111111111110000000001111111111111111111111111
1111111111111111111111111111111000000001111111111111111111111111
1111111111111111111000000000010000000000000000001111111111111111
1111111111111111111000000000000000000000000000000011111111111111
1111111111111111111111111101111000000000000000000011111111111111
1111111111111111111111111111111111111111111111011111111111111111
1111111111111111111111111111111111111111111111111111111111111111
1111111111111111111111111111111111111111111111111111111111111111
1111111111111111111111111111111111111111111111111111111111111111
1111111111111111111111111111111111111111111111111111111111111111
1111111111111111111111111111111111111111111111111111111111111111
1111111111111111111111111111111111111111111111111111111111111111
1111111111111111111111111111111111111111111111111111111111111111
1111111111111111111111111111111111111111111111111111111111111111
1111111111111111111111111111111111111111111111111111111111111111
1111111111111111111111111111111111111111111111111111111111111111
