0000000000000000000000000000000000000001111111111111111111111111
1100000000000000000000000000000000000001111111111111111111111111
1111111100000000000000000000000000000011111111111111111111111111
1111111111111111000000000000000000000011111111111111111111111111
1111111111111000011100000000000000000011111111111111111111111111
0111111111111000000011000000000000000111111111111111111111111111
0000000000000000000000000000000000001111111111111111111111111111
0000000000000000000000000000000000001111111111111111111111111111
0000000000000000000000000000000000011111111111111111111111111111
0000000000000000000000000000000000111111111111111111111111111111
0000000000000000000000000000000000111111111111111111111111111111
0000000000000000000000000000000001111111111111111111111111111111
0000000000000000000000000000000011111111111111111111111111111111
0000000000000000000000000000000111111111111111111111111111111111
0000000000000000000000000000000111111111111111111111111111111111
0000000000000000000000000000001111111111111111111111111111111111
0000000000000000000000000000011111111111111111111110011111110000
0000000000000000000000000000111111111111111111111100000000000000
0000000000000000000000000000111111111111111111111111000000000000
0000000000000000000000000001111111111111111111111111111100000000
0000000000000000000000000001111111111111111111111111000000000000
0000000000000000000000000001111111111111111111100000000000000000
0000000000000000000000000011111111111111111111100000000000000000
0000000000000000000000000011111111111111111111111000000000000000
