1111111111111111111111111111111111111111100000000000001111111111
1111111111111111111111111110111111111111111000000000001111111111
1111111111111111111111110000000000001111111110000000001111111111
1111111111111111111110000000000000000011111111000000011111111111
1111111111111111110000000000000000000001111111100000011111111111
1111111111111111000000000000000000000001111111100000111111111111
1111111111000000000000000000000000000011111111100001111111111111
1000000000000000000000000000000000000011111111000011111111111111
0000000000000000000000000000000000000000000100001111111111111111
0000000000000000000000000000000000000000000000111111111111111111
0000000000000000000000000000000000000000000111111111111111111111
0000000000000000000000000000000000000001111111111111111111111111
0000000000000000000000000000000011111111111111111111111111111111
0000000000000000000000000111011111111111111111111111111111111111
0000000000000000000001000000000011111111111111111111111111111111
0000000000000000001110000000000011111111111111111111110000000000
0000000000000000111100000000000011111111111111111110000000000000
0000000000000011111100000000000011111111111111110000000000000000
0000000000000111111100000000000011111111111100000000000000000000
0000000000001111111110000000000000000111100000000000000000000000
0000000000001111111111000000000000000000000000000000000000000000
0000000000011111111111100000000000000000000000000000000000000000
0000000000011111111111111000000000000000000000000000000000000000
0000000000011111111111111110000000000000000000000000000000000000
