1111111111111111111111111111111111111111000000000000000011111111
1111111111111111111111111111111111111111111000000000000011111111
1111111111111111111111111111111111111111111110000000000011111111
1111111111111111111111111110000000011111111111000000000011111111
1111111111111111111111110000000000000001111111100000000111111111
1111111111111111111110000000000000000000011111110000000111111111
0000111111111111000000000000000000000000001111110000001111111111
0000000000000000000000000000000000000000011111110000011111111111
0000000000000000000000000000000000000000111111110000111111111111
0000000000000000000000000000000000000001111111100011111111111111
0000000000000000000000000000000000000000011111001111111111111111
0000000000000000000000000000000000000000011111111111111111111111
0000000000000000000000000000001111111111111111111111111111111111
0000000000000000000000000000111111111111111111111111111111111111
0000000000000000000000000000111111111111111111111111111111111111
0000000000000010000000000001111111111111111111111111100001111111
0000000000001110000000000011111111111111111111100000000000000001
0000000000011110000000000111111111111111111100000000000000000000
0000000000111111000000000011111111111111000000000000000000000000
0000000000111111000000000000000111110000000000000000000000000000
0000000001111111100000000000000000000000000000000000000000000000
0000000001111111110000000000000000000000000000000000000000000000
0000000001111111111100000000000000000000000000000000000000000000
0000000001111111111111000000000000000000000000000000000000000000
