1111111111111111111111111111111111100000000000000000000001111111
1111111111111111111111111111111111111111000000000000000001111111
1111111111111111111111111111111111111111110000000000000000111111
0011111111111111111111111111111111111111111100000000000000111111
0000111111111111111111111111111111111111111111000000000001111111
0000000111111111111111111111111111111111111111100000000001111111
0000000001111111111111111110000000000011111111110000000011111111
0000000000000000000000000000000000000000111111111000000011111111
0000000000000000000000000000000000000000011111111000000111111111
0000000000000000000000000000000000000000011111111000001111111111
0000000000000000000000000000000000000001111111110000111111111111
0000000000000000000000000000000000000011111111110011111111111111
0000000000000000000000000000001110000111111111111111111111111111
0000000000000000000000000000001111111111111111111111111111111111
0000000000001000000000000000111111111111111111111111111111111111
0000000000011000000000011111111111111111111111111111111111111111
0000000001110000000000011111111111111111100000000000001111111111
0000000001110000000000000111110000000000000000000000000000111111
0000000011111000000000000000000000000000000000000000000000000001
0000000011111100000000000000000000000000000000000000000000000000
0000000111111110000000000000000000000000000000000000000000000000
0000000111111111100000000000000000000000000000000000000000000000
0000000111111111111000000000000000000000000000000000000000000000
0000000011111111111100000000000000000000000000000000000000000000
