0000111111111111111111111111111111100000000000000000000000111111
0000001111111111111111111111111111111110000000000000000000111111
0000000011111111111111111111111111111111111000000000000000011111
0000000001111111111111111111111111111111111110000000000000011111
0000000000011111111111111111111111111111111111100000000000011111
0000000000000111111111111111111111111111111111100000000000011111
0000000000000001111111111111111110000011111111110000000000111111
0000000000000000000011111111111111000011111111111000000000111111
0000000000000000000000000011111111111111111111111000000001111111
0000000000000000000000000000000011111111111111111100000011111111
0000000000000000000000000000000000000001111111111100000111111111
0000000000000000000000000000000000000001111111111000001111111111
0000000000000000000000000000001111110111111111110000111111111111
0000000000100000000000000000000111111111111111111111111111111111
0000000001100000000000000000000011111111111111111111111111111111
0000000011100000000000000000000000011111111111111111111111111111
0000000111100000000000000000000000000000000001111111111111111111
0000000111110000000000000000000000000000000000000111111111111111
0000001111110000000000000000000000000000000000000000011111111111
0000001111111000000000000000000000000000000000000000000001111111
0000001111111000000000000000000000000000000000000000000000000111
0000001111111100000000000000000000000000000000000000000000000000
0000001111111110000000000000000000000000000000000000000000000000
0000000111111111100000000000000000000000000000000000000000000000
