0000000001111111111111111111111111111000000000000000000000111111
0000000000111111111111111111111111111111000000000000000000011111
0000000000011111111111111111111111111111111100000000000000011111
0000000000000111111111111111111111111111111111000000000000011111
0000000000000011111111111111111111111111111111110000000000011111
0000000000000000111111111111111111111111111111111000000000011111
0000000000000000001111111111111000000011111111111000000000011111
0000000000000000000001111111111100000001111111111000000000011111
0000000000000000000000000011111111000001111111111000000000111111
0000000000000000000000000000011111111111111111111100000001111111
0000000000000000000000000000000111111111111111111100000011111111
0000000000000000000000000000000000011111111111111100000111111111
0000000000000000000000000000000001011111111111111000011111111111
0000000001100000000000000000000001111111111111110001111111111111
0000000011100000000000000000000111111111111111111111111111111111
0000000111100000000000000000000000001111111111111111111111111111
0000001111100000000000000000000000000000001111111111111111111111
0000001111100000000000000000000000000000000001111111111111111111
0000001111100000000000001111000000000000000000001111111111111111
0000001111110000000000000000000000000000000000000000111111111111
0000001111110000000000000000000000000000000000000000000111111111
0000001111111000000000000000000000000000000000000000000000011111
0000001111111100000000000000000000000000000000000000000000000011
0000000111111110000000000000000000000000000000000000000000000000
