0000000000001111111111111111111111111111000000000000000000011111
0000000000000111111111111111111111111111111000000000000000011111
0000000000000011111111111111111111111111111110000000000000001111
0000000000000001111111111111111111111111111111100000000000001111
0000000000000000111111111111111111111111111111111000000000001111
0000000000000000001111111111111111111111111111111100000000001111
0000000000000000000011111111111110000001111111111100000000001111
0000000000000000000000111111111100000000111111111100000000011111
0000000000000000000000000111111110000001111111111100000000011111
0000000000000000000000000000011111100001111111111100000000111111
0000000000000000000000000000000111111011111111111100000001111111
0000000000010000000000000000000011111111111111111000000011111111
0000000001100000000000000000000011111111111111111000000111111111
0000000011100000000000000000000001111111111111110000011111111111
0000000111100000000000000000000001111111111111100011111111111111
0000001111100000000000000000000000011111111111111111111111111111
0000001111000000000000000000000000000001111111111111111111111111
0000011111000000000000011000000000000000001111111111111111111111
0000011111000000000000011110000000000000000011111111111111111111
0000011111000000000000000000000000000000000000011111111111111111
0000011111000000000000000000000000000000000000000011111111111111
0000011111100000000000000000000000000000000000000000011111111111
0000001111110000000000000000000000000000000000000000000011111111
0000001111111000000000000000000000000000000000000000000000001111
