0000000000000001111111111111111111111111100000000000000000001111
0000000000000001111111111111111111111111111100000000000000000111
0000000000000000111111111111111111111111111111000000000000000111
0000000000000000111111111111111111111111111111111000000000000111
0000000000000000011111111111111111111111111111111100000000000111
0000000000000000001111111111111111111111111111111110000000000111
0000000000000000000011111111111111111111111111111111000000000111
0000000000000000000001111111111111111111111111111111000000000111
0000000000000000000000000000111111000000011111111111000000000111
0000000000000000000000000000001111000000011111111111000000001111
0000000000011000000000000000000111100000011111111110000000011111
0000000001110000000000000000000011111000111111111110000000111111
0000000111100000000000000000000001111111111111111110000001111111
0000001111100000000000000000000001111111111111111100000011111111
0000011111100000000000000000000000111111111111110000001111111111
0000111111100000000001110000000000011111111111000001111111111111
0000111111000000000001111100000000000011111111011111111111111111
0000111111000000000000000000000000000000001111111111111111111111
0000111111000000000000000000000000000000000000011111111111111111
0001111111000000000000000000000000000000000000001111111111111111
0000111111100000000000000000000000000000000000000011111111111111
0000111111100000000000000000000000000000000000000001111111111111
0000111111110000000000000000000000000000000000000000001111111111
0000011111111100000000000000000000000000000000000000000001111111
