0000000000000000011111111111111111111111110000000000000000000011
0000000000000000111111111111111111111111111110000000000000000001
0000000000000000111111111111111111111111111111110000000000000001
0000000000000000111111111111111111111111111111111100000000000001
0000000000000000111111111111111111111111111111111111000000000001
0000000000000000011110001111111111111111111111111111100000000001
0000000000000000000000000000111111111111111111111111100000000001
0000000000000000000000000000000111111111111111111111110000000011
0000000000000000000000000000000011111111111111111111110000000011
0000000000000000000000000000000001111111111111111111110000000011
0000000001000000000000000000000001111000000111111111110000000111
0000000110000000000000000000000001110000000011111111110000001111
0000001110000000000111100000000001111000000111111111110000011111
0000011110000000000011111000000011111110000111111111100000111111
0000111110000000000000000000000011111111111111111111000001111111
0001111110000000000000000000000001111111111111111110000111111111
0011111110000000000000000000000000111111111111111100011111111111
0011111110000000000000000000000000001111111111111111111111111111
0011111110000000000000000000000000000011111111111111111111111111
0011111111000000000000000000000000000000000000000111111111111111
0011111111100000000000000000000000000000000000000011111111111111
0011111111100000000000000000000000000000000000000011111111111111
0011111111111000000000000000000000000000000000000000111111111111
0001111111111110000000000000000000000000000000000000011111111111
