0000000000000000011111111111111111111111111000000000000000000001
0000000000000000011111111111111111111111111111000000000000000001
0000000000000000111111111111111111111111111111110000000000000001
0000000000000000111111111111111111111111111111111100000000000001
0000000000000000111111111111111111111111111111111111000000000001
0000000000000000100000000001111111111111111111111111100000000001
0000000000000000000000000000001111111111111111111111110000000001
0000000000000000000000000000000111111111111111111111110000000001
0000000000000000000000000000000011111111111111111111111000000011
0000000000000000000000000000000001111111111111111111111000000011
0000000000000000000000000000000001111110000111111111111000000111
0000000110000000000010000000000001111000000011111111111000001111
0000011100000000000111110000000001111000000011111111110000001111
0000111100000000000011100000000011111100000011111111110000111111
0001111100000000000000000000000011111111100111111111100001111111
0001111100000000000000000000000001111111111111111111000011111111
0011111100000000000000000000000000111111111111111110001111111111
0011111110000000000000000000000000011111111111111111111111111111
0011111110000000000000000000000000000111111111111111111111111111
0011111111000000000000000000000000000000000110000011111111111111
0111111111000000000000000000000000000000000000000011111111111111
0011111111100000000000000000000000000000000000000011111111111111
0011111111111000000000000000000000000000000000000001111111111111
0011111111111110000000000000000000000000000000000000111111111111
