0000000000000000000000000000000001111111111111111000000000000000
0000000000000000000000000000000000011111111111111110000000000000
0000000000000000000000000000000000001111111111111111100000000000
0000000000000000000000000000000000000111111111111111111000000000
0000010000000000000000000000000000000011111111111111111100000000
0001100000000000000011111100000000000011111111111111111110000000
0111000000000000000011111100000000000011111111111111111111000000
1111000000000000000000110000000000000011111111111111111111100000
1110000000000000000000000000000000000111111111111111111111110000
1110000000000000000000000000000000000111111111111111111111110000
1100000000000000000000000000000000011111111111111111111111111000
1100000000000000000000000000000000111111111111111111111111111000
1100000000000000000000000000000011111111111111111111111111111000
1100000000000000000000000000001111111111111111111111111111111000
1110000000000000000000000000111111111111111111111111111111110000
1110000000000000000000000001111111111111111111111111111111110000
1111000000000000000000000001111111111100000011111111111111100000
1111000000000000000000000001111111111000000001111111111111000000
1111100000000000000000000001111111111000000011111111111110000001
1111110000000000000000000001111111111100000111111111111100000111
1111111100000000000000000000111111111111111111111111111000011111
1111111110000000000000000000011111111111111111111111100001111111
1111111111100000000000000000001111111111111111111110001111111111
1111111111111000000000000000000001111111111111111111111111111111
