0000000000000000000000000000000000000011111111111000000000000000
0000000011000000000000000000000000000000111111111111000000000000
0000011110000000000000000000000000000000011111111111110000000000
0001111000000000000000000000000000000000011111111111111000000000
1111110000000000000000011111100000000000001111111111111110000000
1111100000000000000000011111110000000000001111111111111111000000
1111000000000000000000000111000000000000011111111111111111100000
1110000000000000000000000000000000000000011111111111111111110000
1110000000000000000000000000000000000000111111111111111111110000
1100000000000000000000000000000000000001111111111111111111111000
1100000000000000000000000000000000000111111111111111111111111000
1100000000000000000000000000000000011111111111111111111111111000
1100000000000000000000000000000111111111111111111111111111111000
1100000000000000000000000000111111111111111111111111111111111000
1100000000000000000000000011111111111111111111111111111111111000
1110000000000000000000000111111111111111111111111111111111110000
1110000000000000000000001111111111111111111111111111111111110000
1111000000000000000000011111111111000000011111111111111111100000
1111100000000000000000011111111110000000011111111111111111000000
1111110000000000000000011111111110000000011111111111111110000000
1111111000000000000000001111111111100000111111111111111000000000
1111111110000000000000001111111111111111111111111111110000000111
1111111111000000000000000111111111111111111111111111000000111111
1111111111110000000000000001111111111111111111111000000111111111
