0000000001110000000000000000000000000000011111111100000000000000
0000011111000000000000000000000000000000001111111111000000000000
0011111100000000000000000000000000000000000111111111110000000000
1111111000000000000000000001110000000000000011111111111000000000
1111110000000000000000000111111100000000000011111111111110000000
1111100000000000000000000011111000000000000011111111111111000000
1111000000000000000000000000000000000000000111111111111111100000
1110000000000000000000000000000000000000000111111111111111110000
1110000000000000000000000000000000000000001111111111111111110000
1100000000000000000000000000000000000000011111111111111111111000
1100000000000000000000000000000000000001111111111111111111111000
1100000000000000000000000000000000001111111111111111111111111000
1100000000000000000000000000000111111111111111111111111111111000
1100000000000000000000000001111111111111111111111111111111111000
1100000000000000000000000111111111111111111111111111111111111000
1110000000000000000000011111111111111111111111111111111111110000
1110000000000000000000111111111111111111111111111111111111110000
1111000000000000000001111111111110000011111111111111111111100000
1111100000000000000001111111111000000001111111111111111111000000
1111110000000000000001111111111000000001111111111111111110000000
1111111000000000000001111111111100000011111111111111111000000000
1111111100000000000000111111111111111111111111111111110000000000
1111111111000000000000011111111111111111111111111111000000000011
1111111111110000000000001111111111111111111111111000000000011111
