1111111111100000000000000000000000000000000000000000000000000000
1111111110000000000000000000000000000000000000000000000000000000
1111111000000000000000000000000000000000000000000000000000000000
1111110000000000000000000000000000000000000000000000000000000000
1111100000000000000000000000000000000000000000000000000000000000
1111000000000000000000000000000000000000111110000000000000100000
1110000000000000000000000000000000000001111111000000000000110000
1100000000000000000000000000000000000000111110000000000000111000
1100000000000000000000000000000000000000000000000000000000111000
1000000000000000000000000000000000000000000000000000000001111100
1000000000000000011111111100000000000000000000000000000011111100
1000000000000111111111111111110000000000000000000000000111111100
1000000000011111111111111111111100000000000000000000011111111100
1000000001111111111111111111111111100000000000000001111111111100
1000000011111111111111111111111111111111100001111111111111111100
1100000111111111111000001111111111111111111111111111111111111000
1100000111111111100000000111111111111111111111111111111111111000
1110000111111111100000000011111111111111111111111111111111110000
1111000111111111110000000111111111111111111111111111111111100000
1111100111111111111110011111111111111111111111111111111111000000
1111110011111111111111111111111111111111111111111111111110000000
1111111111111111111111111111111111111111111111111111111000000000
1111111111111111111111111111111111111111111111111111100000000000
1111111111100111111111111111111111111111111111111110000000000000
