1111111111000000000000000000000000000000000000000000001000000000
1111111110000000000000000000000000000000000000000000000100000000
1111111000000000000000000000000000000000000000000000000000000000
1111110000000000000000000000000000000000000000000000000000000000
1111000000000000000000000000000000000000000000000000000000000000
1111000000000000000000000000000000000000000000000000000000000000
1110000000000000000000000000000000000000000000000000000000000000
1100000000000000000000000000000000000000000001100000000000000000
1100000000001111111111110000000000000000001111111000000000000000
1000000001111111111111111111000000000000001111111000000000000000
1000001111111111111111111111110000000000000000000000000000000100
1000011111111111111111111111111000000000000000000000000000000100
1000111111111111111111111111111100000000000000000000000000001100
1001111111111110000001111111111110000000000000000000000000011100
1001111111111100000000111111111111100000000000000000000001111100
1101111111111100000000111111111111111000000000000000000111111100
1111111111111110000001111111111111111111100000000000111111111000
1111111111111111111111111111111111111111111111111111111111110000
1111111111111111111111111111111111111111111111111111111111100000
1111001111111111111111111111111111111111111111111111111111000000
1111100111111111111111111111111111111111111111111111111110000000
1111110001111111111111111111111111111111111111111111111000000000
1111111000011111111111111111111111111111111111111111100000000000
1111111100000111111111111111111111111111111111111110000000000000
