1111111111000000000000000000000000000000000000000000001111110000
1111111100000000000000000000000000000000000000000000000011110000
1111111000000000000000000000000000000000000000000000000001111000
1111100000000000000000000000000000000000000000000000000000011000
1111000000000000000000000000000000000000000000000000000000001100
1110000000111111111111100000000000000000000000000000000000000100
1100000111111111111111111100000000000000000000000000000000000010
1100011111111111111111111111000000000000000000000000000000000010
1001111111111111111111111111110000000000000000000000000000000000
1011111111111111111111111111111000000000000000000000000000000000
1111111111111100000011111111111000000000000001111000000000000000
1111111111111000000001111111111100000000000011111110000000000000
1111111111111000000001111111111100000000000011111100000000000000
0011111111111100000011111111111100000000000000000000000000000000
0011111111111111011111111111111110000000000000000000000000000000
0011111111111111111111111111111110000000000000000000000000000000
0001111111111111111111111111111111100000000000000000000000001000
1000111111111111111111111111111111110000000000000000000000011000
1000111111111111111111111111111111111100000000000000000001110000
1000011111111111111111111111111111111111110000000000011111100000
1000000111111111111111111111111111111111111111111111111110000000
1100000011111111111111111111111111111111111111111111111100000000
1100000000111111111111111111111111111111111111111111110000000000
1110000000001111111111111111111111111111111111111111000000000000
