1111111111000000000000000000000000000000000000000000001111111111
1111111100000000000000000000000000000000000000000000000011111111
1111110000111111111111110000000000000000000000000000000000111111
1111100011111111111111111110000000000000000000000000000000011111
1111111111111111111111111111100000000000000000000000000000001111
1111111111111111111111111111111000000000000000000000000000000111
1101111111111111111111111111111100000000000000000000000000000011
1011111111111110000001111111111100000000000000000000000000000001
0011111111111100000000111111111110000000000000000000000000000001
0011111111111100000000111111111110000000000000000000000000000000
0111111111111100000001111111111110000000000000000000000000000000
0111111111111111100111111111111100000000000000000000000000000000
0111111111111111111111111111111000000000000000000000000000000000
0111111111111111111111111111111000000000000011110000000000000000
0011111111111111111111111111111000000000000111111100000000000000
0011111111111111111111111111111000000000000111111000000000000000
0011111111111111111111111111111000000000000000000000000000000000
0001111111111111111111111111111000000000000000000000000000000000
0000111111111111111111111111111100000000000000000000000000000000
0000011111111111111111111111111110000000000000000000000000000000
0000001111111111111111111111111111100000000000000000000000000000
0000000011111111111111111111111111111000000000000000000000000000
0000000000111111111111111111111111111111000000000000011000000000
0000000000001111111111111111111111111111111111111111100000000000
