1111111000011111111111111111111111100000000000000000000111111111
1111000001111111111111111111111111111000000000000000000001111111
1100000111111111111111111111111111111100000000000000000000111111
0000001111111111111111000001111111111100000000000000000000001111
0000011111111111111100000000111111111110000000000000000000000111
0000111111111111111000000000111111111110000000000000000000000011
0001111111111111111100000000111111111110000000000000000000000011
0011111111111111111110000011111111111100000000000000000000000001
0111111111111111111111111111111111111100000000000000000000000000
0111111111111111111111111111111111110000000000000000000000000000
0111111111111111111111111111111111100000000000000000000000000000
0111111111111111111111111111111100000000000000000000000000000000
0111111111111111111111111111110000000000000000000000000000000000
0111111111111111111111111111000000000000000000000000000000000000
0111111111111111111111111110000000000000000000000000000000000000
0011111111111111111111111100000000000000000000000000000000000000
0011111111111111111111111000000000000000000000000000000000000001
0001111111111111111111110000000000000111111000000000000000000011
0000111111111111111111110000000000000111111100000000000000000011
0000011111111111111111110000000000000011111000000000000000000111
0000001111111111111111110000000000000000000000000000000000001100
0000000111111111111111111000000000000000000000000000000000110000
0000000001111111111111111100000000000000000000000000000000000000
0000000000011111111111111110000000000000000000000000000000000000
