0000000000111111111111111111111111111111111111100000000011111111
0000000001111111111111111111111111111111111111110000000001111111
0000000111111111111111111111110000001111111111110000000000011111
0000011111111111111111111111100000000011111111111000000000001111
0000111111111111111111111111100000000011111111111000000000000111
0001111111111111111111111111100000000111111111110000000000000011
0011111111111111111111111111111100011111111111110000000000000001
0011111111111111111111111111111111111111111111100000000000000001
0111111111111111111111111111111111111111111111000000000000000000
0111111111111111111111111111111111111111111100000000000000000000
1111111111111111111111111111111111111111100000000000000000000000
1111111111111111111111111111111111110000000000000000000000000000
1111111111111111111111100000000000000000000000000000000000000000
1111111111111111111100000000000000000000000000000000000000000000
0111111111111111110000000000000000000000000000000000000000000000
0111111111111111100000000000000000000000000000000000000000000000
0011111111111110000000000000000000000000000000000000000000000000
0011111111111110000000000000000000000000000000000000000000000001
0001111111111100000000000000111110000000000000000000000000000011
0000111111111100000000000001111111000000000000000000000000000111
0000011111111100000000000000111111000000000000000000000000001111
0000000111111100000000000000000000000000000000000000000000011111
0000000011111110000000000000000000000000000000000000000001111111
0000000000111110000000000000000000000000000000000000000011111111
