0000000000111111111111111111111111111111111111111100000011111111
0000000011111111111111111111111111111111111111111110000001111111
0000000111111111111111111111111111100001111111111111000000011111
0000011111111111111111111111111100000000011111111111000000001111
0000111111111111111111111111111100000000001111111111000000000111
0001111111111111111111111111111110000000011111111111000000000011
0011111111111111111111111111111111000000111111111111000000000001
0111111111111111111111111111111111111111111111111110000000000000
0111111111111111111111111111111111111111111111111100000000000000
1111111111111111111111111111111111111111111111110000000000000000
1111111111111111111111111111111111111111111111000000000000000000
1111111111111111111111100000000111111111110000000000000000000000
1111111111111111110000000000000000000000000000000000000000000000
1111111111111111000000000000000000000000000000000000000000000000
1111111111111100000000000000000000000000000000000000000000000000
0111111111110000000000000000000000000000000000000000000000000000
0111111111100000000000000000000000000000000000000000000000000000
0011111111100000000000000000000000000000000000000000000000000001
0001111111000000000000000111110000000000000000000000000000000011
0000111111000000000000001111111000000000000000000000000000000111
0000011111000000000000000111110000000000000000000000000000001111
0000001111100000000000000000000000000000000000000000000000011111
0000000011100000000000000000000000000000000000000000000000111111
0000000000110000000000000000000000000000000000000000000011111111
