0000000000111111111111111111111111111111111111111111100011111111
0000000011111111111111111111111111111111111111111111110000111111
0000001111111111111111111111111111111111111111111111111000011111
0000011111111111111111111111111111111000000111111111111000001111
0000111111111111111111111111111111100000000011111111111100000111
0001111111111111111111111111111111100000000001111111111100000011
0011111111111111111111111111111111110000000011111111111000000001
0111111111111111111111111111111111111100001111111111111000000000
0111111111111111111111111111111111111111111111111111110000000000
1111111111111111111111111111111111111111111111111111100000000000
1111111111111111111111111111111111111111111111111110000000000000
1111111111111111000000000000000011111111111111110000000000000000
1111111111111000000000000000000000001111111000000000000000000000
1111111111100000000000000000000000000000000000000000000000000000
1111111110000000000000000000000000000000000000000000000000000000
0111111100000000000000000000000000000000000000000000000000000000
0111111100000000000000000000000000000000000000000000000000000000
0011111000000000000000111110000000000000000000000000000000000001
0001111000000000000001111111000000000000000000000000000000000011
0000111000000000000001111110000000000000000000000000000000000111
0000011000000000000000000000000000000000000000000000000000001111
0000001100000000000000000000000000000000000000000000000000011111
0000000010000000000000000000000000000000000000000000000000111111
0000000000000000000000000000000000000000000000000000000011111111
