0000000001111111111111111111111111111111111111111111111000011111
0000000111111111111111111111111111111111111111111111111100001111
0000001111111111111111111111111111111111111111111111111111000111
0000111111111111111111111111111111111111111111111111111111100011
0001111111111111111111111111111111111111111111111111111111111011
0011111111111111111111111111111111111111111111111111111111111101
0111111111111000000011111111111111111111111111111111111111111111
0111111100000000000000000111111111111111111000000011111111111111
1111100000000000000000000000111111111111110000000001111111111110
1110000000000000000000000000001111111111110000000001111111111110
1100000000000000000000000000000111111111111000000001111111111110
1000000000000000000000000000000011111111111110000111111111111100
0000000000000000000000000000000001111111111111111111111111111100
0000000000000001111100000000000000111111111111111111111111110000
0000000000000011111110000000000000001111111111111111111111100000
0000000000000011111110000000000000000011111111111111111100000000
0000000000000000000000000000000000000000000111111111000000000000
0000000000000000000000000000000000000000000000000000000000000000
0000000000000000000000000000000000000000000000000000000000000001
0000000000000000000000000000000000000000000000000000000000000011
0000000000000000000000000000000000000000000000000000000000000111
0000000000000000000000000000000000000000000000000000000000001111
0000010000000000000000000000000000000000000000000000000000111111
0000001000000000000000000000000000000000000000000000000001111111
