0000000001111111111111111111111111111111111111111111111000000011
0000000111111111111111111111111111111111111111111111111110000001
0000001111111111111111111111111111111111111111111111111111000001
0000111111111111111111111111111111111111111111111111111111110000
0001111111111000001111111111111111111111111111111111111111111000
0011111000000000000000001111111111111111111111111111111111111100
0111100000000000000000000011111111111111111111111111111111111110
0110000000000000000000000000111111111111111111111111111111111110
1000000000000000000000000000001111111111111111000111111111111111
0000000000000000000000000000000111111111111100000001111111111111
0000000000000000000000000000000011111111111000000000111111111111
0000000000000000100000000000000011111111111100000000111111111111
0000000000000111111100000000000011111111111100000001111111111111
0000000000000111111100000000000001111111111111101111111111111111
0000000000000011110000000000000000111111111111111111111111111110
0000000000000000000000000000000000011111111111111111111111111000
0000000000000000000000000000000000000111111111111111111111100000
0000000000000000000000000000000000000000111111111111111110000000
0000000000000000000000000000000000000000000001111110000000000001
0100000000000000000000000000000000000000000000000000000000000011
0010000000000000000000000000000000000000000000000000000000000111
0011000000000000000000000000000000000000000000000000000000001111
0001100000000000000000000000000000000000000000000000000000111111
0000111000000000000000000000000000000000000000000000000001111111
