0000000000000000000000000000111111111111111111111111111000000000
0000000000000000000000000000000111111111111111111111111110000000
0000000000000000000000000000000011111111111111111111111111100000
0000000000000000000000000000000001111111111111111111111111110000
0000000000000000000000000000000000111111111111111111111111111000
0000000000000000000000000000000000011111111111111111111111111100
0000000000000000111110000000000000011111111111111111111111111110
0000000000000001111111000000000000011111111111111111111111111111
0000000000000001111111000000000000011111111111111111111111111111
0000000000000000000000000000000000111111111111111111111111111111
0000000000000000000000000000000000111111111111111111111111111111
0000000000000000000000000000000001111111111111111111111111111111
0000000000000000000000000000000011111111111111111111111111111111
0000000000000000000000000000000111111111111111111111111111111111
0000000000000000000000000000001111111111111000000111111111111111
0000000000000000000000000000001111111111100000000011111111111111
0000000000000000000000000000001111111111100000000011111111111111
0000000000000000000000000000001111111111100000000111111111111110
0000000000000000000000000000000111111111111000011111111111111100
1000000000000000000000000000000111111111111111111111111111111001
1100000000000000000000000000000011111111111111111111111111111011
1111000000000000000000000000000000111111111111111111111111111111
1111100000000000000000000000000000001111111111111111111110111111
1111111000000000000000000000000000000000111111111111110001111111
