0000000000000000000000000000000000111111111111111111111100000000
0000000000000000000000000000000000011111111111111111111110000000
0000000000000000000000000000000000001111111111111111111111100000
0000000000000000000000000000000000000111111111111111111111110000
1000000000000000000000000000000000000111111111111111111111111100
0000000000000000011111110000000000000011111111111111111111111100
0000000000000000011111111000000000000011111111111111111111111110
0000000000000000001111110000000000000111111111111111111111111111
0000000000000000000000000000000000000111111111111111111111111111
0000000000000000000000000000000000001111111111111111111111111111
0000000000000000000000000000000000011111111111111111111111111111
0000000000000000000000000000000000111111111111111111111111111111
0000000000000000000000000000000011111111111111111111111111111111
0000000000000000000000000000001111111111111111111111111111111111
0000000000000000000000000000011111111111111111111111111111111111
0000000000000000000000000000111111111111100000111111111111111111
0000000000000000000000000000111111111110000000001111111111111111
0000000000000000000000000000111111111110000000001111111111111110
0000000000000000000000000000111111111100000000011111111111111110
1000000000000000000000000000111111111110000000111111111111111100
1100000000000000000000000000011111111111111111111111111111110000
1110000000000000000000000000011111111111111111111111111111100011
1111100000000000000000000000000111111111111111111111111110001111
1111110000000000000000000000000001111111111111111111111100111111
