0000000000000000000000000000000000000001111111111111111100000000
0001100000000000000000000000000000000000111111111111111111000000
0110000000000000000000000000000000000000111111111111111111100000
1100000000000000000000111000000000000000011111111111111111111000
1000000000000000000011111110000000000000011111111111111111111100
0000000000000000000011111110000000000000011111111111111111111110
0000000000000000000000111100000000000000111111111111111111111110
0000000000000000000000000000000000000000111111111111111111111111
0000000000000000000000000000000000000001111111111111111111111111
0000000000000000000000000000000000000011111111111111111111111111
0000000000000000000000000000000000001111111111111111111111111111
0000000000000000000000000000000000111111111111111111111111111111
0000000000000000000000000000000011111111111111111111111111111111
0000000000000000000000000000011111111111111111111111111111111111
0000000000000000000000000001111111111111111111111111111111111111
0000000000000000000000000011111111111111111111111111111111111111
0000000000000000000000000111111111111110001111111111111111111111
0000000000000000000000000111111111111000000001111111111111111110
0000000000000000000000000111111111110000000001111111111111111110
1000000000000000000000000111111111100000000001111111111111111100
1100000000000000000000000111111111110000000011111111111111111000
1110000000000000000000000111111111111111111111111111111111100000
1111100000000000000000000011111111111111111111111111111111000001
1111110000000000000000000001111111111111111111111111111100000111
