1111110000000000000000000000000000000000000000000000111110000000
1111000000000000000000000000000000000000000000000000111111000000
1110000000000000000000000000000001111000000000000000011111110000
1000000000000000000000000000000111111100000000000000011111111000
1000000000000000000000000000000111111100000000000000011111111100
0000000000000000000000000000000001111000000000000000111111111110
0000000000000000000000000000000000000000000000000000111111111111
0000000000000000000000000000000000000000000000000001111111111111
0000000000000000000000000000000000000000000000000011111111111111
0000000000000000000000000000000000000000000000001111111111111111
0000000000000000000000000000000000000000000000111111111111111111
0000000000000000000000000000000000000000000111111111111111111111
0000000000000000000000000111111111011111111111111111111111111111
0000000000000000000001111111111111111111111111111111111111111111
0000000000000000001111111111111111111111111111111111111111111111
0000000000000000111111111111111111111111111111111111111111111111
0000000000000001111111111111111111111111111111111111111111111111
0000000000000011111111111111111111111111111111111111111111111111
0000000000000111111111111000000001111111111111111111111111111110
1000000000000111111111110000000000111111111111111111111111111100
1100000000000111111111110000000000111111111111111111111111111000
1110000000000111111111111000000001111111111111111111111111110000
1111000000000011111111111111111111111111111111111111111111000000
1111110000000011111111111111111111111111111111111111111100000000
