1111100000000000000000000000000000000000000000000000000000001111
1110000000000000000000000000000000000000000000000000000000000111
1100000000000000000000000000000000000000000000000000000000000011
1000000000001111100000000000000000000000000000000000000000000000
0000001111111111111111100000000000000000000000000000000000000000
0001111111111111111111111100000000000000000000000000000000000000
0111111111111111111111111111000000000000000000000000000000000000
1111111111111111111111111111100000000000000000000000000000000000
1111111111111111111111111111110000000000000000000000000000000000
1111111111110000001111111111111000000000000000000000000000000000
1111111111100000000011111111111100000000000000000000000000000000
1111111111100000000011111111111100000000000001111111000000000000
1111111111100000000011111111111100000000000011111111100000000000
1111111111110000000111111111111100000000000001111111000000000000
1111111111111111111111111111111100000000000000000000000000000000
1111111111111111111111111111111110000000000000000000000000000000
1111111111111111111111111111111111000000000000000000000000000000
1111111111111111111111111111111111100000000000000000000000000000
1111111111111111111111111111111111110000000000000000000000000001
0111111111111111111111111111111111111100000000000000000000000110
0011111111111111111111111111111111111111100000000000000000111100
0001111111111111111111111111111111111111111111000000011111111000
0000011111111111111111111111111111111111111111111111111111100000
0000001111111111111111111111111111111111111111111111111111000000
