1110011111111111111111111111111100000000000000000000000000001111
1000111111111111111111111111111111000000000000000000000000000011
0001111111111111111111111111111111100000000000000000000000000001
0111111111111111111000111111111111110000000000000000000000000000
1111111111111111000000001111111111110000000000000000000000000000
1111111111111110000000000111111111110000000000000000000000000000
1111111111111110000000000111111111110000000000000000000000000000
1111111111111111000000001111111111110000000000000000000000000000
1111111111111111110000111111111111110000000000000000000000000000
1111111111111111111111111111111111100000000000000000000000000000
1111111111111111111111111111111111000000000000000000000000000000
1111111111111111111111111111111100000000000000000000000000000000
1111111111111111111111111111111000000000000000000000000000000000
1111111111111111111111111111100000000000000000000000000000000000
1111111111111111111111111111000000000000000000000000000000000000
1111111111111111111111111110000000000000000000000000000000000000
1111111111111111111111111110000000000000011111000000000000000000
1111111111111111111111111100000000000000111111110000000000000000
1111111111111111111111111100000000000000111111110000000000000000
1111111111111111111111111100000000000000001111000000000000000000
0111111111111111111111111110000000000000000000000000000000000000
0001111111111111111111111110000000000000000000000000000000000000
0000111111111111111111111111000000000000000000000000000000000000
0000001111111111111111111111100000000000000000000000000000000000
