0000011111111111111111111111111111111111110000000000000000001111
0000111111111111111111111000011111111111111000000000000000000011
0011111111111111111111100000000011111111111000000000000000000001
0111111111111111111111000000000011111111111100000000000000000000
1111111111111111111111000000000011111111111000000000000000000000
1111111111111111111111100000000111111111111000000000000000000000
1111111111111111111111111111111111111111111000000000000000000000
1111111111111111111111111111111111111111110000000000000000000000
1111111111111111111111111111111111111111100000000000000000000000
1111111111111111111111111111111111111110000000000000000000000000
1111111111111111111111111111111111111000000000000000000000000000
1111111111111111111111111111111110000000000000000000000000000000
1111111111111111111111111111000000000000000000000000000000000000
1111111111111111111111111000000000000000000000000000000000000000
1111111111111111111111100000000000000000000000000000000000000000
1111111111111111111111000000000000000000000000000000000000000000
1111111111111111111110000000000000000000000000000000000000000000
1111111111111111111100000000000000000000000000000000000000000000
1111111111111111111000000000000000011110000000000000000000000000
1111111111111111111000000000000001111111000000000000000000000000
0111111111111111111000000000000001111111100000000000000000000000
0011111111111111111000000000000000011111000000000000000000000001
0000111111111111111000000000000000000000000000000000000000000011
0000011111111111111000000000000000000000000000000000000000000111
