0000011111111111111111111111111111111111111111100000000000000111
0000111111111111111111111111000000011111111111110000000000000011
0011111111111111111111111100000000001111111111110000000000000001
0111111111111111111111111100000000000111111111110000000000000000
1111111111111111111111111100000000001111111111110000000000000000
1111111111111111111111111111000000111111111111100000000000000000
1111111111111111111111111111111111111111111111100000000000000000
1111111111111111111111111111111111111111111111000000000000000000
1111111111111111111111111111111111111111111100000000000000000000
1111111111111111111111111111111111111111110000000000000000000000
1111111111111111111111111111111111111111000000000000000000000000
1111111111111111111111111111111111000000000000000000000000000000
1111111111111111111111111000000000000000000000000000000000000000
1111111111111111111111000000000000000000000000000000000000000000
1111111111111111111100000000000000000000000000000000000000000000
1111111111111111110000000000000000000000000000000000000000000000
1111111111111111100000000000000000000000000000000000000000000000
1111111111111111000000000000000000000000000000000000000000000000
1111111111111110000000000000000000000000000000000000000000000000
1111111111111100000000000000011111110000000000000000000000000000
0111111111111100000000000000011111111000000000000000000000000000
0011111111111100000000000000001111110000000000000000000000000001
0001111111111100000000000000000000000000000000000000000000000011
0000011111111110000000000000000000000000000000000000000000000111
