0000011111111111111111111111111111111111111111111111111100000111
0001111111111111111111111111111111111111111111111111111100000011
0011111111111111111111111111111111100000000111111111111110000000
0111111111111111111111111111111111000000000011111111111110000000
1111111111111111111111111111111111000000000001111111111110000000
1111111111111111111111111111111111100000000011111111111100000000
1111111111111111111111111111111111111000001111111111111100000000
1111111111111111111111111111111111111111111111111111111000000000
1111111111111111111111111111111111111111111111111111110000000000
1111111111111111111111111111111111111111111111111111000000000000
1111111111111111111111111111111111111111111111111100000000000000
1111111111111111100000000000000111111111111111100000000000000000
1111111111111000000000000000000000000000000000000000000000000000
1111111111100000000000000000000000000000000000000000000000000000
1111111110000000000000000000000000000000000000000000000000000000
1111111100000000000000000000000000000000000000000000000000000000
1111111000000000000000000000000000000000000000000000000000000000
1111110000000000000000000000000000000000000000000000000000000000
1111110000000000000000111111000000000000000000000000000000000000
1111100000000000000001111111100000000000000000000000000000000000
1111100000000000000001111111000000000000000000000000000000000000
0011110000000000000000011100000000000000000000000000000000000000
0001110000000000000000000000000000000000000000000000000000000011
0000011000000000000000000000000000000000000000000000000000000111
