0000011111111111111111111111111111111111111111111111111111100111
0001111111111111111111111111111111111111111111111111111111110001
0011111111111111111111111111111111111111111111111111111111110000
1111111111111111111111111111111111111110000000111111111111111000
1111111111111111111111111111111111111100000000001111111111111000
1111111111111111111111111111111111111100000000001111111111111000
1111111111111111111111111111111111111110000000001111111111110000
1111111111111111111111111111111111111111000000011111111111110000
1111111111111111111111111111111111111111111111111111111111100000
1111111111111111111111111111111111111111111111111111111111000000
1111111111110000000000000000111111111111111111111111111100000000
1111111110000000000000000000000011111111111111111111110000000000
1111111000000000000000000000000000011111111111111111000000000000
1111100000000000000000000000000000000000011110000000000000000000
1111000000000000000000000000000000000000000000000000000000000000
1110000000000000000000000000000000000000000000000000000000000000
1100000000000000000000000000000000000000000000000000000000000000
1100000000000000001111111000000000000000000000000000000000000000
1100000000000000011111111000000000000000000000000000000000000000
1100000000000000011111110000000000000000000000000000000000000000
1100000000000000000000000000000000000000000000000000000000000000
0110000000000000000000000000000000000000000000000000000000000000
0000000000000000000000000000000000000000000000000000000000000001
0000000000000000000000000000000000000000000000000000000000000111
