0000111111111111111111111111111111111111111111111111111111110001
0001111111111111111111111111111111111111111111111111111111111000
0111111111111111111111111111111111111111111111111111111111111110
1111111111111111111111111111111111111111111111111111111111111111
1111111111111111111111111111111111111111111111111111111111111111
1111111111111111111111111111111111111111111111111111111111111111
1111111100000000000001111111111111111111111110000001111111111111
1111000000000000000000000111111111111111111000000000111111111111
1100000000000000000000000000111111111111111000000000011111111111
0000000000000000000000000000011111111111111100000000011111111111
0000000000000000000000000000000111111111111110000000111111111111
0000000000000000000000000000000011111111111111110111111111111111
0000000000000000000000000000000001111111111111111111111111111111
0000000000000001110000000000000000111111111111111111111111111110
0000000000001111111100000000000000001111111111111111111111111000
0000000000001111111100000000000000000011111111111111111111100000
0000000000000111111000000000000000000000001111111111111000000000
0000000000000000000000000000000000000000000000000000000000000000
0000000000000000000000000000000000000000000000000000000000000000
0000000000000000000000000000000000000000000000000000000000000000
0000000000000000000000000000000000000000000000000000000000000000
0000000000000000000000000000000000000000000000000000000000000000
0000000000000000000000000000000000000000000000000000000000000001
0000000000000000000000000000000000000000000000000000000000000011
