1111111111111111111111111111111111111111111111111111111111111111
1111111111111111111111111111111111111111111111111111111111111111
1111111111111111111111111111111111111111111111111111111111111111
1111111111111111111111111111111111111111111111111111111111111111
1111111111111111111111111111110001011111111111111111111111111111
1111111111111111111111111111110000000001111111111111111111111111
1111111111111111111111111111111000000001111111111111111111111111
1111111111111111111111111111111000000000111111111111111111111111
1111111111111111111111111111111100000000111111111111111111111111
1111111111111111111100111111111100000000000000001111111111111111
1111111111111111111100000000000000000000000000000011111111111111
1111111111111111111111111000010100000000000000000011111111111111
1111111111111111111111111111111111110001111110000111111111111111
1111111111111111111111111111111111111111111111111111111111111111
1111111111111111111111111111111111111111111111111111111111111111
1111111111111111111111111111111111111111111111111111111111111111
1111111111111111111111111111111111111111111111111111111111111111
1111111111111111111111111111111111111111111111111111111111111111
1111111111111111111111111111111111111111111111111111111111111111
1111111111111111111111111111111111111111111111111111111111111111
1111111111111111111111111111111111111111111111111111111111111111
1111111111111111111111111111111111111111111111111111111111111111
1111111111111111111111111111111111111111111111111111111111111111
1111111111111111111111111111111111111111111111111111111111111111
