0001100000000000000000000111111111111111111111111111111111110000
0000000000000000000000000001111111111111111111111111111111111100
0000000000000000000000000000011111111111111111111111111111111110
0000000000000000000000000000000111111111111111111111111111111111
0000000000000000000000000000000011111111111111111111111111111111
0000000000000000000000000000000011111111111111111111111111111111
0000000000000000000000000000000001111111111111111111111111111111
0000000000000111110000000000000001111111111111111111111111111111
0000000000011111111100000000000001111111111111111111111111111111
0000000000001111111100000000000001111111111111111111111111111111
0000000000000111110000000000000001111111111111111111111111111111
0000000000000000000000000000000001111111111111111111111111111111
0000000000000000000000000000000011111111111111100001111111111111
0000000000000000000000000000000011111111111110000000011111111111
0000000000000000000000000000000111111111111100000000011111111111
0000000000000000000000000000000111111111111100000000011111111111
0000000000000000000000000000000011111111111100000000111111111111
0000000000000000000000000000000011111111111111000001111111111111
0000000000000000000000000000000001111111111111111111111111111111
0000000000000000000000000000000000111111111111111111111111111111
0000000000000000000000000000000000001111111111111111111111111111
0000000000000000000000000000000000000111111111111111111111111100
0000000000000000000000000000000000000000111111111111111111100001
1100000000000000000000000000000000000000000001111111110000000011
