0000000000000000000000000000000000000111111111111111111111111000
0000000000000000000000000000000000000011111111111111111111111100
0000000000000000000000000000000000000011111111111111111111111111
0000000000000000000110000000000000000001111111111111111111111111
0000000000000000111111110000000000000001111111111111111111111111
0000000000000000111111111000000000000001111111111111111111111111
0000000000000000011111110000000000000011111111111111111111111111
0000000000000000000000000000000000000011111111111111111111111111
0000000000000000000000000000000000000111111111111111111111111111
0000000000000000000000000000000000001111111111111111111111111111
0000000000000000000000000000000000011111111111111111111111111111
0000000000000000000000000000000000111111111111111111111111111111
0000000000000000000000000000000011111111111111111111111111111111
0000000000000000000000000000001111111111111111111111111111111111
0000000000000000000000000000011111111111111111111111111111111111
0000000000000000000000000000111111111111111111111111111111111111
0000000000000000000000000001111111111111100000001111111111111111
0000000000000000000000000001111111111110000000000111111111111111
0000000000000000000000000001111111111110000000000111111111111111
0000000000000000000000000001111111111110000000000111111111111111
0000000000000000000000000001111111111111000000011111111111111111
0000000000000000000000000000111111111111111111111111111111111111
0000000000000000000000000000111111111111111111111111111111111100
1100000000000000000000000000001111111111111111111111111111111000
