1111111111111111111111111111000000000000000000000000000000000000
1111111111111111111111111111110000000000000000000000000000000000
1111111111111111111111111111111000000000000000000000000000000000
1111111111111111111111111111111100000000000000000000000000000000
1111111111111100001111111111111110000000000000000000000000000000
1111111111110000000011111111111111000000000000000000000000000000
1111111111100000000001111111111111000000000000000000000000000000
1111111111100000000001111111111111000000000000000000000000000000
1111111111100000000011111111111111000000000000000000000000000000
1111111111110000000111111111111111000000000000000000000000000000
1111111111111111111111111111111110000000000000000000000000000000
1111111111111111111111111111111100000000000000000000000000000000
1111111111111111111111111111111000000000000000000000000000000000
1111111111111111111111111111110000000000000000000000000000000000
1111111111111111111111111111110000000000000000000000000000000000
1111111111111111111111111111100000000000000011111110000000000000
1111111111111111111111111111100000000000000111111111000000000000
1111111111111111111111111111100000000000000011111111000000000000
1111111111111111111111111111100000000000000001111110000000000000
1111111111111111111111111111100000000000000000000000000000000000
1111111111111111111111111111110000000000000000000000000000000000
1111111111111111111111111111111000000000000000000000000000000000
1111111111111111111111111111111100000000000000000000000000000000
0111111111111111111111111111111110000000000000000000000000000000
