1111111111111111111111111111111111110000011111111111111111110000
1111111111111111111111111111111111000000000111111111111111111000
1111111111111111111111111111111110000000000011111111111111111000
1111111111111111111111111111111110000000000011111111111111111000
1111111111111111111111111111111111000000000111111111111111111000
1111111111111111111111111111111111110000011111111111111111110000
1111111111111111111111111111111111111111111111111111111111110000
1111111111111111111111111111111111111111111111111111111111100000
1111111111111111111111111111111111111111111111111111111111000000
1111111111111111111111111111111111111111111111111111111100000000
1111111111111111111100000111111111111111111111111111110000000000
1111111111111000000000000000000011111111111111111110000000000000
1111111111000000000000000000000000001111111111000000000000000000
1111111100000000000000000000000000000000000000000000000000000000
1111110000000000000000000000000000000000000000000000000000000000
1111100000000000000000000000000000000000000000000000000000000000
1111000000000000000000000000000000000000000000000000000000000000
1110000000000000000000000000000000000000000000000000000000000000
1100000000000000000000000000000000000000000000000000000000000000
1100000000000000000001111111100000000000000000000000000000000000
1100000000000000000011111111110000000000000000000000000000000000
1100000000000000000011111111110000000000000000000000000000000000
1100000000000000000000111111000000000000000000000000000000000000
1110000000000000000000000000000000000000000000000000000000000000
