1111111111111111111111111111111111111111111111111111111111111111
1111111111111111111111111111111111111111111111111111111111111111
1111111111111111111111111111111111111111111111111111111111111111
1111111111111111111111111111111111111111111110000011111111111111
1111111111111111111111111111111111111111111000000000111111111111
1111111110000000001111111111111111111111110000000000011111111111
1111000000000000000000011111111111111111110000000000011111111111
1000000000000000000000000011111111111111111000000000111111111111
0000000000000000000000000000111111111111111110000011111111111111
0000000000000000000000000000001111111111111111111111111111111111
0000000000000000000000000000000111111111111111111111111111111111
0000000000000000000000000000000011111111111111111111111111111111
0000000000000000000000000000000001111111111111111111111111111111
0000000000000000000000000000000000111111111111111111111111111111
0000000000000000000000000000000000011111111111111111111111111111
0000000000000001110000000000000000000111111111111111111111111111
0000000000001111111110000000000000000000111111111111111111111000
0000000000001111111111000000000000000000000011111111111110000000
0000000000001111111110000000000000000000000000000000000000000000
0000000000000011111100000000000000000000000000000000000000000000
0000000000000000000000000000000000000000000000000000000000000000
0000000000000000000000000000000000000000000000000000000000000000
0000000000000000000000000000000000000000000000000000000000000000
0000000000000000000000000000000000000000000000000000000000000000
