0000000000000000000000000000000111111111111111111111111111111111
0000000000000000000000000000000011111111111111111111111111111111
0000000000000000000000000000000001111111111111111111111111111111
0000000000000000000000000000000001111111111111111111111111111111
0000000000000000000000000000000000111111111111111111111111111111
0000000000000000000000000000000000111111111111111111111111111111
0000000000000000000000000000000000111111111111111111111111111111
0000000000000000000000000000000000111111111111111111111111111111
0000000000000000000000000000000000111111111111111111011111111111
0000000000000000000000000000000000111111111111110000000011111111
0000000001111110000000000000000001111111111111100000000001111111
0000000011111111100000000000000001111111111111100000000001111111
0000000111111111100000000000000011111111111111100000000001111111
0000000011111111100000000000000111111111111111111000000011111111
0000000000111100000000000000001111111111111111111111111111111111
0000000000000000000000000000001111111111111111111111111111111111
0000000000000000000000000000001111111111111111111111111111111111
0000000000000000000000000000001111111111111111111111111111111111
0000000000000000000000000000001111111111111111111111111111111111
0000000000000000000000000000000111111111111111111111111111111111
0000000000000000000000000000000111111111111111111111111111111111
0000000000000000000000000000000011111111111111111111111111111111
0000000000000000000000000000000001111111111111111111111111111111
0000000000000000000000000000000000111111111111111111111111111111
