0000000000000000000000000000000011111111111111111111111111111111
0000000000000000000000000000000011111111111111111111111111111111
0000000000000000000000000000000011111111111111111111111111111111
0000000000000000000000000000000011111111111111111111111111111111
0000000000000000000000000000000011111111111111111111111111111111
0000000000000000000000000000000011111111111111111111111111111111
0000000000000000000000000000000011111111111111111111111111111111
0000000000000000000000000000000011111111111111111111111111111111
0000000000000000000000000000000011111111111111111111111111111111
0000000000011000000000000000000011111111111111111000000111111111
0000000011111111000000000000000011111111111111100000000011111111
0000000111111111100000000000000011111111111111000000000001111111
0000000111111111100000000000000011111111111111000000000001111111
0000000001111111000000000000000011111111111111100000000011111111
0000000000000000000000000000000011111111111111111000001111111111
0000000000000000000000000000000011111111111111111111111111111111
0000000000000000000000000000000011111111111111111111111111111111
0000000000000000000000000000000011111111111111111111111111111111
0000000000000000000000000000000011111111111111111111111111111111
0000000000000000000000000000000011111111111111111111111111111111
0000000000000000000000000000000011111111111111111111111111111111
0000000000000000000000000000000011111111111111111111111111111111
0000000000000000000000000000000011111111111111111111111111111111
0000000000000000000000000000000011111111111111111111111111111111
