0000000000000000000000000000111111111111111111111111111111111111
0000000000000000000000000000111111111111111111111111111111111111
0000000000000000000000000000111111111111111111111111111111111111
0000000000000000000000000000111111111111111111111111111111111111
0000000000000000000000000000111111111111111111111111111111111111
0000000000000000000000000000111111111111111111111111111111111111
0000000000000000000000000000111111111111111111111111111111111111
0000000000000000000000000000111111111111111111111111111111111111
0000000000000000000000000000111111111111111111111111111111111111
0000000110000000000000000000111111111111111100000001111111111111
0000111111110000000000000000111111111111110000000000011111111111
0001111111111000000000000000111111111110000000000000000001111111
0001111111111000000000000000111111111110000000000000000001111111
0000011111110000000000000000111111111111111000000000011111111111
0000000000000000000000000000111111111111111110000011111111111111
0000000000000000000000000000111111111111111111111111111111111111
0000000000000000000000000000111111111111111111111111111111111111
0000000000000000000000000000111111111111111111111111111111111111
0000000000000000000000000000111111111111111111111111111111111111
0000000000000000000000000000111111111111111111111111111111111111
0000000000000000000000000000111111111111111111111111111111111111
0000000000000000000000000000111111111111111111111111111111111111
0000000000000000000000000000111111111111111111111111111111111111
0000000000000000000000000000111111111111111111111111111111111111
