0000000000000000000000001111111111111111111111111111111111111111
0000000000000000000000001111111111111111111111111111111111111111
0000000000000000000000001111111111111111111111111111111111111111
0000000000000000000000001111111111111111111111111111111111111111
0000000000000000000000001111111111111111111111111111111111111111
0000000000000000000000001111111111111111111111111111111111111111
0000000000000000000000001111111111111111111111111111111111111111
0000000000000000000000001111111111111111111111111111111111111111
0000000000000000000000001111111111111111111111111111111111111111
0001100000000000000000001111111111111111100000011111111111111111
1111111100000000000000001111111111111110000000000111111111111111
1111111110000000000000001111111110000000000000000000000001111111
1111111110000000000000001111111110000000000000000000000001111111
0111111000000000000000001111111111111111000000000011100111111111
0000000000000000000000001111111111111111110000111111111111111111
0000000000000000000000001111111111111111111111111111111111111111
0000000000000000000000001111111111111111111111111111111111111111
0000000000000000000000001111111111111111111111111111111111111111
0000000000000000000000001111111111111111111111111111111111111111
0000000000000000000000001111111111111111111111111111111111111111
0000000000000000000000001111111111111111111111111111111111111111
0000000000000000000000001111111111111111111111111111111111111111
0000000000000000000000001111111111111111111111111111111111111111
0000000000000000000000001111111111111111111111111111111111111111
