0000000000000000000111111111111111111111111111111111111111111111
0000000000000000000111111111111111111111111111111111111111111111
0000000000000000000111111111111111111111111111111111111111111111
0000000000000000000111111111111111111111111111111111111111111111
0000000000000000000111111111111111111111111111111111111111111111
0000000000000000000111111111111111111111111111111111111111111111
0000000000000000000111111111111111111111111111111111111111111111
0000000000000000000111111111111111111111111111111111111111111111
0000000000000000000111111111111111100000000111111111111111111111
0000000000000000000111111111111110000000000001111111111111111111
1110000000000000000111111111111100000000000000111111111111111111
1111000000000000000111111111111110000000000000000000000000111111
1111000000000000000111000000000000000000000000000000000000001111
1100000000000000000111100000000000000000000000000000000000001111
0000000000000000000111111111111111111100000000001100000000111111
0000000000000000000111111111111111111111111110111111111111111111
0000000000000000000111111111111111111111111111111111111111111111
0000000000000000000111111111111111111111111111111111111111111111
0000000000000000000111111111111111111111111111111111111111111111
0000000000000000000111111111111111111111111111111111111111111111
0000000000000000000111111111111111111111111111111111111111111111
0000000000000000000111111111111111111111111111111111111111111111
0000000000000000000111111111111111111111111111111111111111111111
0000000000000000000111111111111111111111111111111111111111111111
