0000000000000000000111111111111111111111111111111111111111111111
0000000000000000000111111111111111111111111111111111111111111111
0000000000000000000111111111111111111111111111111111111111111111
0000000000000000000111111111111111111111111111111111111111111111
0000000000000000000111111111111111111111111111111111111111111111
0000000000000000000111111111111111111111111111111111111111111111
0000000000000000000111111111111111111111111111111111111111111111
0000000000000000000111111111111111111111111111111111111111111111
0000000000000000000111111111111100000000000011111111111111111111
0000000000000000000111111111111000000000000000111111111111111111
1110000000000000000111111111111000000000000000111111111111111111
1111000000000000000111111111111100000000000000011111100000111111
1110000000000000000110000000000000000000000000000000000000001111
1100000000000000000110000000000000000000000000000000000000000111
0000000000000000000111111111111111111000000000000000000000000111
0000000000000000000111111111111111111111000000001111110000111111
0000000000000000000111111111111111111111111111111111111111111111
0000000000000000000111111111111111111111111111111111111111111111
0000000000000000000111111111111111111111111111111111111111111111
0000000000000000000111111111111111111111111111111111111111111111
0000000000000000000111111111111111111111111111111111111111111111
0000000000000000000111111111111111111111111111111111111111111111
0000000000000000000111111111111111111111111111111111111111111111
0000000000000000000111111111111111111111111111111111111111111111
