0000000000000000001111111111111111111111111111111111111111111111
0000000000000000001111111111111111111111111111111111111111111111
0000000000000000001111111111111111111111111111111111111111111111
0000000000000000001111111111111111111111111111111111111111111111
0000000000000000001111111111111111111111111111111111111111111111
0000000000000000001111111111111111111111111111111111111111111111
0000000000000000001111111111111111111111111111111111111111111111
0000000000000000001111111111111111100000011111111111111111111111
0000000000000000001111111111111000000000000001111111111111111111
0000000000000000001111111111111000000000000000111111111111111111
1100000000000000001111111111111000000000000000011111111111111111
1110000000000000001111111111111100000000000000011111111111111111
1110000000000000001111111111111111110000000000000000000000001111
1000000000000000001000000000000000000000000000000000000000000011
0000000000000000001111100000000000000000000000000000000000000011
0000000000000000001111111111111111111000000000000000000000000111
0000000000000000001111111111111111111111111000111111111110111111
0000000000000000001111111111111111111111111111111111111111111111
0000000000000000001111111111111111111111111111111111111111111111
0000000000000000001111111111111111111111111111111111111111111111
0000000000000000001111111111111111111111111111111111111111111111
0000000000000000001111111111111111111111111111111111111111111111
0000000000000000001111111111111111111111111111111111111111111111
0000000000000000001111111111111111111111111111111111111111111111
