0000000000000000011111111111111111111111111111111111111111111111
0000000000000000011111111111111111111111111111111111111111111111
0000000000000000011111111111111111111111111111111111111111111111
0000000000000000011111111111111111111111111111111111111111111111
0000000000000000011111111111111111111111111111111111111111111111
0000000000000000011111111111111111111111111111111111111111111111
0000000000000000011111111111111111111100011111111111111111111111
0000000000000000011111111111111000000000000011111111111111111111
0000000000000000011111111111110000000000000001111111111111111111
0000000000000000011111111111111000000000000000111111111111111111
1000000000000000011111111111111110000000000000001111111111111111
1100000000000000011111111111111111111000000000011111111111111111
1100000000000000011111111111111111110000000000000111111111111111
1000000000000000011000000001111111100000000000000000000000001111
0000000000000000011000000000000000000000000000000000000000000011
0000000000000000011111101100000111110000000000000000000000000001
0000000000000000011111111111110111111000000000001100000000000011
0000000000000000011111111111111111111111111100111111111110011111
0000000000000000011111111111111111111111111111111111111111111111
0000000000000000011111111111111111111111111111111111111111111111
0000000000000000011111111111111111111111111111111111111111111111
0000000000000000011111111111111111111111111111111111111111111111
0000000000000000011111111111111111111111111111111111111111111111
0000000000000000011111111111111111111111111111111111111111111111
