1111111111111111111111111111111111111111111111111111111111111111
1111111111111111111111111111111111111111111111111111111111111111
1111111111111111111111111111111111111111111111111111111111111111
1111111111111111111111111111111111111111111111111111111111111111
1111111111111111111111111111111000100000111111111111111111111111
1111111111111111111111111111111000000000011111111111111111111111
1111111111111111111111111111111110000000001111111111111111111111
1111111111111111111111111111111110000000001111111111111111111111
1111111111111111111111111111111111000000001111111111111111111111
1111111111111111111111000111111110000000000000000000111111111111
1111111111111111111111000000000000000000000000000000001111111111
1111111111111111111111111110000111000000000000000000001111111111
1111111111111111111111111111111111111100011111110000111111111111
1111111111111111111111111111111111111111111111111111111111111111
1111111111111111111111111111111111111111111111111111111111111111
1111111111111111111111111111111111111111111111111111111111111111
1111111111111111111111111111111111111111111111111111111111111111
1111111111111111111101111111111111111111111111111111111111111111
1111111111111111111111111111111111111111111111111111111111111111
1111111111111111111111111111111111111111111111111111111111111111
1111111111111111111111111111111111111111111111111111111111111111
1111111111111111111111111111111111111111111111111111111111111111
1111111111111111111111111111111111111111111111111111111111111111
1111111111111111111111111111111111111111111111111111111111111111
