0000000000000001111111111111111111111111111111111111111111111111
0000000000000001111111111111111111111111111111111111111111111111
0000000000000001111111111111111111111111111111111111111111111111
0000000000000001111111111111111111111111111111111111111111111111
0000000000000001111111111111111111111111111111111111111111111111
0000000000000001111111111111111111111111111111111111111111111111
0000000000000001111111111111111111111111111111111111111111111111
0000000000000001111111111111111111110000011111111111111111111111
0000000000000001111111111111111100000000001111111111111111111111
0000000000000001111111111111111100000000000001111111111111111111
0000000000000001111111111111111111110000000001111111111111111111
0000000000000001111111111111111111111000000011111111111111111111
0000000000000001111111111111111111110000000000011111111111111111
0000000000000001111110000000111111100000000000000000000011111111
0000000000000001111110000000000000000000000000000000000000111111
0000000000000001111111111111000011110000000000000000000000111111
0000000000000001111111111111111111111111100011111100000001111111
0000000000000001111111111111111111111111111111111111111111111111
0000000000000001111111111111111111111111111111111111111111111111
0000000000000001111111111111111111111111111111111111111111111111
0000000000000001111111111111111111111111111111111111111111111111
0000000000000001111111111111111111111111111111111111111111111111
0000000000000001111111111111111111111111111111111111111111111111
0000000000000001111111111111111111111111111111111111111111111111
