0000000000000001111111111111111111111111111111111111111111111111
0000000000000001111111111111111111111111111111111111111111111111
0000000000000001111111111111111111111111111111111111111111111111
0000000000000001111111111111111111111111111111111111111111111111
0000000000000001111111111111111111111111111111111111111111111111
0000000000000001111111111111111111111111111111111111111111111111
0000000000000001111111111111111111111111111111111111111111111111
0000000000000001111111111111111111110000111111111111111111111111
0000000000000001111111111111111100000000001111111111111111111111
0000000000000001111111111111111100000000000111111111111111111111
0000000000000001111111111111111111110000000001111111111111111111
0000000000000001111111111111111111111000000011111111111111111111
0000000000000001111111111111111111110000000000111111111111111111
0000000000000001111111000000011111100000000000000000000111111111
0000000000000001111111000000000000000000000000000000000001111111
0000000000000001111111111111100011110000000000000000000000111111
0000000000000001111111111111111111111111100011111110000111111111
0000000000000001111111111111111111111111111111111111111111111111
0000000000000001111111111111111111111111111111111111111111111111
0000000000000001111111111111111111111111111111111111111111111111
0000000000000001111111111111111111111111111111111111111111111111
0000000000000001111111111111111111111111111111111111111111111111
0000000000000001111111111111111111111111111111111111111111111111
0000000000000001111111111111111111111111111111111111111111111111
