0000000000000111111111111111111111111111111111111111111111111111
0000000000000111111111111111111111111111111111111111111111111111
0000000000000111111111111111111111111111111111111111111111111111
0000000000000111111111111111111111111111111111111111111111111111
0000000000000111111111111111111111111111111111111111111111111111
0000000000000111111111111111111111111111111111111111111111111111
0000000000000111111111111111111111111111111111111111111111111111
0000000000000111111111111111111111111111111111111111111111111111
0000000000000111111111111111111100100000011111111111111111111111
0000000000000111111111111111111100000000011111111111111111111111
0000000000000111111111111111111111000000001111111111111111111111
0000000000000111111111111111111111110000000111111111111111111111
0000000000000111111111111111111111110000000111111111111111111111
0000000000000111111111000000001111000000000000000000011111111111
0000000000000111111111000000000000000000000000000000000011111111
0000000000000111111111111111000111100000000000000000000011111111
0000000000000111111111111111111111111111000111111000001111111111
0000000000000111111111111111111111111111111111111111111111111111
0000000000000111111111111111111111111111111111111111111111111111
0000000000000111111111111111111111111111111111111111111111111111
0000000000000111111111111111111111111111111111111111111111111111
0000000000000111111111111111111111111111111111111111111111111111
0000000000000111111111111111111111111111111111111111111111111111
0000000000000111111111111111111111111111111111111111111111111111
