1111111111111111111111111111111111111111111111111111111111111111
1111111111111111111111111111111111111111111111111111111111111111
1111111111111111111111111111111111111111111111111111111111111111
1111111111111111111111111111111111111111111111111111111111111111
1111111111111111111111111111111100010000011111111111111111111111
1111111111111111111111111111111100000000001111111111111111111111
1111111111111111111111111111111111000000001111111111111111111111
1111111111111111111111111111111111000000000011111111111111111111
1111111111111111111111111111111111100000000111111111111111111111
1111111111111111111111100111111111100000000000000000011111111111
1111111111111111111111000000000000000000000000000000000111111111
1111111111111111111111111111000010000000000000000000000011111111
1111111111111111111111111111111111111111001111111000011111111111
1111111111111111111111111111111111111111111111111111111111111111
1111111111111111111111111111111111111111111111111111111111111111
1111111111111111111111111111111111111111111111111111111111111111
1111111111111111111111111111111111111111111111111111111111111111
1111111111111111111111101111111111111111111111111111111111111111
1111111111111111111111111111111111111111111111111111111111111111
1111111111111111111111111111111111111111111111111111111111111111
1111111111111111111111111111111111111111111111111111111111111111
1111111111111111111111111111111111111111111111111111111111111111
1111111111111111111111111111111111111111111111111111111111111111
1111111111111111111111111111111111111111111111111111111111111111
