0000000000011111111111111111111111111111111111111111111111111111
0000000000011111111111111111111111111111111111111111111111111111
0000000000011111111111111111111111111111111111111111111111111111
0000000000011111111111111111111111111111111111111111111111111111
0000000000011111111111111111111111111111111111111111111111111111
0000000000011111111111111111111111111111111111111111111111111111
0000000000011111111111111111111111111111111111111111111111111111
0000000000011111111111111111111111111111111111111111111111111111
0000000000011111111111111111111111110001111111111111111111111111
0000000000011111111111111111111000000000011111111111111111111111
0000000000011111111111111111111100000000011111111111111111111111
0000000000011111111111111111111111100000001111111111111111111111
0000000000011111111111111111111111110000000111111111111111111111
0000000000011111111111000011111111100000000000110001111111111111
0000000000011111111111000000000000000000000000000000001111111111
0000000000011111111111111110000100000000000000000000000111111111
0000000000011111111111111111111111111110000110000000000111111111
0000000000011111111111111111111111111111111111111111111111111111
0000000000011111111111111111111111111111111111111111111111111111
0000000000011111111111111111111111111111111111111111111111111111
0000000000011111111111111111111111111111111111111111111111111111
0000000000011111111111111111111111111111111111111111111111111111
0000000000011111111111111111111111111111111111111111111111111111
0000000000011111111111111111111111111111111111111111111111111111
