0000000000001111111111111111111111111111111111111111111111111111
0000000000001111111111111111111111111111111111111111111111111111
0000000000001111111111111111111111111111111111111111111111111111
0000000000001111111111111111111111111111111111111111111111111111
0000000000001111111111111111111111111111111111111111111111111111
0000000000001111111111111111111111111111111111111111111111111111
0000000000001111111111111111111111111111111111111111111111111111
0000000000001111111111111111111111111111111111111111111111111111
0000000000001111111111111111111111111111111111111111111111111111
0000000000001111111111111111111110000000011111111111111111111111
0000000000001111111111111111111110000000001111111111111111111111
0000000000001111111111111111111111110000000111111111111111111111
0000000000001111111111111111111111111000000011111111111111111111
0000000000001111111111100111111111110000000001111111111111111111
0000000000001111111111100000000000000000000000000000001111111111
0000000000001111111111111100000000000000000000000000000011111111
0000000000001111111111111111110111110000000000000000000011111111
0000000000001111111111111111111111111111000111111100001111111111
0000000000001111111111111111111111111111111111111111111111111111
0000000000001111111111111111111111111111111111111111111111111111
0000000000001111111111111111111111111111111111111111111111111111
0000000000001111111111111111111111111111111111111111111111111111
0000000000001111111111111111111111111111111111111111111111111111
0000000000001111111111111111111111111111111111111111111111111111
