1111111111111111111111111111111111111111111111111111111111111111
1111111111111111111111111111111111111111111111111111111111111111
1111111111111111111111111111111111111111111111111111111111111111
1111111111111111111111111111111111111111111111111111111111111111
1111111111111111111111111111111110010000001111111111111111111111
1111111111111111111111111111111110000000000111111111111111111111
1111111111111111111111111111111111100000000111111111111111111111
1111111111111111111111111111111111100000000011111111111111111111
1111111111111111111111111111111111110000000011111111111111111111
1111111111111111111111110111111111110000000000000000000111111111
1111111111111111111111100000000000000000000000000000000001111111
1111111111111111111111111101000000000000000000000000000001111111
1111111111111111111111111111111111111111100111111000000011111111
1111111111111111111111111111111111111111111111111111111111111111
1111111111111111111111111111111111111111111111111111111111111111
1111111111111111111111111111111111111111111111111111111111111111
1111111111111111111111111111111111111111111111111111111111111111
1111111111111111111111111110111111111111111111111111111111111111
1111111111111111111111111111111111111111111111111111111111111111
1111111111111111111111111111111111111111111111111111111111111111
1111111111111111111111111111111111111111111111111111111111111111
1111111111111111111111111111111111111111111111111111111111111111
1111111111111111111111111111111111111111111111111111111111111111
1111111111111111111111111111111111111111111111111111111111111111
