0000000000000011111111111111111111111111111111111111111111111111
0000000000000011111111111111111111111111111111111111111111111111
0000000000000011111111111111111111111111111111111111111111111111
0000000000000011111111111111111111111111111111111111111111111111
0000000000000011111111111111111111111111111111111111111111111111
0000000000000011111111111111111111111111111111111111111111111111
0000000000000011111111111111111111111111111111111111111111111111
0000000000000011111111111111111111111111111111111111111111111111
0000000000000011111111111111111111111111111111111111111111111111
0000000000000011111111111111111111110001000011111111111111111111
0000000000000011111111111111111111110000000000111111111111111111
0000000000000011111111111111111111111100000000111111111111111111
0000000000000011111111111111111111111110000000111111111111111111
0000000000000011111111111111111111111110000000011111111111111111
0000000000000011111111111000000000111100000000000011111111111111
0000000000000011111111111110000000000000000000000000000001111111
0000000000000011111111111111111110111100000000000000000000011111
0000000000000011111111111111111111111111110000100000000000011111
0000000000000011111111111111111111111111111101111111100001111111
0000000000000011111111111111111111111111111111111111111111111111
0000000000000011111111111111111111111111111111111111111111111111
0000000000000011111111111111111111111111111111111111111111111111
0000000000000011111111111111111111111111111111111111111111111111
0000000000000011111111111111111111111111111111111111111111111111
