0000000000000011111111111111111111111111111111111111111111111111
0000000000000011111111111111111111111111111111111111111111111111
0000000000000011111111111111111111111111111111111111111111111111
0000000000000011111111111111111111111111111111111111111111111111
0000000000000011111111111111111111111111111111111111111111111111
0000000000000011111111111111111111111111111111111111111111111111
0000000000000011111111111111111111111111111111111111111111111111
0000000000000011111111111111111111111111111111111111111111111111
0000000000000011111111111111111111111111111111111111111111111111
0000000000000011111111111111111111111100010001111111111111111111
0000000000000011111111111111111111111100000000011111111111111111
0000000000000011111111111111111111111111000000011111111111111111
0000000000000011111111111111111111111111000000001111111111111111
0000000000000011111111111101111111111111000000001111111111111111
0000000000000011111111111100000000011110000000000001111111111111
0000000000000011111111111111000000000000000000000000000001111111
0000000000000011111111111111111110011100000000000000000000011111
0000000000000011111111111111111111111111110000000000000000001111
0000000000000011111111111111111111111111111000111111000000001111
0000000000000011111111111111111111111111111111111111111111111111
0000000000000011111111111111111111111111111111111111111111111111
0000000000000011111111111111111111111111111111111111111111111111
0000000000000011111111111111111111111111111111111111111111111111
0000000000000011111111111111111111111111111111111111111111111111
