0000000000000000111111111111111111111111111111111111111111111111
0000000000000000111111111111111111111111111111111111111111111111
0000000000000000111111111111111111111111111111111111111111111111
0000000000000000111111111111111111111111111111111111111111111111
0000000000000000111111111111111111111111111111111111111111111111
0000000000000000111111111111111111111111111111111111111111111111
0000000000000000111111111111111111111111111111111111111111111111
0000000000000000111111111111111111111111111111111111111111111111
0000000000000000111111111111111111111111100111111111111111111111
0000000000000000111111111111111111111111100000001111111111111111
0000000000000000111111111111111111111111110000000011111111111111
1000000000000000111111111111111111111111110000000011111111111111
1000000000000000111111111110011111111111110000000111111111111111
0000000000000000111111111110000000011111110000000111111111111111
0000000000000000111111111111110000000000000000000001111111111111
0000000000000000111111111111111110001000000000000000000000111111
0000000000000000111111111111111111101111100000000000000000001111
0000000000000000111111111111111111111111111110000000000000000011
0000000000000000111111111111111111111111111111001111100000000011
0000000000000000111111111111111111111111111111111111111110011111
0000000000000000111111111111111111111111111111111111111111111111
0000000000000000111111111111111111111111111111111111111111111111
0000000000000000111111111111111111111111111111111111111111111111
0000000000000000111111111111111111111111111111111111111111111111
