0000000000000000011111111111111111111111111111111111111111111111
0000000000000000011111111111111111111111111111111111111111111111
0000000000000000011111111111111111111111111111111111111111111111
0000000000000000011111111111111111111111111111111111111111111111
0000000000000000011111111111111111111111111111111111111111111111
0000000000000000011111111111111111111111111111111111111111111111
0000000000000000011111111111111111111111111111111111111111111111
0000000000000000011111111111111111111111110011111111111111111111
0000000000000000011111111111111111111111110000001111111111111111
0000000000000000011111111111111111111111110000000011111111111111
1000000000000000011111111111111111111111111000000001111111111111
1100000000000000011111111111111111111111111000000111111111111111
1100000000000000011111111111000000111111111000000111111111111111
1000000000000000011111111111110000000000000000000011111111111111
0000000000000000011111111111111110000000000000000000011111111111
0000000000000000011111111111111111001111100000000000000000001111
0000000000000000011111111111111111111111111000000000000000000111
0000000000000000011111111111111111111111111110000110000000000001
0000000000000000011111111111111111111111111111111111111100000011
0000000000000000011111111111111111111111111111111111111111111111
0000000000000000011111111111111111111111111111111111111111111111
0000000000000000011111111111111111111111111111111111111111111111
0000000000000000011111111111111111111111111111111111111111111111
0000000000000000011111111111111111111111111111111111111111111111
