1111111111111111111111111111111111111111111111111111111111111111
1111111111111111111111111111111111111111111111111111111111111111
1111111111111111111111111111111111111111111111111111111111111111
1111111111111111111111111111111111111111111111111111111111111111
1111111111111111111111111111111111001000000111111111111111111111
1111111111111111111111111111111110000000000011111111111111111111
1111111111111111111111111111111111100000000001111111111111111111
1111111111111111111111111111111111110000000000111111111111111111
1111111111111111111111111111111111111000000000111111111111111111
1111111111111111111111111111111111111000000000000000000011111111
1111111111111111111111110000000000000000000000000000000000011111
1111111111111111111111111110000000000000000000000000000000011111
1111111111111111111111111111111111111111110001111000000000111111
1111111111111111111111111111111111111111111111111111111111111111
1111111111111111111111111111111111111111111111111111111111111111
1111111111111111111111111111111111111111111111111111111111111111
1111111111111111111111111111111111111111111111111111111111111111
1111111111111111111111111111111111111111111111111111111111111111
1111111111111111111111111111111111111111111111111111111111111111
1111111111111111111111111111111111111111111111111111111111111111
1111111111111111111111111111111111111111111111111111111111111111
1111111111111111111111111111111111111111111111111111111111111111
1111111111111111111111111111111111111111111111111111111111111111
1111111111111111111111111111111111111111111111111111111111111111
