0000000000000000001111111111111111111111111111111111111111111111
0000000000000000001111111111111111111111111111111111111111111111
0000000000000000001111111111111111111111111111111111111111111111
0000000000000000001111111111111111111111111111111111111111111111
0000000000000000001111111111111111111111111111111111111111111111
0000000000000000001111111111111111111111111111111111111111111111
0000000000000000001111111111111111111111111001111111111111111111
0000000000000000001111111111111111111111110000000111111111111111
0000000000000000001111111111111111111111111000000001111111111111
0000000000000000001111111111111111111111111100000001111111111111
1100000000000000001111111111111111111111111100000001111111111111
1110000000000000001111111111100000011111111100000011111111111111
1110000000000000001111111111110000000000110000000001111111111111
1100000000000000001111111111111111000000000000000000111111111111
0000000000000000001111111111111111101111100000000000000000001111
0000000000000000001111111111111111111111111000000000000000000011
0000000000000000001111111111111111111111111111000001000000000001
0000000000000000001111111111111111111111111111111111111000000001
0000000000000000001111111111111111111111111111111111111111001111
0000000000000000001111111111111111111111111111111111111111111111
0000000000000000001111111111111111111111111111111111111111111111
0000000000000000001111111111111111111111111111111111111111111111
0000000000000000001111111111111111111111111111111111111111111111
0000000000000000001111111111111111111111111111111111111111111111
