0000000000000000000000111111111111111111111111111111111111111111
0000000000000000000000111111111111111111111111111111111111111111
0000000000000000000000111111111111111111111110001111111111111111
0000000000000000000000111111111111111111111110000000111111111111
0000000000000000000000111111111111111111111111000000011111111111
0000000000000000000000111111111111111111111111100000001111111111
0000000000000000000000111111111011111111111111000000011111111111
0000000000000000000000111111111000000111111110000000011111111111
0000000000000000000000111111111100000000000000000000011111111111
0110000000000000000000111111111111110000000000000000000111111111
1111110000000000000000111111111111111101111000000000000000000001
1111111000000000000000111111111111111111111110000000000000000000
1111110000000000000000111111111111111111111111110000010000000000
1111100000000000000000111111111111111111111111111111111110000000
0000000000000000000000111111111111111111111111111111111111110000
0000000000000000000000111111111111111111111111111111111111111111
0000000000000000000000111111111111111111111111111111111111111111
0000000000000000000000111111111111111111111111111111111111111111
0000000000000000000000111111111111111111111111111111111111111111
0000000000000000000000111111111111111111111111111111111111111111
0000000000000000000000111111111111111111111111111111111111111111
0000000000000000000000111111111111111111111111111111111111111111
0000000000000000000000111111111111111111111111111111111111111111
0000000000000000000000111111111111111111111111111111111111111111
