0000000000000000000000000000000011111111111111111111110000000111
0000000000000000000000000000000111111111111111111111110000000111
0000000000000000000000000000000111111100000011111111100000000111
0000000000000000000000000000000111111110000000000000000000000011
0000000000000000000000000000000111111111110000000000000000000000
0000000000000000000000000000000111111111111111001110000000000000
0000000000000000000000000000000111111111111111111111100000000000
0000000000000000000000000000000111111111111111111111111100000000
0000000000000000000000000000000111111111111111111111111111111111
0000000001110000000000000000000111111111111111111111111111111111
0000001111111110000000000000000111111111111111111111111111111111
0000011111111110000000000000000111111111111111111111111111111111
0000011111111110000000000000000111111111111111111111111111111111
0000001111111100000000000000000111111111111111111111111111111111
0000000000000000000000000000000111111111111111111111111111111111
0000000000000000000000000000000111111111111111111111111111111111
0000000000000000000000000000000111111111111111111111111111111111
0000000000000000000000000000000111111111111111111111111111111111
0000000000000000000000000000000111111111111111111111111111111111
0000000000000000000000000000000111111111111111111111111111111111
0000000000000000000000000000000111111111111111111111111111111111
0000000000000000000000000000000111111111111111111111111111111111
0000000000000000000000000000000111111111111111111111111111111111
0000000000000000000000000000000111111111111111111111111111111111
