0000000000000000000000000000000000011111100000111111111100000000
0000000000000000000000000000000000011111110000000000011000000000
0000000000000000000000000000000000011111111100000000000000000000
0000000000000000000000000000000000011111111111111001000000000000
0000000000000000000000000000000000011111111111111111111000000000
0000000000000000000000000000000000011111111111111111111111100000
0000000000000000000000000000000000011111111111111111111111110111
0000000000000000000000000000000000011111111111111111111111111111
0000000000000000000000000000000000011111111111111111111111111111
0000000000011111000000000000000000011111111111111111111111111111
0000000011111111110000000000000000011111111111111111111111111111
0000000011111111111000000000000000011111111111111111111111111111
0000000011111111111000000000000000011111111111111111111111111111
0000000000111111110000000000000000011111111111111111111111111111
0000000000000000000000000000000000011111111111111111111111111111
0000000000000000000000000000000000011111111111111111111111111111
0000000000000000000000000000000000011111111111111111111111111111
0000000000000000000000000000000000011111111111111111111111111111
0000000000000000000000000000000000011111111111111111111111111111
0000000000000000000000000000000000011111111111111111111111111111
0000000000000000000000000000000000011111111111111111111111111111
0000000000000000000000000000000000011111111111111111111111111111
0000000000000000000000000000000000011111111111111111111111111111
0000000000000000000000000000000000011111111111111111111111111111
