0000000000000000000000000000000000000000000000000000000000000000
0000000000000000000000000000000000000000000000000000000000000000
0000000000000000000000000000000000000000000000000000000000000000
0000000000000000000000000000000000000000000000000000000000000000
0000000000000000000000000000000000000000000000000000000000000000
0000000000000000000000000000000000000000000000000000000000000000
0000000000000000000000000000000000000000000000000000000000000000
0000000000000000000000000000011111100000000000000000000000000000
0000000000000000000000000001111111111100000000000000000000000000
0000000000000000000000000001111111111110000000000000000000000000
0000000000000000000000000011111111111110000000000000000000000000
0000000000000000000000000001111111111100000000000000000000000000
0000000000000000000000000000111111111000001100000000000000000000
0000000000000000000000000000111000000000110000000000000000000000
0000000000000000000000000011111000000111100000000000000000000000
1111111111111111111111111111111111111100000000000000000000000000
1111111111111111111111111111111111110000000000000000000000000000
1111111111111111111111111111100000000000000000000000000000000000
1111111111111111111111111110000000000000000000000000000000000000
1111111111111111111111111110000000000000000000000000000000000000
1111111111111111111111111111000000000000000000000000000000000000
1111111111111111111111111111000000000000000000000000000000000000
1111111111111111111111111111100000000000000000000000000000000000
1111111111111111111111111111100000000000000000000000000000000000
