1111111111111100000000000000000000000000000000000000000000000000
1111111111111100000000000000000000000000000000000000000000000000
1111111111110000000000000000000000000000000000000000000000000000
1111111111000000000000000000000000000000000000000000000000000000
1111111110000000000000000000000000000000000000000000000000000000
1111111110000000000000000000000000000000000000000000000000000000
1111000111000000000000000000000000000000000000000000000000000000
1111000011000000000000000000000000000000000000000000000000000000
1111100010000000000000000000000000000000000000000000000000000000
1111111000000000000000000000000000000000000000000000000000000000
1111111100000000000000000000000000000000000000000000000000000000
1111111110000000000000000000000000000000000000000000000000000000
1111111111000000000000000000000000000000000000000000000000000000
1111111111100000000000000000000000000000000000000000000000000000
1111111111110000000000000000000000000111111000000000000000000000
1111111111111100000000000000000000001111111110000000000000000000
1111111111111111111111111111111110011111111110000000000000000000
1111111111111111111111111111111111111111111100000000000000000000
1111111111111111111111111111111111001111110000000000000000000000
1111111111111111111111111111111111000000000000000000000000000000
1111111111111111111111111111111111000000000000000000000000000000
1111111111111111111111111111111111000000000000000000000000000000
1111111111111111111111111111111111000000000000000000000000000000
1111111111111111111111111111111111000000000000000000000000000000
