1111111111111111100000000000000000000000000000000000000000000000
1111111111111111100000000000000000000000000000000000000000000000
1111111111111111100000000000000000000000000000000000000000000000
1111111111111110000000000000000000000000000000000000000000000000
1111111111111000000000000000000000000000000000000000000000000000
1111111111111000000000000000000000000000000000000000000000000000
1111111111110000000000000000000000000000000000000000000000000000
1111111100111000000000000000000000000000000000000000000000000000
1111111100011000000000000000000000000000000000000000000000000000
1111111111000000000000000000000000000000000000000000000000000000
1111111111100000000000000000000000000000000000000000000000000000
1111111111110000000000000000000000000000000000000000000000000000
1111111111111000000000000000000000000000000000000000000000000000
1111111111111100000000000000000000000000000000000000000000000000
1111111111111110000000000000000000000001111100000000000000000000
1111111111111111100000000000000000000111111111000000000000000000
1111111111111111111111111111111111100111111111000000000000000000
1111111111111111111111111111111111111111111110000000000000000000
1111111111111111111111111111111111110001100000000000000000000000
1111111111111111111111111111111111110000000000000000000000000000
1111111111111111111111111111111111110000000000000000000000000000
1111111111111111111111111111111111110000000000000000000000000000
1111111111111111111111111111111111110000000000000000000000000000
1111111111111111111111111111111111110000000000000000000000000000
