0000000111111111111000000000000000000000000000000000000000000000
0000001111111111111110000000000000000000000000000000000000000000
0000011111111111111111100000000000000000000000000000000000000000
0000111111111111111111110000000000000000000000000000000000000000
0000111111111111111111110000000000000000000000000000000000000000
0000111111111111111111110000000000000000000000000000000000000000
0001111111111111111110000000000000000000000000000000000000000000
0001111111111111111110000000000000000000000000000000000000000000
0001111111111111111100000000000000000000000000000000000000000000
0000111111111111111100000000000000000000000000000000000000000000
0000001111111111110100000000000000000000000000000000000000000000
0000000111111111111100000000000000000000000000000000000000000000
0000000011111111111100000000000000000000000000000000000000000000
0000000011111111111111000000000000000000001111100000000000000000
0000000011111111111111100000000000000000011111110000000000000000
0000000011111111111111111110000000111110011111100000000000000000
0000000011111111111111111111111111111111111110000000000000000000
0000000011111111111111111111111111111111100000000000000000000000
0000000011111111111111111111111111111111100000000000000000000000
0000000011111111111111111111111111111111100000000000000000000000
0000000011111111111111111111111111111111100000000000000000000000
0000000111111111111111111111111111111111000000000000000000000000
0000000111111111111111111111111111111111000000000000000000000000
0000000111111111111111111111111111111111000000000000000000000000
