1111111111111111111111111111111111111111111111111111111111111111
1111111111111111111111111111111111111111111111111111111111111111
1111111111111111111111111111111111111111111111111111111111111111
1111111111111111111111111111111111111111110000111111111111111111
1111111111111111111111111111111111111011000000011111111111111111
1111111111111111111111111111111111110000000000000011111111111111
1111111111111111111111111111111111111000000000000001111111111111
1111111111111111111111111111111111111111000000000111111111111111
1111111111111111111111111111111111111111100000000011111111111111
1111111111111111111111111111111111111111100000000000001000000011
1111111111111111111111111110000000000000000000000000000000000000
1111111111111111111111111110000000000000000000000000000000000000
1111111111111111111111111111111111111111000000001100000000000000
1111111111111111111111111111111111111111111111001111111111000011
1111111111111111111111111111111111111111111111111111111111111111
1111111111111111111111111111111111111111111111111111111111111111
1111111111111111111111111111111111111111111111111111111111111111
1111111111111111111111111111111111111111111111111111111111111111
1111111111111111111111111111111111111111111111111111111111111111
1111111111111111111111111111111111111111111111111111111111111111
1111111111111111111111111111111111111111111111111111111111111111
1111111111111111111111111111111111111111111111111111111111111111
1111111111111111111111111111111111111111111111111111111111111111
1111111111111111111111111111111111111111111111111111111111111111
