0000000000000000000000000000000000000000000000000000000000000000
0000000000000000000000000000000000000000000000000000000000000000
0000000000000000000000000000000000000000000000000000000000000000
0000000000000000000000000000000000000000000000000000000000000000
0000000000000000000000111111100000000000000000000000000000000000
0000000000000000000011111111110000000000000000000000000000000000
0000000000000000000111111111111100000000000000000000000000000000
0000000000000000000111111111111100000000000000000000000000000000
0000000000000000001111111111111100000000000000000000000000000000
0000000000000000001111111111110000000000000000000000000000000000
0000000000000000001111111111100000000000000000000000000000000000
0000000000000000001111111001000000000000000000000000000000000000
0000000000000000000001111111000000000000000000000000000000000000
0000000000000000000001111111000000000000000111100000000000000000
0000000000000000000001111111111000000000000111100000000000000000
0000000000000000000001111111111100000001111100000000000000000000
0000000000000000000001111111111111111111111100000000000000000000
0000000000000000000001111111110111111111111100000000000000000000
0000000000000000000001111111110011111111111110000000000000000000
0000000000000000000011111111110011111111111110000000000000000000
0000000000000000000011111111110001111111111110000000000000000000
0000000000000000000011111111110001111111111110000000000000000000
0000000000000000000011111111100000111111111110000000000000000000
0000000000000000000111111111100000011111000000000000000000000000
