0000000000000000000000000000000000000000000000000000000000000000
0000000000000000000000000000000000000000000000000000000000000000
0000000000000000000000000000000000000000000000000000000000000000
0000000000000000000000000000000000000000000000000000000000000000
0000000000000000000000010001100000000000000000000000000000000000
0000000000000000000001111111111000000000000000000000000000000000
0000000000000000000011111111111100000000000000000000000000000000
0000000000000000000011111111111110000000000000000000000000000000
0000000000000000000111111111111110000000000000000000000000000000
0000000000000000000111111111110000000000000000000000000000000000
0000000000000000000111111111100000000000000000000000000000000000
0000000000000000000111111101100000000000000000000000000000000000
0000000000000000000001111111100000000000000000000000000000000000
0000000000000000000000111111100000000000001111000000000000000000
0000000000000000000000111111111000000000001111000000000000000000
0000000000000000000000111111111100000001111000000000000000000000
0000000000000000000000111111111111111111111000000000000000000000
0000000000000000000000111111111111111111111100000000000000000000
0000000000000000000000111111110011111111111100000000000000000000
0000000000000000000001111111111011111111111110000000000000000000
0000000000000000000001111111111001111111111110000000000000000000
0000000000000000000001111111110001111111111110000000000000000000
0000000000000000000011111111110000111111111110000000000000000000
0000000000000000000011111111110000011111100000000000000000000000
