0000000000000000000000000000000000000000000000000000000000000000
0000000000000000000000000000000000000000000000000000000000000000
0000000000000000000000000000000000000000000000000000000000000000
0000000000000000000000000000000000000000000000000000000000000000
0000000000000000000000000000100000000000000000000000000000000000
0000000000000000000000111111111000000000000000000000000000000000
0000000000000000000001111111111100000000000000000000000000000000
0000000000000000000011111111111110000000000000000000000000000000
0000000000000000000011111111111110000000000000000000000000000000
0000000000000000000111111111111000000000000000000000000000000000
0000000000000000000111111111110000000000000000000000000000000000
0000000000000000000111111100100000000000000000000000000000000000
0000000000000000000000111111100000000000000000000000000000000000
0000000000000000000000111111100000000000001110000000000000000000
0000000000000000000000111111111000000000011111000000000000000000
0000000000000000000000111111111100000001111000000000000000000000
0000000000000000000000111111111111011111110000000000000000000000
0000000000000000000000111111111111111111111000000000000000000000
0000000000000000000000111111111111111111111100000000000000000000
0000000000000000000000111111111011111111111100000000000000000000
0000000000000000000001111111111001111111111110000000000000000000
0000000000000000000001111111111001111111111110000000000000000000
0000000000000000000001111111110000111111111110000000000000000000
0000000000000000000011111111110000011111100000000000000000000000
