0000000000000000000000000000000000000000000000000000000000000000
0000000000000000000000000000000000000000000000000000000000000000
0000000000000000000000000000000000000000000000000000000000000000
0000000000000000000000000000000000000000000000000000000000000000
0000000000000000000000000000000000000000000000000000000000000000
0000000000000000000000111111111000000000000000000000000000000000
0000000000000000000001111111111100000000000000000000000000000000
0000000000000000000011111111111110000000000000000000000000000000
0000000000000000000011111111111110000000000000000000000000000000
0000000000000000000011111111111000000000000000000000000000000000
0000000000000000000011111111110000000000000000000000000000000000
0000000000000000000011111100110000000000000000000000000000000000
0000000000000000000000111111100000000000000000000000000000000000
0000000000000000000000111111100000000000011110000000000000000000
0000000000000000000000011111111000000000011110000000000000000000
0000000000000000000000011111111100000001110000000000000000000000
0000000000000000000000011111111110011111110000000000000000000000
0000000000000000000000011111111111111111111000000000000000000000
0000000000000000000000111111111111111111111100000000000000000000
0000000000000000000000111111111111111111111100000000000000000000
0000000000000000000000111111111011111111111110000000000000000000
0000000000000000000001111111111001111111111110000000000000000000
0000000000000000000001111111110000111111111110000000000000000000
0000000000000000000011111111111000011111100000000000000000000000
