0000000000000000000000000000000000000000000000000000000000000000
0000000000000000000000000000000000000000000000000000000000000000
0000000000000000000000000000000000000000000000000000000000000000
0000000000000000000000000000000000000000000000000000000000000000
0000000000000000000000000000000000000000000000000000000000000000
0000000000000000000000011111111100000000000000000000000000000000
0000000000000000000000111111111100000000000000000000000000000000
0000000000000000000001111111111110000000000000000000000000000000
0000000000000000000011111111111111000000000000000000000000000000
0000000000000000000011111111111000000000000000000000000000000000
0000000000000000000011111111110000000000000000000000000000000000
0000000000000000000000111110110000000000000000000000000000000000
0000000000000000000000011111100000000000000000000000000000000000
0000000000000000000000011111110000000000011100000000000000000000
0000000000000000000000011111111000000000111110000000000000000000
0000000000000000000000011111111100000001110000000000000000000000
0000000000000000000000011111111110011111100000000000000000000000
0000000000000000000000011111111111111111110000000000000000000000
0000000000000000000000011111111111111111111000000000000000000000
0000000000000000000000111111111111111111111100000000000000000000
0000000000000000000000111111111111111111111100000000000000000000
0000000000000000000000111111111001111111111110000000000000000000
0000000000000000000001111111111000111111111110000000000000000000
0000000000000000000001111111111000011111100000000000000000000000
