0000000000000000000000000000000000000000000000000000000000000000
0000000000000000000000000000000000000000000000000000000000000000
0000000000000000000000000000000000000000000000000000000000000000
0000000000000000000000000000000000000000000000000000000000000000
0000000000000000000000000000000000000000000000000000000000000000
0000000000000000000000011111111110000000000000000000000000000000
0000000000000000000000111111111110000000000000000000000000000000
0000000000000000000001111111111111000000000000000000000000000000
0000000000000000000011111111111111000000000000000000000000000000
0000000000000000000011111111111000000000000000000000000000000000
0000000000000000000011111111111000000000000000000000000000000000
0000000000000000000001111110010000000000000000000000000000000000
0000000000000000000000011111110000000000000000000000000000000000
0000000000000000000000011111110000000000111000000000000000000000
0000000000000000000000001111111000000000111100000000000000000000
0000000000000000000000001111111100000001100000000000000000000000
0000000000000000000000001111111110011111100000000000000000000000
0000000000000000000000011111111111111111110000000000000000000000
0000000000000000000000011111111111111111111000000000000000000000
0000000000000000000000011111111111111111111100000000000000000000
0000000000000000000000011111111111111111111100000000000000000000
0000000000000000000000111111111001111111111110000000000000000000
0000000000000000000000111111111000111111111100000000000000000000
0000000000000000000001111111111000011111100000000000000000000000
