0000000000000000000000000000000000000000000000000000000000000000
0000000000000000000000000000000000000000000000000000000000000000
0000000000000000000000000000000000000000000000000000000000000000
0000000000000000000000000000000000000000000000000000000000000000
0000000000000000000000001111111001111100000000000000000000000000
0000000000000000000000011111111111111100000000000000000000000000
0000000000000000000000111111111111110000000000000000000000000000
0000000000000000000000111111111111111000000000000000000000000000
0000000000000000000000111111111111110000000000000000000000000000
0000000000000000000000111111111111100000000000000000000000000000
0000000000000000000000111111111100100000000000000000000000000000
0000000000000000000000001111111100100000000000000000000000000000
0000000000000000000000000111111100000000000000000000000000000000
0000000000000000000000000011111111000011100000000000000000000000
0000000000000000000000000011111111100111110000000000000000000000
0000000000000000000000000011111111110111100000000000000000000000
0000000000000000000000000011111111111100000000000000000000000000
0000000000000000000000000111111111111110000000000000000000000000
0000000000000000000000000111111111111111000000000000000000000000
0000000000000000000000000111111111111111100000000000000000000000
0000000000000000000000001111111111111111100000000000000000000000
0000000000000000000000001111111111111111110000000000000000000000
0000000000000000000000001111111111111111110000000000000000000000
0000000000000000000000001111111111111111110000000000000000000000
