0000000000000000000000000000000000000000000000000000000000000000
0000000000000000000000000000000000000000000000000000000000000000
0000000000000000000000000000000000000000000000000000000000000000
0000000000000000000000001111000000000000000000000000000000000000
0000000000000000000000011111111111111110000000000000000000000000
0000000000000000000000111111111111111100000000000000000000000000
0000000000000000000000111111111111111000000000000000000000000000
0000000000000000000001111111111111111000000000000000000000000000
0000000000000000000000111111111111111000000000000000000000000000
0000000000000000000000111111111111100000000000000000000000000000
0000000000000000000000111111111110010000000000000000000000000000
0000000000000000000000001111111100010000000000000000000000000000
0000000000000000000000000111111110000000000000000000000000000000
0000000000000000000000000111111111100011100000000000000000000000
0000000000000000000000000111111111110011110000000000000000000000
0000000000000000000000000111111111111011110000000000000000000000
0000000000000000000000000011111111111110000000000000000000000000
0000000000000000000000000111111111111110000000000000000000000000
0000000000000000000000000111111111111111000000000000000000000000
0000000000000000000000000111111111111111100000000000000000000000
0000000000000000000000001111111111111111100000000000000000000000
0000000000000000000000001111111111111111100000000000000000000000
0000000000000000000000001111111111111111110000000000000000000000
0000000000000000000000001111111111111111110000000000000000000000
