1111111111111111111111111111111111111111111111111111111111111111
1111111111111111111111111111111111111111111111111111111111111111
1111111111111111111111111111111111111111111111111111111111111111
1111111111111111111111111111111111111111111111111111111111111111
1111111111111111111111111111111111111111111000000111111111111111
1111111111111111111111111111111111111110000000000111111111111111
1111111111111111111111111111111111111110000000000001111111111111
1111111111111111111111111111111111111111110000000000111111111111
1111111111111111111111111111111111111111110000000000011111111111
1111111111111111111111111111111111111111111000000000011111111111
1111111111111111111111111111111111111111111100000000000000000000
1111111111111111111111111111111100000111110000000000000000000000
1111111111111111111111111111111100000000000000000000000000000000
1111111111111111111111111111111111111000110000000000000000000000
1111111111111111111111111111111111111111111111100001111110000000
1111111111111111111111111111111111111111111111111111111111111111
1111111111111111111111111111111111111111111111111111111111111111
1111111111111111111111111111111111111111111111111111111111111111
1111111111111111111111111111111111111111111111111111111111111111
1111111111111111111111111111111111111111111111111111111111111111
1111111111111111111111111111111111111111111111111111111111111111
1111111111111111111111111111111111111111111111111111111111111111
1111111111111111111111111111111111111111111111111111111111111111
1111111111111111111111111111111111111111111111111111111111111111
