0000000000000111111111111111111111111111111111111111111100000000
0000000000000011111111111111111111111111111111111111000000000000
0000000000000000111111111111111111111111111111111111000000000000
0000000000000000111111111111111111111111111111111111000000000000
0000000000000000111111111111111111111111111111111111000000000000
0000000000000000111111111111111111111111111111111101000000000000
0000000000000001111001111111111111111111111111111101000000000000
0000000000000001111001111111111111111111111111111101000000000000
0000000000000001111111111111111111111111111111111100000000000000
0000000000000001111111111111111111111111111111111100000000000000
0000000000000000111111111111111111111111111111111100000000000000
0000000000000000111111111111111111111111111111111100000000000000
0000000000000000111111111111111111111111111111111111100000000000
0000000000000001111111111111111111111111111111111111111000000000
0000000000000011111111111111111111111111111111111111111110000000
0000000000001111111111111111111111111111111111111111111110000000
0000000000011111111111111111111111111111111111111111111110000000
0000000000111111111111111111111111111111111111111111111111000000
0000000001111111111111111111111111111111111111111111111111000000
0000000111111111111111111111111111111111111111111111111111100000
0000001111111111111111111111111111111111111111111111111111100000
0000011111111111111111111111111111111111111111111111111111111111
0000011111111111111111111111111111111111111111111111111111111111
0000111111111111111111111111111111111111111111111111111111111111
