1111111111111111111111111111111111111111111111111111111111111111
1111111111111111111111111111111111111111111111111111111111111111
1111111111111111111111111111111111111111111111111111111111111111
1111111111111111111111111111111111111111111111111111111111111111
1111111111111111111111111111111111111111111111111111111111111111
1111111111111111111111111111111111111111110000111111111111111111
1111111111111111111111111111111111111110000000111111111111111111
1111111111111111111111111111111111111100000000000111111111111111
1111111111111111111111111111111111111111100000000111111111111111
1111111111111111111111111111111111111111100000000011111111111111
1111111111111111111111111111111111111111100000000011000011111111
1111111111111111111111111111111111111111110000000000000000111111
1111111111111111111111111111111111100000000000000000000000011111
1111111111111111111111111111111111110000000000000000000000001111
1111111111111111111111111111111111111111100000000000000000011111
1111111111111111111111111111111111111111111101000110000001111111
1111111110000111111111111111111111111111111111111111111111111111
1111111110000011111111111111111111111111111111111111111111111111
0000000000000011111111111111111111111111111111111111111111111111
0000000000000011111111111111111111111111111111111111111111111111
0000000000000011111111111111111111111111111111111111111111111111
0000000000000011111111111111111111111111111111111111111111111111
0000000000000011111111111111111111111111111111111111111111111111
0000000000000111111111111111111111111111111111111111111111111111
