1111111111111111111111111111111111111111111111111111111111111111
1111111111111111111111111111111111111111111111111111111111111111
1111111111111111111111111111111111111111111111111111111111111111
1111111111111111111111111111111111111111111111111111111111111111
1111111111111111111111111111111111111111111111111111111111111111
1111111111111111111111111111111111111111110011111111111111111111
1111111111111111111111111111111111111111000001111111111111111111
1111111111111111111111111111111111111100000000001111111111111111
1111111111111111111111111111111111111101000000001111111111111111
1111111111111111111111111111111111111111000000101111111111111111
1111111111111111111111111111111111111111000000001111111111111111
1111111111111111111111111111111111111111100000000000001111111111
1111111111111111111111111111111111111000000000000000000111111111
1111111111111111111111111111111111111000000000000000000111111111
1100011111111111111111111111111111111110000010000000000111111111
1000001111111111111111111111111111111111110110001001011111111111
0000000011111111111100011111111111111111111111111111111111111111
0000000000111111111000001111111111111111111111111111111111111111
0000000000000000001000001111111111111111111111111111111111111111
0000000000000000000000001111111111111111111111111111111111111111
0000000000000000000000011111111111111111111111111111111111111111
0000000000000000000000011111111111111111111111111111111111111111
0000000000000000000000011111111111111111111111111111111111111111
0000000000000000000000011111111111111111111111111111111111111111
