1111111111111111111111111111111111111111111111111111111111111111
1111111111111111111111111111111111111111111111111111111111111111
1111111111111111111111111111111111111111111111111111111111111111
1111111111111111111111111111111111111111111111111111111111111111
1111111111111111111111111111111111111111111111111111111111111111
1111111111111111111111111111111111111111110111111111111111111111
1111111111111111111111111111111111111111100011111111111111111111
1111111111111111111111111111111111111100000000011111111111111111
1111111111111111111111111111111111111100000000011111111111111111
1111111111111111111111111111111111111111000000101111111111111111
1111111111111111111111111111111111111111000000001111111111111111
1111111111111111111111111111111111111111100000000000111111111111
1111111111111111111111111111111111111100000000000000001111111111
1111111111111111111111111111111111111000000000000000001111111111
1111100111111111111111111111111111111111000000000000001111111111
1111000011111111111111111111111111111111110110011011111111111111
1100000000111111111111100111111111111111111111111111111111111111
1100000000001111111111000111111111111111111111111111111111111111
1100000000000000000001000111111111111111111111111111111111111111
0000000000000000000000000111111111111111111111111111111111111111
0000000000000000000000000111111111111111111111111111111111111111
0000000000000000000000000111111111111111111111111111111111111111
0000000000000000000000000111111111111111111111111111111111111111
0000000000000000000000000111111111111111111111111111111111111111
