1111111111111111111111111111111111111111111111111111111111111111
1111111111111111111111111111111111111111111111111111111111111111
1111111111111111111111111111111111111111111111111111111111111111
1111111111111111111111111111111111111111111111111111111111111111
1111111111111111111111111111111111111111111111111111111111111111
1111111111111111111111111111111111111111110111111111111111111111
1111111111111111111111111111111111111111000011111111111111111111
1111111111111111111111111111111111111100000000011111111111111111
1111111111111111111111111111111111111100000000011111111111111111
1111111111111111111111111111111111111111000000001111111111111111
1111111111111111111111111111111111111111000000001111111111111111
1111111111111111111111111111111111111111100000000000111111111111
1111111111111111111111111111111111111100000000000000011111111111
1111111111111111111111111111111111111100000000000000011111111111
1111100111111111111111111111111111111111000100000000011111111111
1111000011111111111111111111111111111111111110010011111111111111
1100000000111111111111100111111111111111111111111111111111111111
1100000000001111111111000011111111111111111111111111111111111111
1100000000000000000001000011111111111111111111111111111111111111
0000000000000000000000000011111111111111111111111111111111111111
0000000000000000000000000111111111111111111111111111111111111111
0000000000000000000000000111111111111111111111111111111111111111
0000000000000000000000000111111111111111111111111111111111111111
0000000000000000000000000111111111111111111111111111111111111111
