1111111111111111111111111111111111111111111111111111111111111111
1111111111111111111111111111111111111111111111111111111111111111
1111111111111111111111111111111111111111111111111111111111111111
1111111111111111111111111111111111111111111111111111111111111111
1111111111111111111111111111111111111111111111111111111111111111
1111111111111111111111111111111111111111100011111111111111111111
1111111111111111111111111111111111111110000011111111111111111111
1111111111111111111111111111111111111100000000011111111111111111
1111111111111111111111111111111111111111000000111111111111111111
1111111111111111111111111111111111111110000000011111111111111111
1111111111111111111111111111111111111111000000000011111111111111
1111111111111111111111111111111111111111000000000000111111111111
1111111111111111111111111111111111111000000000000000011111111111
1111111111111111111111111111111111111000000000000000011111111111
1111100111111111111111111111111111111111100100000000111111111111
1111100011111111111111111111111111111111111111111111111111111111
1100000000111111111111100111111111111111111111111111111111111111
1100000000000111111111100011111111111111111111111111111111111111
1100000000000000000001100011111111111111111111111111111111111111
0000000000000000000000000011111111111111111111111111111111111111
0000000000000000000000000011111111111111111111111111111111111111
0000000000000000000000000011111111111111111111111111111111111111
0000000000000000000000000011111111111111111111111111111111111111
0000000000000000000000000011111111111111111111111111111111111111
