0000000000000000111111111111111111111111111111111111111000000000
0000000000000000011111111111111111111111111111111111000000000000
0000000000000000001111111111111111111111111111111111000000000000
0000000000000000000111111111111111111111111111111111000000000000
0000000000000000001111111111111111111111111111111111100000000000
0000000000000000001111011111111111111111111111111110100000000000
0000000000000000001110001111111111111111111111111110000000000000
0000000000000000001110001111111111111111111111111111000000000000
0000000000000000011110011111111111111111111111111111000000000000
0000000000000000001110011111111111111111111111111111000000000000
0000000000000000001100111111111111111111111111111111000000000000
0000000000000000001101111111111111111111111111111111100000000000
0000000000000000001111111111111111111111111111111111111000000000
0000000000000000001111111111111111111111111111111111111100000000
0000000000000000111111111111111111111111111111111111111110000000
0000000000000000111111111111111111111111111111111111111110000000
0000000000000011111111111111111111111111111111111111111111000000
0000000000000111111111111111111111111111111111111111111111000000
0000000000001111111111111111111111111111111111111111111111100000
0000000000011111111111111111111111111111111111111111111111100000
0000000000111111111111111111111111111111111111111111111111111111
0000000001111111111111111111111111111111111111111111111111111111
0000000011111111111111111111111111111111111111111111111111111110
0000000111111111111111111111111111111111111111111111111111111110
