1111111111111111111111111111111111111111111111111111111111111111
1111111111111111111111111111111111111111111111111111111111111111
1111111111111111111111111111111111111111111111111111111111111111
1111111111111111111111111111111111111111111111111111111111111111
1111111111111111111111111111111111111111111111111111111111111111
1111111111111111111111111111111111111110000111111111111111111111
1111111111111111111111111111111111111000000000111111111111111111
1111111111111111111111111111111111110000000000111111111111111111
1111111111111111111111111111111111111110000000111111111111111111
1111111111111111111111111111111111111110000000000111111111111111
1111111111111111111111111111111111111110000000000001111111111111
1111111111111111111111111111111111111000000000000001111111111111
1111111111111111111111111111111111110000000000000001111111111111
1111111111111111111111111111111111111110001000000001111111111111
1111100011111111111111111111111111111111111001111111111111111111
1111100001111111111111111111111111111111111111111111111111111111
1110000000010111111111111001111111111111111111111111111111111111
1110000000000011111111110000111111111111111111111111111111111111
0000000000000000000000010000111111111111111111111111111111111111
0000000000000000000000000000111111111111111111111111111111111111
0000000000000000000000000000111111111111111111111111111111111111
0000000000000000000000000000111111111111111111111111111111111111
0000000000000000000000000000111111111111111111111111111111111111
0000000000000000000000000000111111111111111111111111111111111111
