0000000000000000001111111111111111111111111111111111100000000000
0000000000000000000011111111111111111111111111111111000000000000
0000000000000000000001111111111111111111111111111111000000000000
0000000000000000000001111111111111111111111111111111000000000000
0000000000000000000011111111111111111111111111111111100000000000
0000000000000000000011100111111111111111111111111111000000000000
0000000000000000000011100011111111111111111111111111000000000000
0000000000000000000111100011111111111111111111111111100000000000
0000000000000000000111100111111111111111111111111111100000000000
0000000000000000000011000111111111111111111111111100100000000000
0000000000000000000010001111111111111111111111111110100000000000
0000000000000000000011111111111111111111111111111111111000000000
0000000000000000000011111111111111111111111111111111111110000000
0000000000000000000111111111111111111111111111111111111110000000
0000000000000000000111111111111111111111111111111111111111000000
0000000000000000001111111111111111111111111111111111111111000000
0000000000000000011111111111111111111111111111111111111111000000
0000000000000000111111111111111111111111111111111111111111100000
0000000000000011111111111111111111111111111111111111111111100000
0000000000000111111111111111111111111111111111111111111111111111
0000000000000111111111111111111111111111111111111111111111111110
0000000000001111111111111111111111111111111111111111111111111110
0000000000011111111111111111111111111111111111111111111111111110
0000000000111111111111111111111111111111111111111111011111111111
