1111111111111111111111111111111111111111111111111111111111111111
1111111111111111111111111111111111111111111111111111111111111111
1111111111111111111111111111111111111111111111111111111111111111
1111111111111111111111111111111111111111111111111111111111111111
1111111111111111111111111111111111111111111111111111111111111111
1111111111111111111111111111111111111111001111111111111111111111
1111111111111111111111111111111111111100000111111111111111111111
1111111111111111111111111111111111110000000001111111111111111111
1111111111111111111111111111111111111100000001111111111111111111
1111111111111111111111111111111111111100000001111111111111111111
1111111111111111111111111111111111111100000000001111111111111111
1111111111111111111111111111111111111110000000000001111111111111
1111111111111111111111111111111111110000000000000001111111111111
1111111011111111111111111111111111110000000000000001111111111111
1111100001111111111111111111111111111110011000000111111111111111
1111000000111111111111111111111111111111111111111111111111111111
1110000000010011111111111100111111111111111111111111111111111111
1110000000010001111111111000011111111111111111111111111111111111
0000000000000000000000001000011111111111111111111111111111111111
0000000000000000000000000000011111111111111111111111111111111111
0000000000000000000000000000011111111111111111111111111111111111
0000000000000000000000000000011111111111111111111111111111111111
0000000000000000000000000000011111111111111111111111111111111111
0000000000000000000000000000011111111111111111111111111111111111
