0000000000000000000011111111111111111111111111111111100000000000
0000000000000000000001111111111111111111111111111111000000000000
0000000000000000000000111111111111111111111111111111000000000000
0000000000000000000001111111111111111111111111111111000000000000
0000000000000000000001110111111111111111111111111111000000000000
0000000000000000000001110011111111111111111111111111000000000000
0000000000000000000011110001111111111111111111111111000000000000
0000000000000000000011110001111111111111111111111111000000000000
0000000000000000000011100011111111111111111111111110100000000000
0000000000000000000001100111111111111111111111111110000000000000
0000000000000000000001000111111111111111111111111111100000000000
0000000000000000000001111111111111111111111111111111111100000000
0000000000000000000001111111111111111111111111111111111110000000
0000000000000000000011111111111111111111111111111111111111000000
0000000000000000000011111111111111111111111111111111111111000000
0000000000000000000111111111111111111111111111111111111111000000
0000000000000000001111111111111111111111111111111111111111100000
0000000000000000111111111111111111111111111111111111111111100000
0000000000000001111111111111111111111111111111111111111111111111
0000000000000001111111111111111111111111111111111111111111111111
0000000000000011111111111111111111111111111111111111111111111110
0000000000000111111111111111111111111111111111111111111111111110
0000000000000111111111111111111111111111111111111111011111111111
0000000000001111111111111111111111111111111111111110011111111111
