1111111111111111111111111111111111111111111111111111111111111111
1111111111111111111111111111111111111111111111111111111111111111
1111111111111111111111111111111111111111111111111111111111111111
1111111111111111111111111111111111111111111111111111111111111111
1111111111111111111111111111111111111111111111111111111111111111
1111111111111111111111111111111111111111011111111111111111111111
1111111111111111111111111111111111111100001111111111111111111111
1111111111111111111111111111111111110000000001111111111111111111
1111111111111111111111111111111111110000000001111111111111111111
1111111111111111111111111111111111111100000101111111111111111111
1111111111111111111111111111111111111100000001011111111111111111
1111111111111111111111111111111111111100000000000111111111111111
1111111111111111111111111111111111110000000000000011111111111111
1111111001111111111111111111111111110000000000000011111111111111
1111110001111111111111111111111111111110010000000011111111111111
1111000000011111111111111111111111111111111011111111111111111111
1110000000001100111111111110001111111111111111111111111111111111
1110000000001000011111111110000111111111111111111111111111111111
0000000000000000000000000010000111111111111111111111111111111111
0000000000000000000000000000000111111111111111111111111111111111
0000000000000000000000000000000111111111111111111111111111111111
0000000000000000000000000000000111111111111111111111111111111111
0000000000000000000000000000001111111111111111111111111111111111
0000000000000000000000000000001111111111111111111111111111111111
