0000000000000000000000011111111111111111111111111111110000000000
0000000000000000000000001111111111111111111111111111100000000000
0000000000000000000000001111111111111111111111111111000000000000
0000000000000000000000011111111111111111111111111111000000000000
0000000000000000000000111111111111111111111111111111000000000000
0000000000000000000000111101111111111111111111111110000000000000
0000000000000000000000111001111111111111111111111110000000000000
0000000000000000000000111001111111111111111111111101000000000000
0000000000000000000000010001111111111111111111111111000000000000
0000000000000000000000010001111111111111111111111111000000000000
0000000000000000000000010111111111111111111111111111111000000000
0000000000000000000000011111111111111111111111111111111110000000
0000000000000000000000111111111111111111111111111111111111000000
0000000000000000000000111111111111111111111111111111111111000000
0000000000000000000000111111111111111111111111111111111111100000
0000000000000000000001111111111111111111111111111111111111100000
0000000000000000001111111111111111111111111111111111111111100000
0000000000000000011111111111111111111111111111111111111111110000
0000000000000000001111111111111111111111111111111111111111111111
0000000000000000001111111111111111111111111111111111111111111110
0000000000000000011111111111111111111111111111111111011111111110
0000000000000000111111111111111111111111111111111110001111111111
0000000000000001111111111111111111111111111111111110001111111111
0000000000000001111111111111111111111111111111111110001111111111
