0000000000000000000000001111111111111111111111111111110000000000
0000000000000000000000000111111111111111111111111111100000000000
0000000000000000000000000111111111111111111111111111100000000000
0000000000000000000000001111111111111111111111111111000000000000
0000000000000000000000011111111111111111111111111111000000000000
0000000000000000000000011111111111111111111111111110000000000000
0000000000000000000000011111111111111111111111111110000000000000
0000000000000000000000011100111111111111111111111110000000000000
0000000000000000000000001000111111111111111111111111000000000000
0000000000000000000000001001111111111111111111111111000000000000
0000000000000000000000001111111111111111111111111111111100000000
0000000000000000000000001111111111111111111111111111111111000000
0000000000000000000000011111111111111111111111111111111111000000
0000000000000000000000011111111111111111111111111111111111000000
0000000000000000000000011111111111111111111111111111111111100000
0000000000000000000001111111111111111111111111111111111111100000
0000000000000000001111111111111111111111111111111111111111110000
0000000000000000000111111111111111111111111111111111111111111111
0000000000000000000111111111111111111111111111111111111111111111
0000000000000000000111111111111111111111111111111111111111111110
0000000000000000001111111111111111111111111111111111011111111110
0000000000000000001111111111111111111111111111111110001111111111
0000000000000000011111111111111111111111111111111110001111111111
0000000000000000111111111111111111111111111111111110001111111111
