1111111111111111111111111111111111111111111111111111111111111111
1111111111111111111111111111111111111111111111111111111111111111
1111111111111111111111111111111111111111111111111111111111111111
1111111111111111111111111111111111111111110000111111111111111111
1111111111111111111111111111111111111111100000111111111111111111
1111111111111111111111111111111111111000000000000001111111111111
1111111111111111111111111111111111111000000000000001111111111111
1111111111111111111111111111111111111111000000000111111111111111
1111111111111111111111111111111111111100000000011001111111111111
1111111111111111111111111111111111111100000000000000000001111111
1111111111111111111111111111111111111111100000000000000000111111
1111111111111111111111111111111111111111100000000000000000000111
1111111111111111111111111111111111111110000000000000000000000111
1111111111111111111111111111111111111000000000000000000000001111
1111111111111111111111111111111111111100000000000000000000000111
1111111111111111111111111111111111111111110001100000000000000111
1001111111111111111111111111111111111111110011100011100101111111
1001111111111111111111111111111111111111111111111111111111111111
0000111111111111111111111111111111111111111111111111111111111111
0000111111111111111111111111111111111111111111111111111111111111
0000000111111111111111111111111111111111111111111111111111111111
0000000011111111111111111111110011111111111111111111111111111111
0000000011111111111111111111100000111111111111111111111111111111
0000000011111111111111111111100000111111111111111111111111111111
