1111111111111111111111111111111111111111111111111111111111111111
1111111111111111111111111111111111111111111111111111111111111111
1111111111111111111111111111111111111111111100111111111111111111
1111111111111111111111111111111111111111110000011111111111111111
1111111111111111111111111111111111111111100000011111111111111111
1111111111111111111111111111111111111000000000000000111111111111
1111111111111111111111111111111111111000000000000000111111111111
1111111111111111111111111111111111111111000000000011111111111111
1111111111111111111111111111111111111100000000001100111111111111
1111111111111111111111111111111111111000000000000000000000111111
1111111111111111111111111111111111111111010000000000000000001111
1111111111111111111111111111111111111111110000000000000000000011
1111111111111111111111111111111111111111000000000000000000000001
1111111111111111111111111111111111111100000000000000000000000011
1111111111111111111111111111111111111100000000000000000000000001
1111111111111111111111111111111111111111000000100000000000000000
1111111111111111111111111111111111111111110001110000100000001111
0111111111111111111111111111111111111111111011110001111011111111
0011111111111111111111111111111111111111111111111111111111111111
0001111111111111111111111111111111111111111111111111111111111111
0001111111111111111111111111111111111111111111111111111111111111
0000001111111111111111111111111111111111111111111111111111111111
0000000111111111111111111111110011111111111111111111111111111111
0000000111111111111111111111100001111111111111111111111111111111
