1111111111111111111111111111111111111111111111111111111111111111
1111111111111111111111111111111111111111111111111111111111111111
1111111111111111111111111111111111111111111100011111111111111111
1111111111111111111111111111111111111111110000001111111111111111
1111111111111111111111111111111111111111000000000111111111111111
1111111111111111111111111111111111111000000000000000011111111111
1111111111111111111111111111111111111100000000000000111111111111
1111111111111111111111111111111111111111000000000001111111111111
1111111111111111111111111111111111111100000000000110011111111111
1111111111111111111111111111111111111100000000000000000000001111
1111111111111111111111111111111111111111001000000000000000000011
1111111111111111111111111111111111111111111000000000000000000000
1111111111111111111111111111111111111111100000000000000000000000
1111111111111111111111111111111111111110000000000000000000000000
1111111111111111111111111111111111111100000000000000000000000000
1111111111111111111111111111111111111110000000000000000000000000
1111111111111111111111111111111111111111111000110000000000000000
1111111111111111111111111111111111111111111000111000011100110111
1111111111111111111111111111111111111111111111111111111111111111
1111111111111111111111111111111111111111111111111111111111111111
0011111111111111111111111111111111111111111111111111111111111111
0011111111111111111111111111111111111111111111111111111111111111
0000011111111111111111111111111111111111111111111111111111111111
0000011111111111111111111111111111111111111111111111111111111111
