1111111111111111111111111111111111111111111111111111111111111111
1111111111111111111111111111111111111111111111111111111111111111
1111111111111111111111111111111111111111111100000111111111111111
1111111111111111111111111111111111111111111000000111111111111111
1111111111111111111111111111111111111111000000000000111111111111
1111111111111111111111111111111111111100000000000000001111111111
1111111111111111111111111111111111111100000000000000001111111111
1111111111111111111111111111111111111111100000000000111111111111
1111111111111111111111111111111111111100000000000011100111111111
1111111111111111111111111111111111111100000000000000000000000001
1111111111111111111111111111111111111111001000000000000000000000
1111111111111111111111111111111111111111111000000000000000000000
1111111111111111111111111111111111111111110000000000000000000000
1111111111111111111111111111111111111111000000000000000000000000
1111111111111111111111111111111111111100000000000000000000000000
1111111111111111111111111111111111111110000000000000000000000000
1111111111111111111111111111111111111111100000001000000000000000
1111111111111111111111111111111111111111111100011100000100000000
1111111111111111111111111111111111111111111110111100001111001111
1111111111111111111111111111111111111111111111111111111111111111
1111111111111111111111111111111111111111111111111111111111111111
1111111111111111111111111111111111111111111111111111111111111111
1111111111111111111111111111111111111111111111111111111111111111
0001111111111111111111111111111111111111111111111111111111111111
