1111111111111111111111111111111111111111111111111111111111111111
1111111111111111111111111111111111111111111111000001111111111111
1111111111111111111111111111111111111111111110000001111111111111
1111111111111111111111111111111111111111111100000001111111111111
1111111111111111111111111111111111111111000000000000000001111111
1111111111111111111111111111111111111100000000000000000001111111
1111111111111111111111111111111111111110011000000000000001111111
1111111111111111111111111111111111111111110000000000000111111111
1111111111111111111111111111111111111100000000000000011100111111
1111111111111111111111111111111111111100000000000000000000000000
1111111111111111111111111111111111111111001100000000000000000000
1111111111111111111111111111111111111111111110000000000000000000
1111111111111111111111111111111111111111111110000000000000000000
1111111111111111111111111111111111111111110000000000000000000000
1111111111111111111111111111111111111111100000000000000000000000
1111111111111111111111111111111111111110000000000000000000000000
1111111111111111111111111111111111111111000000000000000000000000
1111111111111111111111111111111111111111110000000010000000000000
1111111111111111111111111111111111111111111110000111000000000000
1111111111111111111111111111111111111111111111000111000000011000
1111111111111111111111111111111111111111111111111111111110111110
1111111111111111111111111111111111111111111111111111111111111111
1111111111111111111111111111111111111111111111111111111111111111
1111111111111111111111111111111111111111111111111111111111111111
