0000000000000000000000000111111111111111111111111111111100000000
0000000000000000000000000011111111111111111111111111110000000000
0000000000000000000000000011111111111111111111111111110000000000
0000000000000000000000000001111111111111111111111111100000000000
0000000000000000000000000011111111111111111111111111000000000000
0000000000000000000000000111111111111111111111111110000000000000
0000000000000000000000000111111111111111111111111110000000000000
0000000000000000000000000111111111111111111111111110000000000000
0000000000000000000000000110111111111111111111111111100000000000
0000000000000000000000000010011111111111111111111111000000000000
0000000000000000000000000011111111111111111111111111111000000000
0000000000000000000000000011111111111111111111111111111110000000
0000000000000000000000000111111111111111111111111111111111000000
0000000000000000000000000111111111111111111111111111111111000000
0000000000000000000000001111111111111111111111111111111111000000
0000000000000000000001111111111111111111111111111111111111000000
0000000000000000000011111111111111111111111111111111111111100000
0000000000000000000001111111111111111111111111111111111111111110
0000000000000000000001111111111111111111111111111111111111111100
0000000000000000000001111111111111111111111111111111111111111000
0000000000000000000011111111111111111111111111111110011111111100
0000000000000000000111111111111111111111111111111100111111111100
0000000000000000001111111111111111111111111111111100111111111100
0000000000000000011111111111111111111111111111111100111111111110
