1111111111111111111111111111111111111111111111111000000011111111
1111111111111111111111111111111111111111111111100000000111111111
1111111111111111111111111111111111111111111111000000000011111111
1111111111111111111111111111111111111111111000000000000000000001
1111111111111111111111111111111111111111000000000000000000000000
1111111111111111111111111111111111111111000000000000000000000011
1111111111111111111111111111111111111111111111000000000000000000
1111111111111111111111111111111111111111111100000000000000000111
1111111111111111111111111111111111111000000000000000000000111111
1111111111111111111111111111111111111000000000000000000001100000
1111111111111111111111111111111111111110001111100000000000000000
1111111111111111111111111111111111111110011111110000000000000000
1111111111111111111111111111111111111111111111110000000000000000
1111111111111111111111111111111111111111111111110000000000000000
1111111111111111111111111111111111111111111111100000000000000000
1111111111111111111111111111111111111111111100000000000000000000
1111111111111111111111111111111111111111100000000000000000000000
1111111111111111111111111111111111111111100000000000000000000000
1111111111111111111111111111111111111111110000000000000000000000
1111111111111111111111111111111111111111111000000000000000000000
1111111111111111111111111111111111111111111100000000001110000000
1111111111111111111111111111111111111111111111110000011110000000
1111111111111111111111111111111111111111111111111000011110000000
1111111111111111111111111111111111111111111111111100111111100011
