1111111111111111111111111111111111111111111111111000000000111111
1111111111111111111111111111111111111111111111110000000001111111
1111111111111111111111111111111111111111111111000000000000001111
1111111111111111111111111111111111111111110000000000000000000000
1111111111111111111111111111111111111111000000000000000000000000
1111111111111111111111111111111111111111100000000000000000000000
1111111111111111111111111111111111111111111111100000000000000000
1111111111111111111111111111111111111110111100000000000000000001
1111111111111111111111111111111111111000000000000000000000001111
1111111111111111111111111111111111110000000000000000000000011100
1111111111111111111111111111111111111100000010100000000000000000
1111111111111111111111111111111111111110011111111000000000000000
1111111111111111111111111111111111111111111111111000000000000000
1111111111111111111111111111111111111111111111111100000000000000
1111111111111111111111111111111111111111111111111000000000000000
1111111111111111111111111111111111111111111111100000000000000000
1111111111111111111111111111111111111111111110000000000000000000
1111111111111111111111111111111111111111110000000000000000000000
1111111111111111111111111111111111111111110000000000000000000000
1111111111111111111111111111111111111111111000000000000000000000
1111111111111111111111111111111111111111111100000000000000000000
1111111111111111111111111111111111111111111110000000000001100000
1111111111111111111111111111111111111111111111111100000111100000
1111111111111111111111111111111111111111111111111100000111100000
