1111111111111111111111111111111111111111111111111110000000000011
1111111111111111111111111111111111111111111111111000000000000000
1111111111111111111111111111111111111111111100000000000000000000
1111111111111111111111111111111111111111110000000000000000000000
1111111111111111111111111111111111111111110000000000000000000000
1111111111111111111111111111111111111111111111111100000000000000
1111111111111111111111111111111111111111111111111100000000000000
1111111111111111111111111111111111111100111111000000000000000000
1111111111111111111111111111111111100000001100000000000000000000
1111111111111111111111111111111111000000000000000000000000000000
1111111111111111111111111111111111100000000000000000000000000000
1111111111111111111111111111111111111000111111111110000000000000
1111111111111111111111111111111111111000111111111111000000000000
1111111111111111111111111111111111111111111111111111000000000000
1111111111111111111111111111111111111111111111111111100000000000
1111111111111111111111111111111111111111111111111111000000000000
1111111111111111111111111111111111111111111111111111000000000000
1111111111111111111111111111111111111111111111111000000000000000
1111111111111111111111111111111111111111111100000000000000000000
1111111111111111111111111111111111111111111100000000000000000000
1111111111111111111111111111111111111111111110000000000000000000
1111111111111111111111111111111111111111111111000000000000000000
1111111111111111111111111111111111111111111111000000000000000000
1111111111111111111111111111111111111111111111000000000000000000
