1111111111111111111111111111111111111111111111100000000000000000
1111111111111111111111111111111111111111111110000000000000000000
1111111111111111111111111111111111111111111100000000000000000000
1111111111111111111111111111111111111111111110000000000000000000
1111111111111111111111111111111111111111111111111111111000000000
1111111111111111111111111111111111111111111111111111111100000000
1111111111111111111111111111111111111111111111111111111100000000
1111111111111111111111111111111111110111111111111100000000000000
1111111111111111111111111111111100000000011111110000000000000000
1111111111111111111111111111110000000000000010000000000000000000
1111111111111111111111111111100000000100000000000000000000000000
1111111111111111111111111111110000000111000000000000000000000000
1111111111111111111111111111111110000111110000111111111110000000
1111111111111111111111111111111110000111111111111111111110000000
1111111111111111111111111111111110001111111111111111111111000000
1111111111111111111111111111111111111111111111111111111111100000
1111111111111111111111111111111111111111111111111111111111100000
1111111111111111111111111111111111111111111111111111111111110000
1111111111111111111111111111111111111111111111111111111111110000
1111111111111111111111111111111111111111111111111111111111100000
1111111111111111111111111111111111111111111111111111111111100000
1111111111111111111111111111111111111111111111110000011111000000
1111111111111111111111111111111111111111111111110000000000000000
1111111111111111111111111111111111111111111111111000000000000000
