1111111111111111111111111111111111111111111111000000000000000000
1111111111111111111111111111111111111111111111000000000000000000
1111111111111111111111111111111111111111111111110000000000000000
1111111111111111111111111111111111111111111111111111111111111100
1111111111111111111111111111111111111111111111111111111111111100
1111111111111111111111111111111111111111111111111111111111111110
1111111111111111111111111111111111111111111111111111111100000000
1111111111111111111111111111111111111111111111111111110000000000
1111111111111111111111111111000000000011111111111110000000000000
1111111111111111111111111000000000000000001111110000000000000000
1111111111111111111111110000000000000000000000000000000000000000
1111111111111111111111100000000001100000000000000000000000000000
1111111111111111111111100000000001111000000000000000000000000000
1111111111111111111111111100000001111110000000000000110000000000
1111111111111111111111111111000001111111110001111111111111111110
1111111111111111111111111111000001111111111111111111111111111111
1111111111111111111111111111000011111111111111111111111111111111
1111111111111111111111111111111111111111111111111111111111111111
1111111111111111111111111111111111111111111111111111111111111111
1111111111111111111111111111111111111111111111111111111111111111
1111111111111111111111111111111111111111111111111111111111111111
1111111111111111111111111111111111111111111111111111111111111111
1111111111111111111111111111111111111111111111111111111111111111
1111111111111111111111111111111111111111111111111111000111111111
