1111111111111111111111111111111111111111111111100000000000000000
1111111111111111111111111111111111111111111111111000000000000000
1111111111111111111111111111111111111111111111111100000000101110
1111111111111111111111111111111111111111111111111111111111111111
1111111111111111111111111111111111111111111111111111111111111111
1111111111111111111111111111111111111111111111111111111111111111
1111111111111111111111111111111111111111111111111111111100000000
1111111111111111111111111111111111111111111111111111111000000000
1111111111111111111111111110000000000111111111111111000000000000
1111111111111111111111110000000000000000001111110000000000000000
1111111111111111111111000000000000000000000000000000000000000000
1111111111111111111110000000000111100000000000000000000000000000
1111111111111111111110000000001111111000000000000000000000000000
1111111111111111111111110000000111111111000000000000111000000000
1111111111111111111111111100001111111111111111111111111111111111
1111111111111111111111111100001111111111111111111111111111111111
1111111111111111111111111100000111111111111111111111111111111111
1111111111111111111111111111111111111111111111111111111111111111
1111111111111111111111111111111111111111111111111111111111111111
1111111111111111111111111111111111111111111111111111111111111111
1111111111111111111111111111111111111111111111111111111111111111
1111111111111111111111111111111111111111111111111111111111111111
1111111111111111111111111111111111111111111111111111111111111111
1111111111111111111111111111111111111111111111111111111111111111
