1111111111111111111111111111111111111111111111111100000000000000
1111111111111111111111111111111111111111111111111110000000000000
1111111111111111111111111111111111111111111111111111111111111111
1111111111111111111111111111111111111111111111111111111111111111
1111111111111111111111111111111111111111111111111111111111111111
1111111111111111111111111111111111111111111111111111111111111110
1111111111111111111111111111111111111111111111111111111111000000
1111111111111111111111111111111111111111111111111111111110000000
1111111111111111111111111111000000000001111111111111110000000000
1111111111111111111111111000000000000000000011111100000000000000
1111111111111111111111100000000000000000000000000000000000000000
1111111111111111111111000000000001110000000000000000000000000000
1111111111111111111111000000000011111100000000000000000000000000
1111111111111111111111100000000011111111000000000000000110000000
1111111111111111111111111100000111111111111100001111111111111111
1111111111111111111111111110000111111111111111111111111111111111
1111111111111111111111111100000111111111111111111111111111111111
1111111111111111111111111100000111111111111111111111111111111111
1111111111111111111111111111111111111111111111111111111111111111
1111111111111111111111111111111111111111111111111111111111111111
1111111111111111111111111111111111111111111111111111111111111111
1111111111111111111111111111111111111111111111111111111111111111
1111111111111111111111111111111111111111111111111111111111111111
1111111111111111111111111111111111111111111111111111111111111111
