1111111111111111111111111111111111111111111111111111110000000000
1111111111111111111111111111111111111111111111111111111111111111
1111111111111111111111111111111111111111111111111111111111111111
1111111111111111111111111111111111111111111111111111111111111111
1111111111111111111111111111111111111111111111111111111111111111
1111111111111111111111111111111111111111111111111111111111111110
1111111111111111111111111111111111111111111111111111111111111100
1111111111111111111111111111111111100111111111111111111111111000
1111111111111111111111111111111000000000011111111111111110000000
1111111111111111111111111111000000000000000000111111110000000000
1111111111111111111111111100000000000000000000000100000000000000
1111111111111111111111111000000010001100000000000000000000000000
1111111111111111111111111000000000011111000000000000000000000000
1111111111111111111111111000000000111111110000000000000000000000
1111111111111111111111111100000000111111111100000000000011111101
1111111111111111111111111111100000111111111111111111111111111111
1111111111111111111111111111100000111111111111111111111111111111
1111111111111111111111111111100000111111111111111111111111111111
1111111111111111111111111111111000111111111111111111111111111111
1111111111111111111111111111111111111111111111111111111111111111
1111111111111111111111111111111111111111111111111111111111111111
1111111111111111111111111111111111111111111111111111111111111111
1111111111111111111111111111111111111111111111111111111111111111
1111111111111111111111111111111111111111111111111111111111111111
