1111111111111111111111111111111111111111111111111111111100000000
1111111111111111111111111111111111111111111111111111111111111111
1111111111111111111111111111111111111111111111111111111111111111
1111111111111111111111111111111111111111111111111111111111111111
1111111111111111111111111111111111111111111111111111111111111111
1111111111111111111111111111111111111111111111111111111111111111
1111111111111111111111111111111111111111111111111111111111111110
1111111111111111111111111111111111100011111111111111111111111000
1111111111111111111111111111111000000000001111111111111111100000
1111111111111111111111111111000000000000000000011111111000000000
1111111111111111111111111110000000000000000000000010000000000000
1111111111111111111111111000000011000100000000000000000000000000
1111111111111111111111111000000000001111000000000000000000000000
1111111111111111111111111000000000011111110000000000000000000000
1111111111111111111111111100000000011111111100000000000000111110
1111111111111111111111111111110000011111111111111111111111111111
1111111111111111111111111111110000011111111111111111111111111111
1111111111111111111111111111110000001111111111111111111111111111
1111111111111111111111111111110000001111111111111111111111111111
1111111111111111111111111111111111111111111111111111111111111111
1111111111111111111111111111111111111111111111111111111111111111
1111111111111111111111111111111111111111111111111111111111111111
1111111111111111111111111111111111111111111111111111111111111111
1111111111111111111111111111111111111111111111111111111111111111
