1111111111111111111111111111111111111111111111111111111111111111
1111111111111111111111111111111111111111111111111111111111111111
1111111111111111111111111111111111111111111111111111111111111111
1111111111111111111111111111111111111111111111111111111111111111
1111111111111111111111111111111111111111111111111111111111111111
1111111111111111111111111111111111111111111111111111111111111111
1111111111111111111111111111111111111111111111111111111111111111
1111111111111111111111111111111110000000111111111111111111111100
1111111111111111111111111111110000000000000001111111111111110000
1111111111111111111111111110000000000000000000000011111000000000
1111111111111111111111111100000000000000000000000000000000000000
1111111111111111111111111000000011000110000000000000000000000000
1111111111111111111111110000000000001111110000000000000000000000
1111111111111111111111110000001000001111111100000000000000000000
1111111111111111111111111100001000001111111111000000000000011111
1111111111111111111111111111111000001111111111111111111111111111
1111111111111111111111111111111100000111111111111111111111111111
1111111111111111111111111111111100000011111111111111111111111111
1111111111111111111111111111111100000011111111111111111111111111
1111111111111111111111111111111111111111111111111111111111111111
1111111111111111111111111111111111111111111111111111111111111111
1111111111111111111111111111111111111111111111111111111111111111
1111111111111111111111111111111111111111111111111111111111111111
1111111111111111111111111111111111111111111111111111111111111111
