1111111111111111111111111111111111111111111111111111111111111111
1111111111111111111111111111111111111111111111111111111111111111
1111111111111111111111111111111111111111111111111111111111111111
1111111111111111111111111111111111111111111111111111111111111111
1111111111111111111111111111111111111111111111111111111111111111
1111111111111111111111111111111111111111111111111111111111111111
1111111111111111111111111111111111000011111111111111111111111111
1111111111111111111111111000000000000000000011111111111111111111
1111111111111111111111000000000000000000000000000000111111110000
1111111111111111111110000000000000000000000000000000000000000000
1111111111111111111110000000011100001110000000000000000000000000
1111111111111111111111010010001100111111110000000000000000000000
1111111111111111111111110011111111111111111100000000000000000000
1111111111111111111111111111110111111111111111100000000000000000
1111111111111111111111111111000000111111111111111110000000001111
1111111111111111111111111111000000111111111111111111111111111111
1111111111111111111111111111000000111111111111111111111111111111
1111111111111111111111111111100000111111111111111111111111111111
1111111111111111111111111111110000011111111111111111111111111111
1111111111111111111111111111110000001111111111111111111111111111
1111111111111111111111111111110000011111111111111111111111111111
1111111111111111111111111111111111111111111111111111111111111111
1111111111111111111111111111111111111111111111111111111111111111
1111111111111111111111111111111111111111111111111111111111111111
