1111111111111111111110000000000000000000000000000000000000000000
1111111111111111111110000000000000000000000000000000000000000000
1111111111111111111110000000000000000000000000000000000000000000
1111111111111111111110000000011110000011110000000000000000000000
1111111111111111111111110000111110011111111111000000000000000000
1111111111111111111111111111111111111111111111111110000000000001
1111111111111111111111111111111111111111111111111111111111111111
1111111111111111111111111111111111111111111111111111111111111111
1111111111111111111111111111111111111111111111111111111111111111
1111111111111111111111111111111111111111111111111111111111111111
1111111111111111111111111111111111111111111111111111111111111111
1111111111111111111111111111111111111111111111111111111111111111
1111111111111111111111111111111111111111111111111111111111111111
1111111111111111111111111111111111111111111111111111111111111111
1111111111111111111111111111111111111111111111111111111111111111
1111111111111111111111000001111111111111111111111111111111111111
1111111111111111111110000000111111111111111111111111111111111111
1111111111111111111111000000111111111111111111111111111111111111
1111111111111111111111100000011111111111111111111111111111111111
1111111111111111111111110000000011111111111111111111111111111111
1111111111111111111111111100000011111111111111111111111111111111
1111111111111111111111111100011111111111111111111111111111111111
1111111111111111111111111111111111111111111111111111111111111111
1111111111111111111111111111111111111111111111111111111111111111
