1111111111111111111110000000011110000001110000000000000000000000
1111111111111111111111110000111110001111111111100000000000000000
1111111111111111111111110110111110011111111111111111110000111111
1111111111111111111111111111111111111111111111111111111111111111
1111111111111111111111111111111111111111111111111111111111111111
1111111111111111111111111111111111111111111111111111111111111111
1111111111111111111111111111111111111111111111111111111111111111
1111111111111111111111111111111111111111111111111111111111111111
1111111111111111111111111111111111111111111111111111111111111111
1111111111111111111111111111111111111111111111111111111111111111
1111111111111111111111111111111111111111111111111111111111111111
1111111111111111111111111111111111111111111111111111111111111111
1111111111111111111111111111111111111111111111111111111111111111
1111111111111111111111111111111111111111111111111111111111111111
1111111111111111111111000011111111111111111111111111111111111111
1111111111111111111110000001111111111111111111111111111111111111
1111111111111111111110000000111111111111111111111111111111111111
1111111111111111111111000000011111111111111111111111111111111111
1111111111111111111111100000000011111111111111111111111111111111
1111111111111111111111111000000011111111111111111111111111111111
1111111111111111111111111100011111111111111111111111111111111111
1111111111111111111111111111111111111111111111111111111111111111
1111111111111111111111111111111111111111111111111111111111111111
1111111111111111111111111111111111111111111111111111111111111111
