0000000000000000000000011111111111111111111111100000000000000000
0000000000000000000000111111111111111111111111100000000000000000
0000000000000000000000111111111111111111111111000000000000000000
0000000000000000000000001111111111111111111111000000000000000000
0000000000000000000000000111111111111111111111000000000000000000
0000000000000000000000000011111111111111111111100000000000000000
0000000000000000000000000001111111111111111111110000000000000000
0000000000000000000000000000111111111111111111110000000000000000
0000000000000000000000000111111111111111111111100000000000000000
0000000000000000000000000111111111111111111111100000000000000000
0000000000000000000000111111111111111111111111100000000000000000
0000000000000000000001111111111111111111111111110000000000000000
0000000000000000000001111111111111111111111111110000000000000000
0000000000000000000001111111111111111111110111111000000000000000
0000000000000000000011111111111111111111110011111000000000000000
0000000000000000011111111111111111111111110011111110000000000000
0000000000000000000111111111111111111111110111111110000000000000
0000000000000000000111111111111111111111100011111110000000000000
0000000000000000001111111111111111111111100011111110000000000000
0000000000000000001111111111111111111111000011111111000000000000
0000000000000000011111111111111111111111000011111111000000000000
0000000000000000111111111111111111111111000011111111100000000000
0000000000000001111111111111111111111111000011111111110000000000
0000000000000011111111111111111111111111000011111111110000000000
