0000000000000000000000000000000000000000000000000000000000000000
0000000000000000000000000000000000000000000000000000000000000000
0000000000000000000000000000000000000000000000000000000000000000
0000000000000000000000000000000000000000000000000000000000000000
0000000000000000000000000000000000000000000000000000000000000000
0000000000000000000000000000000000000000000000000000000000000000
0000000000000000000000000000000000000000000000000000000000000000
0000000000000000000000000000000000000000000000000000000000000000
0000000000000000000000001000111110000000000000000000000000000000
0000000000000000000111111111111100000000000000000000000000000000
0000000000000000000011111100000000000000000000000000000000000000
0000000000000000001111100000000000000000000000000000000000000000
0000000000000000011111000000000000000000000000000000000000000000
0000000000000000111111000000000000000000000000000000000000000000
0000000000000001111110000000000000000000000000000000000000000000
0000000000000001111110000000000000000000000000000000000000000000
0000000000000001101110000000000000000000000000000000000000000000
0000000000000000000100000000000000000000000000000000000000000000
0000000000000000000100000000000000000000000000000000000000000000
0000000000000000000000000000000000000000000000000000000000000000
0000000000000000000000000000000000000000000000000000000000000000
0000000000000000000000000000000000000000000000000000000000000000
0000000000000000000000000000000000000000000000000000000000000000
0000000000000000000000000000000000000000000000000000000000000000
