0000000000000000000000000000000000000000000000000000000000000000
0000000000000000000000000000000000000000000000000000000000000000
0000000000000000000000000000000000000000000000000000000000000000
0000000000000000000000000000000000000000000000000000000000000000
0000000000000000000000000000000000000000000000000000000000000000
0000000000000000000000000000000000000000000000000000000000000000
0000000000000000000000000000000000000000000000000000000000000000
0000000000000000000000000000000000000000000000000000000000000000
0000000000000000000000000011111000000000000000000000000000000000
0000000000000000000011111111110000000000000000000000000000000000
0000000000000000000111111100000000000000000000000000000000000000
0000000000000000001111100000000000000000000000000000000000000000
0000000000000000011111000000000000000000000000000000000000000000
0000000000000000111110000000000000000000000000000000000000000000
0000000000000001111110000000000000000000000000000000000000000000
0000000000000011111100000000000000000000000000000000000000000000
0000000000000011111100000000000000000000000000000000000000000000
0000000000000001001110000000000000000000000000000000000000000000
0000000000000000001000000000000000000000000000000000000000000000
0000000000000000000000000000000000000000000000000000000000000000
0000000000000000000000000000000000000000000000000000000000000000
0000000000000000000000000000000000000000000000000000000000000000
0000000000000000000000000000000000000000000000000000000000000000
0000000000000000000000000000000000000000000000000000000000000000
