0000000000000000000000000000000000000000000000000000000000000000
0000000000000000000000000000000000000000000000000000000000000000
0000000000000000000000000000000000000000000000000000000000000000
0000000000000000000000000000000000000000000000000000000000000000
0000000000000000000000000000000000000000000000000000000000000000
0000000000000000000000000000000000000000000000000000000000000000
0000000000000000000000000000000000000000000000000000000000000000
0000000000000000000000000010000000000000000000000000000000000000
0000000000000000000000001111110000000000000000000000000000000000
0000000000000000000001111110000000000000000000000000000000000000
0000000000000000001111111000000000000000000000000000000000000000
0000000000000000001111100000000000000000000000000000000000000000
0000000000000000011111000000000000000000000000000000000000000000
0000000000000000111110000000000000000000000000000000000000000000
0000000000000001111110000000000000000000000000000000000000000000
0000000000000011111100000000000000000000000000000000000000000000
0000000000000011111100000000000000000000000000000000000000000000
0000000000000111011100000000000000000000000000000000000000000000
0000000000000010001100000000000000000000000000000000000000000000
0000000000000000001000000000000000000000000000000000000000000000
0000000000000000000000000000000000000000000000000000000000000000
0000000000000000000000000000000000000000000000000000000000000000
0000000000000000000000000000000000000000000000000000000000000000
0000000000000000000000000000000000000000000000000000000000000000
