0000000000000000000000000000000000000000000000000000000000000000
0000000000000000000000000000000000000000000000000000000000000000
0000000000000000000000000000000000000000000000000000000000000000
0000000000000000000000000000000000000000000000000000000000000000
0000000000000000000000000000000000000000000000000000000000000000
0000000000000000000000000000000000000000000000000000000000000000
0000000000000000000000000000000000000000000000000000000000000000
0000000000000001111000000000000000000000000000000000000000000000
0000000000000011111100000000000000000000000000000000000000000000
0000000000000001111000000000000000000000000000000000000000000000
0000000000000011111100000000000000000000000000000000000000000000
0000000000000111111100000000000000000000000000000000000000000000
0000000000001111111100000000000000000000000000000000000000000000
0000000000110011111000000000000000000000000000000000000000000000
0000000000000011111000000000000000000000000000000000000000000000
0000000000000111111000000000000000000000000000000000000000000000
0000000000000111111000000000000000000000000000000000000000000000
0000000000001111111000000000000000000000000000000000000000000000
0000000000001111111000000000000000000000000000000000000000000000
0000000000011111111000000000000000000000000000000000000000000000
0000000000011111111000000000000000000000000000000000000000000000
0000000000001000011000000000000000000000000000000000000000000000
0000000000001000000000000000000000000000000000000000000000000000
0000000000000000000000000000000000000000000000000000000000000000
