0000000000000000000000000000000000000000000000000000000000000000
0000000000000000000000000000000000000000000000000000000000000000
0000000000000000000000000000000000000000000000000000000000000000
0000000000000000000000000000000000000000000000000000000000000000
0000000000000000000000000000000000000000000000000000000000000000
0000000000000000000000000000000000000000000000000000000000000000
0000000000000000000000000000000000000000000000000000000000000000
0000000000000111110000000000000000000000000000000000000000000000
0000000000000111110000000000000000000000000000000000000000000000
0000000000000011110000000000000000000000000000000000000000000000
0000000000000111111000000000000000000000000000000000000000000000
0000000000001111111000000000000000000000000000000000000000000000
0000000000001111110000000000000000000000000000000000000000000000
0000000000110111110000000000000000000000000000000000000000000000
0000000000000111110000000000000000000000000000000000000000000000
0000000000001111110000000000000000000000000000000000000000000000
0000000000001111110000000000000000000000000000000000000000000000
0000000000001111110000000000000000000000000000000000000000000000
0000000000011111110000000000000000000000000000000000000000000000
0000000000011111111000000000000000000000000000000000000000000000
0000000000011111111000000000000000000000000000000000000000000000
0000000000011000010000000000000000000000000000000000000000000000
0000000000001000000000000000000000000000000000000000000000000000
0000000000000000000000000000000000000000000000000000000000000000
