0000000000000000000000000000000000000000000000000000000000000000
0000000000000000000000000000000000000000000000000000000000000000
0000000000000000000000000000000000000000000000000000000000000000
0000000000000000000000000000000000000000000000000000000000000000
0000000000000000000000000000000000000000000000000000000000000000
0000000000000000000000000000000000000000000000000000000000000000
0000000000000000000000000000000000000000000000000000000000000000
0000000000001111100000000000000000000000000000000000000000000000
0000000000001111100000000000000000000000000000000000000000000000
0000000000000111100000000000000000000000000000000000000000000000
0000000000001111111000000000000000000000000000000000000000000000
0000000000001111111000000000000000000000000000000000000000000000
0000000000011111100000000000000000000000000000000000000000000000
0000000000111111100000000000000000000000000000000000000000000000
0000000001001111100000000000000000000000000000000000000000000000
0000000000001111110000000000000000000000000000000000000000000000
0000000000001111110000000000000000000000000000000000000000000000
0000000000011111110000000000000000000000000000000000000000000000
0000000000011111110000000000000000000000000000000000000000000000
0000000000011111110000000000000000000000000000000000000000000000
0000000000111000111000000000000000000000000000000000000000000000
0000000000011000010000000000000000000000000000000000000000000000
0000000000000000100000000000000000000000000000000000000000000000
0000000000000000000000000000000000000000000000000000000000000000
