0000000000000000000000000000000000000000000000000000000000000000
0000000000000000000000000000000000000000000000000000000000000000
0000000000000000000000000000000000000000000000000000000000000000
0000000000000000000000000000000000000000000000000000000000000000
0000000000000000000000000000000000000000000000000000000000000000
0000000000000000000000000000000000000000000000000000000000000000
0000000000111111000000000000000000000000000000000000000000000000
0000000001111111100000000000000000000000000000000000000000000000
0000000000111111000000000000000000000000000000000000000000000000
0000000000111111100000000000000000000000000000000000000000000000
0000000001111111110000000000000000000000000000000000000000000000
0000000011111111110000000000000000000000000000000000000000000000
0000000011111110000000000000000000000000000000000000000000000000
0000000011111111000000000000000000000000000000000000000000000000
0000000111111111000000000000000000000000000000000000000000000000
0000000000111111000000000000000000000000000000000000000000000000
0000000000111111000000000000000000000000000000000000000000000000
0000000000111111100000000000000000000000000000000000000000000000
0000000000111111100000000000000000000000000000000000000000000000
0000000001111111100000000000000000000000000000000000000000000000
0000000001111111110000000000000000000000000000000000000000000000
0000000001111111110000000000000000000000000000000000000000000000
0000000001110000111000000000000000000000000000000000000000000000
0000000000010000100000000000000000000000000000000000000000000000
