0000000000000000000000000000000000000000000000000000000000000000
0000000000000000000000000000000000000000000000000000000000000000
0000000000000000000000000000000000000000000000000000000000000000
0000000000000000000000000000000000000000000000000000000000000000
0000000000001101000000000000000000000000000000000000000000000000
0000000001111111100000000000000000000000000000000000000000000000
0000000000111111100000000000000000000000000000000000000000000000
0000000000011111000000000000000000000000000000000000000000000000
0000000000111111110000000000000000000000000000000000000000000000
0000000001111111111000000000000000000000000000000000000000000000
0000000001111111111000000000000000000000000000000000000000000000
0000000001111111000000000000000000000000000000000000000000000000
0000000011111111100000000000000000000000000000000000000000000000
0000000111111111100000000000000000000000000000000000000000000000
0000000111111111100000000000000000000000000000000000000000000000
0000000000111111100000000000000000000000000000000000000000000000
0000000000111111110000000000000000000000000000000000000000000000
0000000000111111110000000000000000000000000000000000000000000000
0000000000111111110000000000000000000000000000000000000000000000
0000000000111111110000000000000000000000000000000000000000000000
0000000000111111111000000000000000000000000000000000000000000000
0000000000111111111000000000000000000000000000000000000000000000
0000000001111001111000000000000000000000000000000000000000000000
0000000000111000110000000000000000000000000000000000000000000000
