0000000000000000000000000000000000000000000000000000000000000000
0000000000000000000000000000000000000000000000000000000000000000
0000000000000000000000000000000000000000000000000000000000000000
0000000000000011111000000000000000000000000000000000000000000000
0000000000001111111110000000000000000000000000000000000000000000
0000000000000111111110000000000000000000000000000000000000000000
0000000000000011111100000000000000000000000000000000000000000000
0000000000000111111110000000000000000000000000000000000000000000
0000000000000111111111100000000000000000000000000000000000000000
0000000000001111111111100000000000000000000000000000000000000000
0000000000001111111111100000000000000000000000000000000000000000
0000000000011111111100000000000000000000000000000000000000000000
0000000000111011111110000000000000000000000000000000000000000000
0000000001111011111110000000000000000000000000000000000000000000
0000000001110011111110000000000000000000000000000000000000000000
0000000000000111111111000000000000000000000000000000000000000000
0000000000000111111111000000000000000000000000000000000000000000
0000000000001111111111000000000000000000000000000000000000000000
0000000000001111111111000000000000000000000000000000000000000000
0000000000001111111111100000000000000000000000000000000000000000
0000000000011111111111100000000000000000000000000000000000000000
0000000000011111111111100000000000000000000000000000000000000000
0000000000011111111111100000000000000000000000000000000000000000
0000000000011111000111110000000000000000000000000000000000000000
