0000000000000000000111111111111111111111111111000000000000000000
0000000000000000000000111111111111111111111110000000000000000000
0000000000000000000000111111111111111111111000000000000000000000
0000000000000000000011111111111111111111110000000000000000000000
0000000000000000000000111111111111111111110000000000000000000000
0000000000000000000000111111111111111111000000000000000000000000
0000000000000000000000111111111111111111000000000000000000000000
0000000000000000000000011111111111111111100000000000000000000000
0000000000000000000000001111111111011111100000000000000000000000
0000000000000000000000011111111111011111100000000000000000000000
0000000000000000000000011111111111111111100000000000000000000000
0000000000000000000011111111111111111111110000000000000000000000
0000000000000000000111111111111111111111111000000000000000000000
0000000000000000000111111111111111111111111100000000000000000000
0000000000000000001111111111111111111111111110000000000000000000
0000000000000000111111111111111111111111111111000000000000000000
0000000000000000111111111111111111111111111111100000000000000000
0000000000000000111111111111111111111111111001110000000000000000
0000000000000001111111111111111111111011111100110000000000000000
0000000000000011111111111111111111110011111100111000000000000000
0000000000000111111111111111111111110011111110111000000000000000
0000000000001111111111111111111111110011111111111000000000000000
0000000000011111111111111111111111110011111111111000000000000000
0000000000111111111111111111111111110011111111111000000000000000
