0000000000000000000000000000000000000000000000000000000000000000
0000000000000000000000000000000000000000000000000000000000000000
0000000000000000000000000000000000000000000000000000000000000000
0000000000000000000000000000000001111110000000000000000000000000
0000000000000000000000000000000111111111000000000000000000000000
0000000000000000000000000000000111111111100000000000000000000000
0000000000000000000000000000000011111110000000000000000000000000
0000000000000000000000000000000011111110000000000000000000000000
0000000000000000000000000000000111111111110000000000000000000000
0000000000000000000000000000000111111111110000000000000000000000
0000000000000000000000000000000111111111110000000000000000000000
0000000000000000000000000000000111111111111111000000000000000000
0000000000000000000000000000001111111111011000000000000000000000
0000000000000000000000000000001111111110000000000000000000000000
0000000000000000000000000000001111111110000000000000000000000000
0000000000000000000000000000001111111110000000000000000000000000
0000000000000000000000000000001111111110000000000000000000000000
0000000000000000000000000000001111111111000000000000000000000000
0000000000000000000000000000001111111111000000000000000000000000
0000000000000000000000000000001111111111100000000000000000000000
0000000000000000000000000000011111111111100000000000000000000000
0000000000000000000000000000011111111111110000000000000000000000
0000000000000000000000000000011111111111110000000000000000000000
0000000000000000000000000000011111111111111000000000000000000000
