0000000000000000000000000000000000000000000000000000000000000000
0000000000000000000000000000000000000000000000000000000000000000
0000000000000000000000000000000000000000100000000000000000000000
0000000000000000000000000000000000111111110000000000000000000000
0000000000000000000000000000000011111111111100000000000000000000
0000000000000000000000000000000111111111111100000000000000000000
0000000000000000000000000000000001111111111000000000000000000000
0000000000000000000000000000000000111111111000000000000000000000
0000000000000000000000000000000001111111111100000000000000000000
0000000000000000000111110000001111111111111111100000000000000000
0000000000000000001111111111111111111111111111100000000000000000
0000000000000000011111111111000111111111111111000000000000000000
0000000000000000000000000000000011111111111111000000000000000000
0000000000000000000000000000000010011111111111100000000000000000
0000000000000000000000000000000010011111111000000000000000000000
0000000000000000000000000000000000011111111100000000000000000000
0000000000000000000000000000000000011111111100000000000000000000
0000000000000000000000000000000000111111111110000000000000000000
0000000000000000000000000000000000111111111110000000000000000000
0000000000000000000000000000000000111111111111000000000000000000
0000000000000000000000000000000001111111111111000000000000000000
0000000000000000000000000000000001111111111111000000000000000000
0000000000000000000000000000000011111111111111000000000000000000
0000000000000000000000000000000011111111111111000000000000000000
