0000000000000000000000000000000000000000000000000000000000000000
0000000000000000000000000000000000000000000000000000000000000000
0000000000000000000000000000000000000000100000000000000000000000
0000000000000000000000000000000000111111110000000000000000000000
0000000000000000000000000000000001111111111100000000000000000000
0000000000000000000000000000000111111111111100000000000000000000
0000000000000000000000000000000001111111111000000000000000000000
0000000000000000000000000000000000111111111000000000000000000000
0000000000000000000000000000000000111111111100000000000000000000
0000000000000000011111100000000111111111111111100000000000000000
0000000000000000001111111111111111111111111111110000000000000000
0000000000000000011111111111100111111111111111100000000000000000
0000000000000000000000000000000111111111111111100000000000000000
0000000000000000000000000000000010011111111111100000000000000000
0000000000000000000000000000000100011111111100000000000000000000
0000000000000000000000000000000000011111111100000000000000000000
0000000000000000000000000000000000011111111110000000000000000000
0000000000000000000000000000000000111111111110000000000000000000
0000000000000000000000000000000000111111111110000000000000000000
0000000000000000000000000000000000111111111111000000000000000000
0000000000000000000000000000000001111111111111000000000000000000
0000000000000000000000000000000001111111111111000000000000000000
0000000000000000000000000000000011111111111111000000000000000000
0000000000000000000000000000000011111111111111000000000000000000
