0000000000000000000000000000000000000000000000000000000000000000
0000000000000000000000000000000000000000000000000000000000000000
0000000000000000000000000000000000011111110000000000000000000000
0000000000000000000000000000000001111111111000000000000000000000
0000000000000000000000000000000111111111111100000000000000000000
0000000000000000000000000000000111111111111100000000000000000000
0000000000000000000000000000000001111111111000000000000000000000
0000000000000000000000000000000001111111111100000000000000000000
0000000000000000000000000000000001111111111100000000000000000000
0000000000000000000000000000001011111111111111100000000000000000
0000000000000001111111111111111111111111111111110000000000000000
0000000000000011111111111111001111111111111111000000000000000000
0000000000000011000000000000001111111111111111000000000000000000
0000000000000000000000000000000101111111111111100000000000000000
0000000000000000000000000000000000111111111100000000000000000000
0000000000000000000000000000001001111111111000000000000000000000
0000000000000000000000000000000001111111111100000000000000000000
0000000000000000000000000000000001111111111100000000000000000000
0000000000000000000000000000000001111111111110000000000000000000
0000000000000000000000000000000001111111111110000000000000000000
0000000000000000000000000000000011111111111110000000000000000000
0000000000000000000000000000000011111111111110000000000000000000
0000000000000000000000000000000111111111111110000000000000000000
0000000000000000000000000000000111111111111110000000000000000000
