0000000000000000000000000000000000000000000000000000000000000000
0000000000000000000000000000000000000000000000000000000000000000
0000000000000000000000000000000000000110000000000000000000000000
0000000000000000000000000000000000111111111100000000000000000000
0000000000000000000000000000000001111111111110000000000000000000
0000000000000000000000000000000001111111111111000000000000000000
0000000000000000000000000000000111111111111111000000000000000000
0000000000000000000000000000000001111111111111100000000000000000
0000000000000000000000000000000000111111111111100000000000000000
0000000000000000000000000000000000110011111111100000000000000000
0000000000000000000000000000000000010011111111100000000000000000
0000000000000000000000000000000000111111111111110000000000000000
0000000000000000000000000000000011111111111111110000000000000000
0000000000000000000000000000011111111111111111110000000000000000
0000000000000000000000000011111111111111111111111000000000000000
0000000000000000000000000001111111111111111111111100000000000000
0000000000000000000000000000000001111111111111111100000000000000
0000000000000000000000000000000001111111111111111110000000000000
0000000000000000000000000000000111111111111111111110000000000000
0000000000000000000000000000000011111111111111111110000000000000
0000000000000000000000000000000011111111111111111110000000000000
0000000000000000000000000000000011111111111101111110000000000000
0000000000000000000000000000000011111111111100010000000000000000
0000000000000000000000000000000011111111111100000000000000000000
