0000000000000000000000000000000000000000000000000000000000000000
0000000000000000000000000000000000000000000000000000000000000000
0000000000000000000000000000000000000000000000000000000000000000
0000000000000000000000000000000000010000000000000000000000000000
0000000000000000000000000000000000111111111100000000000000000000
0000000000000000000000000000000011111111111111000000000000000000
0000000000000000000000000000000011111111111111000000000000000000
0000000000000000000000000000000011111111111111000000000000000000
0000000000000000000000000000000001111111111111100000000000000000
0000000000000000000000000000000000111111111111100000000000000000
0000000000000000000000000000000000011111111111100000000000000000
0000000000000000000000000000000000011111111111100000000000000000
0000000000000000000000000000000000011111111111100000000000000000
0000000000000000000000000000000000111111111111110000000000000000
0000000000000000000000000000000011111111111111111000000000000000
0000000000000000000000000000001111111111111111111100000000000000
0000000000000000000000000001111111111111111111111100000000000000
0000000000000000000000000111111101111111111111111110000000000000
0000000000000000000000111111110000111111111111111111000000000000
0000000000000000000001111111100000111111111111111111000000000000
0000000000000000000001001111000001111111111111111111000000000000
0000000000000000000000000110000001111111111111111111000000000000
0000000000000000000000000000000001111111111111111110000000000000
0000000000000000000000000000000001111111111111101110000000000000
