0000000000000000000000000000000000000000000000000000000000000000
0000000000000000000000000000000000000000000000000000000000000000
0000000000000000000000000000000000001000000000000000000000000000
0000000000000000000000000000000000001111111110000000000000000000
0000000000000000000000000000000000111111111111100000000000000000
0000000000000000000000000000000000111111111111110000000000000000
0000000000000000000000000000000001111111111111110000000000000000
0000000000000000000000000000000000111111111111110000000000000000
0000000000000000000000000000000000001111111111110000000000000000
0000000000000000000000000000000000001111111111100000000000000000
0000000000000000000000000000000000001111111111100000000000000000
0000000000000000000000000000000000001111111111100000000000000000
0000000000000000000000000000001111111111111111100000000000000000
0000000000000000000000111111111111111111111111110000000000000000
0000000000000000001111111111111001111111111111110000000000000000
0000000000000000010011111110000001111111111111110000000000000000
0000000000000000000011110000000011111111111111110000000000000000
0000000000000000000010000000000000011111111111110000000000000000
0000000000000000000000000000000010011111111111110000000000000000
0000000000000000000000000000000001111111111111110000000000000000
0000000000000000000000000000000000111111111111110000000000000000
0000000000000000000000000000000000111111111111110000000000000000
0000000000000000000000000000000000111111111111100000000000000000
0000000000000000000000000000000000111111111111100000000000000000
