0000000000000000000000000000000000000000000000000000000000000000
0000000000000000000000000000000000000000000000000000000000000000
0000000000000000000000000000000000000100000000000000000000000000
0000000000000000000000000000000000001111111111000000000000000000
0000000000000000000000000000000000011111111111110000000000000000
0000000000000000000000000000000000111111111111111000000000000000
0000000000000000000000000000000011111111111111110000000000000000
0000000000000000000000000000000000011111111111110000000000000000
0000000000000000000000000000000000001111111111110000000000000000
0000000000000000000000000000000000000111111111110000000000000000
0000000000000000000000000000000000000111111111110000000000000000
0000000000000000000000000000000000111111111111100000000000000000
0000000000000000000011111111111111111111111111100000000000000000
0000000000000000001111111111111110111111111111100000000000000000
0000000000000000100011111100000000011111111111110000000000000000
0000000000000000000011100000000000111111111111110000000000000000
0000000000000000000010000000000001111111111111110000000000000000
0000000000000000000000000000000001011111111111110000000000000000
0000000000000000000000000000000011011111111111110000000000000000
0000000000000000000000000000000000111111111111100000000000000000
0000000000000000000000000000000000111111111111100000000000000000
0000000000000000000000000000000000111111111111000000000000000000
0000000000000000000000000000000000111111111111000000000000000000
0000000000000000000000000000000000111111111111100000000000000000
